TXNAME	GENEID
jgi|Aspni_NRRL3_1|1|NRRL3_00001	NRRL3_00001
jgi|Aspni_NRRL3_1|2|NRRL3_00002	NRRL3_00002
jgi|Aspni_NRRL3_1|3|NRRL3_00003	NRRL3_00003
jgi|Aspni_NRRL3_1|4|NRRL3_00004	NRRL3_00004
jgi|Aspni_NRRL3_1|5|NRRL3_00005	NRRL3_00005
jgi|Aspni_NRRL3_1|6|NRRL3_00006	NRRL3_00006
jgi|Aspni_NRRL3_1|7|NRRL3_00007	NRRL3_00007
jgi|Aspni_NRRL3_1|8|NRRL3_00008	NRRL3_00008
jgi|Aspni_NRRL3_1|9|NRRL3_00009	NRRL3_00009
jgi|Aspni_NRRL3_1|10|NRRL3_00010	NRRL3_00010
jgi|Aspni_NRRL3_1|11|NRRL3_00011	NRRL3_00011
jgi|Aspni_NRRL3_1|12|NRRL3_00012	NRRL3_00012
jgi|Aspni_NRRL3_1|13|NRRL3_00013	NRRL3_00013
jgi|Aspni_NRRL3_1|14|NRRL3_00014	NRRL3_00014
jgi|Aspni_NRRL3_1|15|NRRL3_00015	NRRL3_00015
jgi|Aspni_NRRL3_1|16|NRRL3_00016	NRRL3_00016
jgi|Aspni_NRRL3_1|17|NRRL3_00017	NRRL3_00017
jgi|Aspni_NRRL3_1|18|NRRL3_00018	NRRL3_00018
jgi|Aspni_NRRL3_1|19|NRRL3_00019	NRRL3_00019
jgi|Aspni_NRRL3_1|20|NRRL3_00020	NRRL3_00020
jgi|Aspni_NRRL3_1|21|NRRL3_00021	NRRL3_00021
jgi|Aspni_NRRL3_1|22|NRRL3_00022	NRRL3_00022
jgi|Aspni_NRRL3_1|23|NRRL3_00023	NRRL3_00023
jgi|Aspni_NRRL3_1|24|NRRL3_00024	NRRL3_00024
jgi|Aspni_NRRL3_1|25|NRRL3_00025	NRRL3_00025
jgi|Aspni_NRRL3_1|26|NRRL3_00026	NRRL3_00026
jgi|Aspni_NRRL3_1|27|NRRL3_00027	NRRL3_00027
jgi|Aspni_NRRL3_1|28|NRRL3_00028	NRRL3_00028
jgi|Aspni_NRRL3_1|29|NRRL3_00029	NRRL3_00029
jgi|Aspni_NRRL3_1|30|NRRL3_00030	NRRL3_00030
jgi|Aspni_NRRL3_1|31|NRRL3_00031	NRRL3_00031
jgi|Aspni_NRRL3_1|32|NRRL3_00032	NRRL3_00032
jgi|Aspni_NRRL3_1|33|NRRL3_00033	NRRL3_00033
jgi|Aspni_NRRL3_1|34|NRRL3_00034	NRRL3_00034
jgi|Aspni_NRRL3_1|35|NRRL3_00035	NRRL3_00035
jgi|Aspni_NRRL3_1|36|NRRL3_00036	NRRL3_00036
jgi|Aspni_NRRL3_1|37|NRRL3_00037	NRRL3_00037
jgi|Aspni_NRRL3_1|38|NRRL3_00038	NRRL3_00038
jgi|Aspni_NRRL3_1|39|NRRL3_00039	NRRL3_00039
jgi|Aspni_NRRL3_1|40|NRRL3_00040	NRRL3_00040
jgi|Aspni_NRRL3_1|41|NRRL3_00041	NRRL3_00041
jgi|Aspni_NRRL3_1|42|NRRL3_00042	NRRL3_00042
jgi|Aspni_NRRL3_1|43|NRRL3_00043	NRRL3_00043
jgi|Aspni_NRRL3_1|44|NRRL3_00044	NRRL3_00044
jgi|Aspni_NRRL3_1|45|NRRL3_00045	NRRL3_00045
jgi|Aspni_NRRL3_1|46|NRRL3_00046	NRRL3_00046
jgi|Aspni_NRRL3_1|47|NRRL3_00047	NRRL3_00047
jgi|Aspni_NRRL3_1|48|NRRL3_00048	NRRL3_00048
jgi|Aspni_NRRL3_1|49|NRRL3_00049	NRRL3_00049
jgi|Aspni_NRRL3_1|50|NRRL3_00050	NRRL3_00050
jgi|Aspni_NRRL3_1|51|NRRL3_00051	NRRL3_00051
jgi|Aspni_NRRL3_1|52|NRRL3_00052	NRRL3_00052
jgi|Aspni_NRRL3_1|53|NRRL3_00053	NRRL3_00053
jgi|Aspni_NRRL3_1|54|NRRL3_00054	NRRL3_00054
jgi|Aspni_NRRL3_1|55|NRRL3_00055	NRRL3_00055
jgi|Aspni_NRRL3_1|56|NRRL3_00056	NRRL3_00056
jgi|Aspni_NRRL3_1|57|NRRL3_00057	NRRL3_00057
jgi|Aspni_NRRL3_1|58|NRRL3_00058	NRRL3_00058
jgi|Aspni_NRRL3_1|59|NRRL3_00059	NRRL3_00059
jgi|Aspni_NRRL3_1|60|NRRL3_00060	NRRL3_00060
jgi|Aspni_NRRL3_1|61|NRRL3_00061	NRRL3_00061
jgi|Aspni_NRRL3_1|62|NRRL3_00062	NRRL3_00062
jgi|Aspni_NRRL3_1|63|NRRL3_00063	NRRL3_00063
jgi|Aspni_NRRL3_1|64|NRRL3_00064	NRRL3_00064
jgi|Aspni_NRRL3_1|65|NRRL3_00065	NRRL3_00065
jgi|Aspni_NRRL3_1|66|NRRL3_00066	NRRL3_00066
jgi|Aspni_NRRL3_1|67|NRRL3_00067	NRRL3_00067
jgi|Aspni_NRRL3_1|68|NRRL3_00068	NRRL3_00068
jgi|Aspni_NRRL3_1|69|NRRL3_00069	NRRL3_00069
jgi|Aspni_NRRL3_1|70|NRRL3_00070	NRRL3_00070
jgi|Aspni_NRRL3_1|71|NRRL3_00071	NRRL3_00071
jgi|Aspni_NRRL3_1|72|NRRL3_00072	NRRL3_00072
jgi|Aspni_NRRL3_1|73|NRRL3_00073	NRRL3_00073
jgi|Aspni_NRRL3_1|74|NRRL3_00074	NRRL3_00074
jgi|Aspni_NRRL3_1|75|NRRL3_00075	NRRL3_00075
jgi|Aspni_NRRL3_1|76|NRRL3_00076	NRRL3_00076
jgi|Aspni_NRRL3_1|77|NRRL3_00077	NRRL3_00077
jgi|Aspni_NRRL3_1|78|NRRL3_00078	NRRL3_00078
jgi|Aspni_NRRL3_1|79|NRRL3_00079	NRRL3_00079
jgi|Aspni_NRRL3_1|80|NRRL3_00080	NRRL3_00080
jgi|Aspni_NRRL3_1|81|NRRL3_00081	NRRL3_00081
jgi|Aspni_NRRL3_1|82|NRRL3_00082	NRRL3_00082
jgi|Aspni_NRRL3_1|83|NRRL3_00083	NRRL3_00083
jgi|Aspni_NRRL3_1|84|NRRL3_00084	NRRL3_00084
jgi|Aspni_NRRL3_1|85|NRRL3_00085	NRRL3_00085
jgi|Aspni_NRRL3_1|86|NRRL3_00086	NRRL3_00086
jgi|Aspni_NRRL3_1|87|NRRL3_00087	NRRL3_00087
jgi|Aspni_NRRL3_1|88|NRRL3_00088	NRRL3_00088
jgi|Aspni_NRRL3_1|89|NRRL3_00089	NRRL3_00089
jgi|Aspni_NRRL3_1|90|NRRL3_00090	NRRL3_00090
jgi|Aspni_NRRL3_1|91|NRRL3_00091	NRRL3_00091
jgi|Aspni_NRRL3_1|92|NRRL3_00092	NRRL3_00092
jgi|Aspni_NRRL3_1|93|NRRL3_00093	NRRL3_00093
jgi|Aspni_NRRL3_1|94|NRRL3_00094	NRRL3_00094
jgi|Aspni_NRRL3_1|95|NRRL3_00095	NRRL3_00095
jgi|Aspni_NRRL3_1|96|NRRL3_00096	NRRL3_00096
jgi|Aspni_NRRL3_1|97|NRRL3_00097	NRRL3_00097
jgi|Aspni_NRRL3_1|98|NRRL3_00098	NRRL3_00098
jgi|Aspni_NRRL3_1|99|NRRL3_00099	NRRL3_00099
jgi|Aspni_NRRL3_1|100|NRRL3_00100	NRRL3_00100
jgi|Aspni_NRRL3_1|101|NRRL3_00101	NRRL3_00101
jgi|Aspni_NRRL3_1|102|NRRL3_00102	NRRL3_00102
jgi|Aspni_NRRL3_1|103|NRRL3_00103	NRRL3_00103
jgi|Aspni_NRRL3_1|104|NRRL3_00104	NRRL3_00104
jgi|Aspni_NRRL3_1|105|NRRL3_00105	NRRL3_00105
jgi|Aspni_NRRL3_1|106|NRRL3_00106	NRRL3_00106
jgi|Aspni_NRRL3_1|107|NRRL3_00107	NRRL3_00107
jgi|Aspni_NRRL3_1|108|NRRL3_00108	NRRL3_00108
jgi|Aspni_NRRL3_1|109|NRRL3_00109	NRRL3_00109
jgi|Aspni_NRRL3_1|110|NRRL3_00110	NRRL3_00110
jgi|Aspni_NRRL3_1|111|NRRL3_00111	NRRL3_00111
jgi|Aspni_NRRL3_1|112|NRRL3_00112	NRRL3_00112
jgi|Aspni_NRRL3_1|113|NRRL3_00113	NRRL3_00113
jgi|Aspni_NRRL3_1|114|NRRL3_00114	NRRL3_00114
jgi|Aspni_NRRL3_1|115|NRRL3_00115	NRRL3_00115
jgi|Aspni_NRRL3_1|116|NRRL3_00116	NRRL3_00116
jgi|Aspni_NRRL3_1|117|NRRL3_00117	NRRL3_00117
jgi|Aspni_NRRL3_1|118|NRRL3_00118	NRRL3_00118
jgi|Aspni_NRRL3_1|119|NRRL3_00119	NRRL3_00119
jgi|Aspni_NRRL3_1|120|NRRL3_00120	NRRL3_00120
jgi|Aspni_NRRL3_1|121|NRRL3_00121	NRRL3_00121
jgi|Aspni_NRRL3_1|122|NRRL3_00122	NRRL3_00122
jgi|Aspni_NRRL3_1|123|NRRL3_00123	NRRL3_00123
jgi|Aspni_NRRL3_1|124|NRRL3_00124	NRRL3_00124
jgi|Aspni_NRRL3_1|125|NRRL3_00125	NRRL3_00125
jgi|Aspni_NRRL3_1|126|NRRL3_00126	NRRL3_00126
jgi|Aspni_NRRL3_1|127|NRRL3_00127	NRRL3_00127
jgi|Aspni_NRRL3_1|128|NRRL3_00128	NRRL3_00128
jgi|Aspni_NRRL3_1|129|NRRL3_00129	NRRL3_00129
jgi|Aspni_NRRL3_1|130|NRRL3_00130	NRRL3_00130
jgi|Aspni_NRRL3_1|131|NRRL3_00131	NRRL3_00131
jgi|Aspni_NRRL3_1|132|NRRL3_00132	NRRL3_00132
jgi|Aspni_NRRL3_1|133|NRRL3_00133	NRRL3_00133
jgi|Aspni_NRRL3_1|134|NRRL3_00134	NRRL3_00134
jgi|Aspni_NRRL3_1|135|NRRL3_00135	NRRL3_00135
jgi|Aspni_NRRL3_1|136|NRRL3_00136	NRRL3_00136
jgi|Aspni_NRRL3_1|137|NRRL3_00137	NRRL3_00137
jgi|Aspni_NRRL3_1|138|NRRL3_00138	NRRL3_00138
jgi|Aspni_NRRL3_1|139|NRRL3_00139	NRRL3_00139
jgi|Aspni_NRRL3_1|140|NRRL3_00140	NRRL3_00140
jgi|Aspni_NRRL3_1|141|NRRL3_00141	NRRL3_00141
jgi|Aspni_NRRL3_1|142|NRRL3_00142	NRRL3_00142
jgi|Aspni_NRRL3_1|143|NRRL3_00143	NRRL3_00143
jgi|Aspni_NRRL3_1|144|NRRL3_00144	NRRL3_00144
jgi|Aspni_NRRL3_1|145|NRRL3_00145	NRRL3_00145
jgi|Aspni_NRRL3_1|146|NRRL3_00146	NRRL3_00146
jgi|Aspni_NRRL3_1|147|NRRL3_00147	NRRL3_00147
jgi|Aspni_NRRL3_1|148|NRRL3_00148	NRRL3_00148
jgi|Aspni_NRRL3_1|149|NRRL3_00149	NRRL3_00149
jgi|Aspni_NRRL3_1|150|NRRL3_00150	NRRL3_00150
jgi|Aspni_NRRL3_1|151|NRRL3_00151	NRRL3_00151
jgi|Aspni_NRRL3_1|152|NRRL3_00152	NRRL3_00152
jgi|Aspni_NRRL3_1|153|NRRL3_00153	NRRL3_00153
jgi|Aspni_NRRL3_1|154|NRRL3_00154	NRRL3_00154
jgi|Aspni_NRRL3_1|155|NRRL3_00155	NRRL3_00155
jgi|Aspni_NRRL3_1|156|NRRL3_00156	NRRL3_00156
jgi|Aspni_NRRL3_1|157|NRRL3_00157	NRRL3_00157
jgi|Aspni_NRRL3_1|158|NRRL3_00158	NRRL3_00158
jgi|Aspni_NRRL3_1|159|NRRL3_00159	NRRL3_00159
jgi|Aspni_NRRL3_1|160|NRRL3_00160	NRRL3_00160
jgi|Aspni_NRRL3_1|161|NRRL3_00161	NRRL3_00161
jgi|Aspni_NRRL3_1|162|NRRL3_00162	NRRL3_00162
jgi|Aspni_NRRL3_1|163|NRRL3_00163	NRRL3_00163
jgi|Aspni_NRRL3_1|164|NRRL3_00164	NRRL3_00164
jgi|Aspni_NRRL3_1|165|NRRL3_00165	NRRL3_00165
jgi|Aspni_NRRL3_1|166|NRRL3_00166	NRRL3_00166
jgi|Aspni_NRRL3_1|167|NRRL3_00167	NRRL3_00167
jgi|Aspni_NRRL3_1|168|NRRL3_00168	NRRL3_00168
jgi|Aspni_NRRL3_1|169|NRRL3_00169	NRRL3_00169
jgi|Aspni_NRRL3_1|170|NRRL3_00170	NRRL3_00170
jgi|Aspni_NRRL3_1|171|NRRL3_00171	NRRL3_00171
jgi|Aspni_NRRL3_1|172|NRRL3_00172	NRRL3_00172
jgi|Aspni_NRRL3_1|173|NRRL3_00173	NRRL3_00173
jgi|Aspni_NRRL3_1|174|NRRL3_00174	NRRL3_00174
jgi|Aspni_NRRL3_1|175|NRRL3_00175	NRRL3_00175
jgi|Aspni_NRRL3_1|176|NRRL3_00176	NRRL3_00176
jgi|Aspni_NRRL3_1|177|NRRL3_00177	NRRL3_00177
jgi|Aspni_NRRL3_1|178|NRRL3_00178	NRRL3_00178
jgi|Aspni_NRRL3_1|179|NRRL3_00179	NRRL3_00179
jgi|Aspni_NRRL3_1|180|NRRL3_00180	NRRL3_00180
jgi|Aspni_NRRL3_1|181|NRRL3_00181	NRRL3_00181
jgi|Aspni_NRRL3_1|182|NRRL3_00182	NRRL3_00182
jgi|Aspni_NRRL3_1|183|NRRL3_00183	NRRL3_00183
jgi|Aspni_NRRL3_1|184|NRRL3_00184	NRRL3_00184
jgi|Aspni_NRRL3_1|185|NRRL3_00185	NRRL3_00185
jgi|Aspni_NRRL3_1|186|NRRL3_00186	NRRL3_00186
jgi|Aspni_NRRL3_1|187|NRRL3_00187	NRRL3_00187
jgi|Aspni_NRRL3_1|188|NRRL3_00188	NRRL3_00188
jgi|Aspni_NRRL3_1|189|NRRL3_00189	NRRL3_00189
jgi|Aspni_NRRL3_1|190|NRRL3_00190	NRRL3_00190
jgi|Aspni_NRRL3_1|191|NRRL3_00191	NRRL3_00191
jgi|Aspni_NRRL3_1|192|NRRL3_00192	NRRL3_00192
jgi|Aspni_NRRL3_1|193|NRRL3_00193	NRRL3_00193
jgi|Aspni_NRRL3_1|194|NRRL3_00194	NRRL3_00194
jgi|Aspni_NRRL3_1|195|NRRL3_00195	NRRL3_00195
jgi|Aspni_NRRL3_1|196|NRRL3_00196	NRRL3_00196
jgi|Aspni_NRRL3_1|197|NRRL3_00197	NRRL3_00197
jgi|Aspni_NRRL3_1|198|NRRL3_00198	NRRL3_00198
jgi|Aspni_NRRL3_1|199|NRRL3_00199	NRRL3_00199
jgi|Aspni_NRRL3_1|200|NRRL3_00200	NRRL3_00200
jgi|Aspni_NRRL3_1|201|NRRL3_00201	NRRL3_00201
jgi|Aspni_NRRL3_1|202|NRRL3_00202	NRRL3_00202
jgi|Aspni_NRRL3_1|203|NRRL3_00203	NRRL3_00203
jgi|Aspni_NRRL3_1|204|NRRL3_00204	NRRL3_00204
jgi|Aspni_NRRL3_1|205|NRRL3_00205	NRRL3_00205
jgi|Aspni_NRRL3_1|206|NRRL3_00206	NRRL3_00206
jgi|Aspni_NRRL3_1|207|NRRL3_00207	NRRL3_00207
jgi|Aspni_NRRL3_1|208|NRRL3_00208	NRRL3_00208
jgi|Aspni_NRRL3_1|209|NRRL3_00209	NRRL3_00209
jgi|Aspni_NRRL3_1|210|NRRL3_00210	NRRL3_00210
jgi|Aspni_NRRL3_1|211|NRRL3_00211	NRRL3_00211
jgi|Aspni_NRRL3_1|212|NRRL3_00212	NRRL3_00212
jgi|Aspni_NRRL3_1|213|NRRL3_00213	NRRL3_00213
jgi|Aspni_NRRL3_1|214|NRRL3_00214	NRRL3_00214
jgi|Aspni_NRRL3_1|215|NRRL3_00215	NRRL3_00215
jgi|Aspni_NRRL3_1|216|NRRL3_00216	NRRL3_00216
jgi|Aspni_NRRL3_1|217|NRRL3_00217	NRRL3_00217
jgi|Aspni_NRRL3_1|218|NRRL3_00218	NRRL3_00218
jgi|Aspni_NRRL3_1|219|NRRL3_00219	NRRL3_00219
jgi|Aspni_NRRL3_1|220|NRRL3_00220	NRRL3_00220
jgi|Aspni_NRRL3_1|221|NRRL3_00221	NRRL3_00221
jgi|Aspni_NRRL3_1|222|NRRL3_00222	NRRL3_00222
jgi|Aspni_NRRL3_1|223|NRRL3_00223	NRRL3_00223
jgi|Aspni_NRRL3_1|224|NRRL3_00224	NRRL3_00224
jgi|Aspni_NRRL3_1|225|NRRL3_00225	NRRL3_00225
jgi|Aspni_NRRL3_1|226|NRRL3_00226	NRRL3_00226
jgi|Aspni_NRRL3_1|227|NRRL3_00227	NRRL3_00227
jgi|Aspni_NRRL3_1|228|NRRL3_00228	NRRL3_00228
jgi|Aspni_NRRL3_1|229|NRRL3_00229	NRRL3_00229
jgi|Aspni_NRRL3_1|230|NRRL3_00230	NRRL3_00230
jgi|Aspni_NRRL3_1|231|NRRL3_00231	NRRL3_00231
jgi|Aspni_NRRL3_1|232|NRRL3_00232	NRRL3_00232
jgi|Aspni_NRRL3_1|233|NRRL3_00233	NRRL3_00233
jgi|Aspni_NRRL3_1|234|NRRL3_00234	NRRL3_00234
jgi|Aspni_NRRL3_1|235|NRRL3_00235	NRRL3_00235
jgi|Aspni_NRRL3_1|236|NRRL3_00236	NRRL3_00236
jgi|Aspni_NRRL3_1|237|NRRL3_00237	NRRL3_00237
jgi|Aspni_NRRL3_1|238|NRRL3_00238	NRRL3_00238
jgi|Aspni_NRRL3_1|239|NRRL3_00239	NRRL3_00239
jgi|Aspni_NRRL3_1|240|NRRL3_00240	NRRL3_00240
jgi|Aspni_NRRL3_1|241|NRRL3_00241	NRRL3_00241
jgi|Aspni_NRRL3_1|242|NRRL3_00242	NRRL3_00242
jgi|Aspni_NRRL3_1|243|NRRL3_00243	NRRL3_00243
jgi|Aspni_NRRL3_1|244|NRRL3_00244	NRRL3_00244
jgi|Aspni_NRRL3_1|245|NRRL3_00245	NRRL3_00245
jgi|Aspni_NRRL3_1|246|NRRL3_00246	NRRL3_00246
jgi|Aspni_NRRL3_1|247|NRRL3_00247	NRRL3_00247
jgi|Aspni_NRRL3_1|248|NRRL3_00248	NRRL3_00248
jgi|Aspni_NRRL3_1|249|NRRL3_00249	NRRL3_00249
jgi|Aspni_NRRL3_1|250|NRRL3_00250	NRRL3_00250
jgi|Aspni_NRRL3_1|251|NRRL3_00251	NRRL3_00251
jgi|Aspni_NRRL3_1|252|NRRL3_00252	NRRL3_00252
jgi|Aspni_NRRL3_1|253|NRRL3_00253	NRRL3_00253
jgi|Aspni_NRRL3_1|254|NRRL3_00254	NRRL3_00254
jgi|Aspni_NRRL3_1|255|NRRL3_00255	NRRL3_00255
jgi|Aspni_NRRL3_1|256|NRRL3_00256	NRRL3_00256
jgi|Aspni_NRRL3_1|257|NRRL3_00257	NRRL3_00257
jgi|Aspni_NRRL3_1|258|NRRL3_00258	NRRL3_00258
jgi|Aspni_NRRL3_1|259|NRRL3_00259	NRRL3_00259
jgi|Aspni_NRRL3_1|260|NRRL3_00260	NRRL3_00260
jgi|Aspni_NRRL3_1|261|NRRL3_00261	NRRL3_00261
jgi|Aspni_NRRL3_1|262|NRRL3_00262	NRRL3_00262
jgi|Aspni_NRRL3_1|263|NRRL3_00263	NRRL3_00263
jgi|Aspni_NRRL3_1|264|NRRL3_00264	NRRL3_00264
jgi|Aspni_NRRL3_1|265|NRRL3_00265	NRRL3_00265
jgi|Aspni_NRRL3_1|266|NRRL3_00266	NRRL3_00266
jgi|Aspni_NRRL3_1|267|NRRL3_00267	NRRL3_00267
jgi|Aspni_NRRL3_1|268|NRRL3_00268	NRRL3_00268
jgi|Aspni_NRRL3_1|269|NRRL3_00269	NRRL3_00269
jgi|Aspni_NRRL3_1|270|NRRL3_00270	NRRL3_00270
jgi|Aspni_NRRL3_1|271|NRRL3_00271	NRRL3_00271
jgi|Aspni_NRRL3_1|272|NRRL3_00272	NRRL3_00272
jgi|Aspni_NRRL3_1|273|NRRL3_00273	NRRL3_00273
jgi|Aspni_NRRL3_1|274|NRRL3_00274	NRRL3_00274
jgi|Aspni_NRRL3_1|275|NRRL3_00275	NRRL3_00275
jgi|Aspni_NRRL3_1|276|NRRL3_00276	NRRL3_00276
jgi|Aspni_NRRL3_1|277|NRRL3_00277	NRRL3_00277
jgi|Aspni_NRRL3_1|278|NRRL3_00278	NRRL3_00278
jgi|Aspni_NRRL3_1|279|NRRL3_00279	NRRL3_00279
jgi|Aspni_NRRL3_1|280|NRRL3_00280	NRRL3_00280
jgi|Aspni_NRRL3_1|281|NRRL3_00281	NRRL3_00281
jgi|Aspni_NRRL3_1|282|NRRL3_00282	NRRL3_00282
jgi|Aspni_NRRL3_1|283|NRRL3_00283	NRRL3_00283
jgi|Aspni_NRRL3_1|284|NRRL3_00284	NRRL3_00284
jgi|Aspni_NRRL3_1|285|NRRL3_00285	NRRL3_00285
jgi|Aspni_NRRL3_1|286|NRRL3_00286	NRRL3_00286
jgi|Aspni_NRRL3_1|287|NRRL3_00287	NRRL3_00287
jgi|Aspni_NRRL3_1|288|NRRL3_00288	NRRL3_00288
jgi|Aspni_NRRL3_1|289|NRRL3_00289	NRRL3_00289
jgi|Aspni_NRRL3_1|290|NRRL3_00290	NRRL3_00290
jgi|Aspni_NRRL3_1|291|NRRL3_00291	NRRL3_00291
jgi|Aspni_NRRL3_1|292|NRRL3_00292	NRRL3_00292
jgi|Aspni_NRRL3_1|293|NRRL3_00293	NRRL3_00293
jgi|Aspni_NRRL3_1|294|NRRL3_00294	NRRL3_00294
jgi|Aspni_NRRL3_1|295|NRRL3_00295	NRRL3_00295
jgi|Aspni_NRRL3_1|296|NRRL3_00296	NRRL3_00296
jgi|Aspni_NRRL3_1|297|NRRL3_00297	NRRL3_00297
jgi|Aspni_NRRL3_1|298|NRRL3_00298	NRRL3_00298
jgi|Aspni_NRRL3_1|299|NRRL3_00299	NRRL3_00299
jgi|Aspni_NRRL3_1|300|NRRL3_00300	NRRL3_00300
jgi|Aspni_NRRL3_1|301|NRRL3_00301	NRRL3_00301
jgi|Aspni_NRRL3_1|302|NRRL3_00302	NRRL3_00302
jgi|Aspni_NRRL3_1|303|NRRL3_00303	NRRL3_00303
jgi|Aspni_NRRL3_1|304|NRRL3_00304	NRRL3_00304
jgi|Aspni_NRRL3_1|305|NRRL3_00305	NRRL3_00305
jgi|Aspni_NRRL3_1|306|NRRL3_00306	NRRL3_00306
jgi|Aspni_NRRL3_1|307|NRRL3_00307	NRRL3_00307
jgi|Aspni_NRRL3_1|308|NRRL3_00308	NRRL3_00308
jgi|Aspni_NRRL3_1|309|NRRL3_00309	NRRL3_00309
jgi|Aspni_NRRL3_1|310|NRRL3_00310	NRRL3_00310
jgi|Aspni_NRRL3_1|311|NRRL3_00311	NRRL3_00311
jgi|Aspni_NRRL3_1|312|NRRL3_00312	NRRL3_00312
jgi|Aspni_NRRL3_1|313|NRRL3_00313	NRRL3_00313
jgi|Aspni_NRRL3_1|314|NRRL3_00314	NRRL3_00314
jgi|Aspni_NRRL3_1|315|NRRL3_00315	NRRL3_00315
jgi|Aspni_NRRL3_1|316|NRRL3_00316	NRRL3_00316
jgi|Aspni_NRRL3_1|317|NRRL3_00317	NRRL3_00317
jgi|Aspni_NRRL3_1|318|NRRL3_00318	NRRL3_00318
jgi|Aspni_NRRL3_1|319|NRRL3_00319	NRRL3_00319
jgi|Aspni_NRRL3_1|320|NRRL3_00320	NRRL3_00320
jgi|Aspni_NRRL3_1|321|NRRL3_00321	NRRL3_00321
jgi|Aspni_NRRL3_1|322|NRRL3_00322	NRRL3_00322
jgi|Aspni_NRRL3_1|323|NRRL3_00323	NRRL3_00323
jgi|Aspni_NRRL3_1|324|NRRL3_00324	NRRL3_00324
jgi|Aspni_NRRL3_1|325|NRRL3_00325	NRRL3_00325
jgi|Aspni_NRRL3_1|326|NRRL3_00326	NRRL3_00326
jgi|Aspni_NRRL3_1|327|NRRL3_00327	NRRL3_00327
jgi|Aspni_NRRL3_1|328|NRRL3_00328	NRRL3_00328
jgi|Aspni_NRRL3_1|329|NRRL3_00329	NRRL3_00329
jgi|Aspni_NRRL3_1|330|NRRL3_00330	NRRL3_00330
jgi|Aspni_NRRL3_1|331|NRRL3_00331	NRRL3_00331
jgi|Aspni_NRRL3_1|332|NRRL3_00332	NRRL3_00332
jgi|Aspni_NRRL3_1|333|NRRL3_00333	NRRL3_00333
jgi|Aspni_NRRL3_1|334|NRRL3_00334	NRRL3_00334
jgi|Aspni_NRRL3_1|335|NRRL3_00335	NRRL3_00335
jgi|Aspni_NRRL3_1|336|NRRL3_00336	NRRL3_00336
jgi|Aspni_NRRL3_1|337|NRRL3_00337	NRRL3_00337
jgi|Aspni_NRRL3_1|338|NRRL3_00338	NRRL3_00338
jgi|Aspni_NRRL3_1|339|NRRL3_00339	NRRL3_00339
jgi|Aspni_NRRL3_1|340|NRRL3_00340	NRRL3_00340
jgi|Aspni_NRRL3_1|341|NRRL3_00341	NRRL3_00341
jgi|Aspni_NRRL3_1|342|NRRL3_00342	NRRL3_00342
jgi|Aspni_NRRL3_1|343|NRRL3_00343	NRRL3_00343
jgi|Aspni_NRRL3_1|344|NRRL3_00344	NRRL3_00344
jgi|Aspni_NRRL3_1|345|NRRL3_00345	NRRL3_00345
jgi|Aspni_NRRL3_1|346|NRRL3_00346	NRRL3_00346
jgi|Aspni_NRRL3_1|347|NRRL3_00347	NRRL3_00347
jgi|Aspni_NRRL3_1|348|NRRL3_00348	NRRL3_00348
jgi|Aspni_NRRL3_1|349|NRRL3_00349	NRRL3_00349
jgi|Aspni_NRRL3_1|350|NRRL3_00350	NRRL3_00350
jgi|Aspni_NRRL3_1|351|NRRL3_00351	NRRL3_00351
jgi|Aspni_NRRL3_1|352|NRRL3_00352	NRRL3_00352
jgi|Aspni_NRRL3_1|353|NRRL3_00353	NRRL3_00353
jgi|Aspni_NRRL3_1|354|NRRL3_00354	NRRL3_00354
jgi|Aspni_NRRL3_1|355|NRRL3_00355	NRRL3_00355
jgi|Aspni_NRRL3_1|356|NRRL3_00356	NRRL3_00356
jgi|Aspni_NRRL3_1|357|NRRL3_00357	NRRL3_00357
jgi|Aspni_NRRL3_1|358|NRRL3_00358	NRRL3_00358
jgi|Aspni_NRRL3_1|359|NRRL3_00359	NRRL3_00359
jgi|Aspni_NRRL3_1|360|NRRL3_00360	NRRL3_00360
jgi|Aspni_NRRL3_1|361|NRRL3_00361	NRRL3_00361
jgi|Aspni_NRRL3_1|362|NRRL3_00362	NRRL3_00362
jgi|Aspni_NRRL3_1|363|NRRL3_00363	NRRL3_00363
jgi|Aspni_NRRL3_1|364|NRRL3_00364	NRRL3_00364
jgi|Aspni_NRRL3_1|365|NRRL3_00365	NRRL3_00365
jgi|Aspni_NRRL3_1|366|NRRL3_00366	NRRL3_00366
jgi|Aspni_NRRL3_1|367|NRRL3_00367	NRRL3_00367
jgi|Aspni_NRRL3_1|368|NRRL3_00368	NRRL3_00368
jgi|Aspni_NRRL3_1|369|NRRL3_00369	NRRL3_00369
jgi|Aspni_NRRL3_1|370|NRRL3_00370	NRRL3_00370
jgi|Aspni_NRRL3_1|371|NRRL3_00371	NRRL3_00371
jgi|Aspni_NRRL3_1|372|NRRL3_00372	NRRL3_00372
jgi|Aspni_NRRL3_1|373|NRRL3_00373	NRRL3_00373
jgi|Aspni_NRRL3_1|374|NRRL3_00374	NRRL3_00374
jgi|Aspni_NRRL3_1|375|NRRL3_00375	NRRL3_00375
jgi|Aspni_NRRL3_1|376|NRRL3_00376	NRRL3_00376
jgi|Aspni_NRRL3_1|377|NRRL3_00377	NRRL3_00377
jgi|Aspni_NRRL3_1|378|NRRL3_00378	NRRL3_00378
jgi|Aspni_NRRL3_1|379|NRRL3_00379	NRRL3_00379
jgi|Aspni_NRRL3_1|380|NRRL3_00380	NRRL3_00380
jgi|Aspni_NRRL3_1|381|NRRL3_00381	NRRL3_00381
jgi|Aspni_NRRL3_1|382|NRRL3_00382	NRRL3_00382
jgi|Aspni_NRRL3_1|383|NRRL3_00383	NRRL3_00383
jgi|Aspni_NRRL3_1|384|NRRL3_00384	NRRL3_00384
jgi|Aspni_NRRL3_1|385|NRRL3_00385	NRRL3_00385
jgi|Aspni_NRRL3_1|386|NRRL3_00386	NRRL3_00386
jgi|Aspni_NRRL3_1|387|NRRL3_00387	NRRL3_00387
jgi|Aspni_NRRL3_1|388|NRRL3_00388	NRRL3_00388
jgi|Aspni_NRRL3_1|389|NRRL3_00389	NRRL3_00389
jgi|Aspni_NRRL3_1|390|NRRL3_00390	NRRL3_00390
jgi|Aspni_NRRL3_1|391|NRRL3_00391	NRRL3_00391
jgi|Aspni_NRRL3_1|392|NRRL3_00392	NRRL3_00392
jgi|Aspni_NRRL3_1|393|NRRL3_00393	NRRL3_00393
jgi|Aspni_NRRL3_1|394|NRRL3_00394	NRRL3_00394
jgi|Aspni_NRRL3_1|395|NRRL3_00395	NRRL3_00395
jgi|Aspni_NRRL3_1|396|NRRL3_00396	NRRL3_00396
jgi|Aspni_NRRL3_1|397|NRRL3_00397	NRRL3_00397
jgi|Aspni_NRRL3_1|398|NRRL3_00398	NRRL3_00398
jgi|Aspni_NRRL3_1|399|NRRL3_00399	NRRL3_00399
jgi|Aspni_NRRL3_1|400|NRRL3_00400	NRRL3_00400
jgi|Aspni_NRRL3_1|401|NRRL3_00401	NRRL3_00401
jgi|Aspni_NRRL3_1|402|NRRL3_00402	NRRL3_00402
jgi|Aspni_NRRL3_1|403|NRRL3_00403	NRRL3_00403
jgi|Aspni_NRRL3_1|404|NRRL3_00404	NRRL3_00404
jgi|Aspni_NRRL3_1|405|NRRL3_00405	NRRL3_00405
jgi|Aspni_NRRL3_1|406|NRRL3_00406	NRRL3_00406
jgi|Aspni_NRRL3_1|407|NRRL3_00407	NRRL3_00407
jgi|Aspni_NRRL3_1|408|NRRL3_00408	NRRL3_00408
jgi|Aspni_NRRL3_1|409|NRRL3_00409	NRRL3_00409
jgi|Aspni_NRRL3_1|410|NRRL3_00410	NRRL3_00410
jgi|Aspni_NRRL3_1|411|NRRL3_00411	NRRL3_00411
jgi|Aspni_NRRL3_1|412|NRRL3_00412	NRRL3_00412
jgi|Aspni_NRRL3_1|413|NRRL3_00413	NRRL3_00413
jgi|Aspni_NRRL3_1|414|NRRL3_00414	NRRL3_00414
jgi|Aspni_NRRL3_1|415|NRRL3_00415	NRRL3_00415
jgi|Aspni_NRRL3_1|416|NRRL3_00416	NRRL3_00416
jgi|Aspni_NRRL3_1|417|NRRL3_00417	NRRL3_00417
jgi|Aspni_NRRL3_1|418|NRRL3_00418	NRRL3_00418
jgi|Aspni_NRRL3_1|419|NRRL3_00419	NRRL3_00419
jgi|Aspni_NRRL3_1|420|NRRL3_00420	NRRL3_00420
jgi|Aspni_NRRL3_1|421|NRRL3_00421	NRRL3_00421
jgi|Aspni_NRRL3_1|422|NRRL3_00422	NRRL3_00422
jgi|Aspni_NRRL3_1|423|NRRL3_00423	NRRL3_00423
jgi|Aspni_NRRL3_1|424|NRRL3_00424	NRRL3_00424
jgi|Aspni_NRRL3_1|425|NRRL3_00425	NRRL3_00425
jgi|Aspni_NRRL3_1|426|NRRL3_00426	NRRL3_00426
jgi|Aspni_NRRL3_1|427|NRRL3_00427	NRRL3_00427
jgi|Aspni_NRRL3_1|428|NRRL3_00428	NRRL3_00428
jgi|Aspni_NRRL3_1|429|NRRL3_00429	NRRL3_00429
jgi|Aspni_NRRL3_1|430|NRRL3_00430	NRRL3_00430
jgi|Aspni_NRRL3_1|431|NRRL3_00431	NRRL3_00431
jgi|Aspni_NRRL3_1|432|NRRL3_00432	NRRL3_00432
jgi|Aspni_NRRL3_1|433|NRRL3_00433	NRRL3_00433
jgi|Aspni_NRRL3_1|434|NRRL3_00434	NRRL3_00434
jgi|Aspni_NRRL3_1|435|NRRL3_00435	NRRL3_00435
jgi|Aspni_NRRL3_1|436|NRRL3_00436	NRRL3_00436
jgi|Aspni_NRRL3_1|437|NRRL3_00437	NRRL3_00437
jgi|Aspni_NRRL3_1|438|NRRL3_00438	NRRL3_00438
jgi|Aspni_NRRL3_1|439|NRRL3_00439	NRRL3_00439
jgi|Aspni_NRRL3_1|440|NRRL3_00440	NRRL3_00440
jgi|Aspni_NRRL3_1|441|NRRL3_00441	NRRL3_00441
jgi|Aspni_NRRL3_1|442|NRRL3_00442	NRRL3_00442
jgi|Aspni_NRRL3_1|443|NRRL3_00443	NRRL3_00443
jgi|Aspni_NRRL3_1|444|NRRL3_00444	NRRL3_00444
jgi|Aspni_NRRL3_1|445|NRRL3_00445	NRRL3_00445
jgi|Aspni_NRRL3_1|446|NRRL3_00446	NRRL3_00446
jgi|Aspni_NRRL3_1|447|NRRL3_00447	NRRL3_00447
jgi|Aspni_NRRL3_1|448|NRRL3_00448	NRRL3_00448
jgi|Aspni_NRRL3_1|449|NRRL3_00449	NRRL3_00449
jgi|Aspni_NRRL3_1|450|NRRL3_00450	NRRL3_00450
jgi|Aspni_NRRL3_1|451|NRRL3_00451	NRRL3_00451
jgi|Aspni_NRRL3_1|452|NRRL3_00452	NRRL3_00452
jgi|Aspni_NRRL3_1|453|NRRL3_00453	NRRL3_00453
jgi|Aspni_NRRL3_1|454|NRRL3_00454	NRRL3_00454
jgi|Aspni_NRRL3_1|455|NRRL3_00455	NRRL3_00455
jgi|Aspni_NRRL3_1|456|NRRL3_00456	NRRL3_00456
jgi|Aspni_NRRL3_1|457|NRRL3_00457	NRRL3_00457
jgi|Aspni_NRRL3_1|458|NRRL3_00458	NRRL3_00458
jgi|Aspni_NRRL3_1|459|NRRL3_00459	NRRL3_00459
jgi|Aspni_NRRL3_1|460|NRRL3_00460	NRRL3_00460
jgi|Aspni_NRRL3_1|461|NRRL3_00461	NRRL3_00461
jgi|Aspni_NRRL3_1|462|NRRL3_00462	NRRL3_00462
jgi|Aspni_NRRL3_1|463|NRRL3_00463	NRRL3_00463
jgi|Aspni_NRRL3_1|464|NRRL3_00464	NRRL3_00464
jgi|Aspni_NRRL3_1|465|NRRL3_00465	NRRL3_00465
jgi|Aspni_NRRL3_1|466|NRRL3_00466	NRRL3_00466
jgi|Aspni_NRRL3_1|467|NRRL3_00467	NRRL3_00467
jgi|Aspni_NRRL3_1|468|NRRL3_00468	NRRL3_00468
jgi|Aspni_NRRL3_1|469|NRRL3_00469	NRRL3_00469
jgi|Aspni_NRRL3_1|470|NRRL3_00470	NRRL3_00470
jgi|Aspni_NRRL3_1|471|NRRL3_00471	NRRL3_00471
jgi|Aspni_NRRL3_1|472|NRRL3_00472	NRRL3_00472
jgi|Aspni_NRRL3_1|473|NRRL3_00473	NRRL3_00473
jgi|Aspni_NRRL3_1|474|NRRL3_00474	NRRL3_00474
jgi|Aspni_NRRL3_1|475|NRRL3_00475	NRRL3_00475
jgi|Aspni_NRRL3_1|476|NRRL3_00476	NRRL3_00476
jgi|Aspni_NRRL3_1|477|NRRL3_00477	NRRL3_00477
jgi|Aspni_NRRL3_1|478|NRRL3_00478	NRRL3_00478
jgi|Aspni_NRRL3_1|479|NRRL3_00479	NRRL3_00479
jgi|Aspni_NRRL3_1|480|NRRL3_00480	NRRL3_00480
jgi|Aspni_NRRL3_1|481|NRRL3_00481	NRRL3_00481
jgi|Aspni_NRRL3_1|482|NRRL3_00482	NRRL3_00482
jgi|Aspni_NRRL3_1|483|NRRL3_00483	NRRL3_00483
jgi|Aspni_NRRL3_1|484|NRRL3_00484	NRRL3_00484
jgi|Aspni_NRRL3_1|485|NRRL3_00485	NRRL3_00485
jgi|Aspni_NRRL3_1|486|NRRL3_00486	NRRL3_00486
jgi|Aspni_NRRL3_1|487|NRRL3_00487	NRRL3_00487
jgi|Aspni_NRRL3_1|488|NRRL3_00488	NRRL3_00488
jgi|Aspni_NRRL3_1|489|NRRL3_00489	NRRL3_00489
jgi|Aspni_NRRL3_1|490|NRRL3_00490	NRRL3_00490
jgi|Aspni_NRRL3_1|491|NRRL3_00491	NRRL3_00491
jgi|Aspni_NRRL3_1|492|NRRL3_00492	NRRL3_00492
jgi|Aspni_NRRL3_1|493|NRRL3_00493	NRRL3_00493
jgi|Aspni_NRRL3_1|494|NRRL3_00494	NRRL3_00494
jgi|Aspni_NRRL3_1|495|NRRL3_00495	NRRL3_00495
jgi|Aspni_NRRL3_1|496|NRRL3_00496	NRRL3_00496
jgi|Aspni_NRRL3_1|497|NRRL3_00497	NRRL3_00497
jgi|Aspni_NRRL3_1|498|NRRL3_00498	NRRL3_00498
jgi|Aspni_NRRL3_1|499|NRRL3_00499	NRRL3_00499
jgi|Aspni_NRRL3_1|500|NRRL3_00500	NRRL3_00500
jgi|Aspni_NRRL3_1|501|NRRL3_00501	NRRL3_00501
jgi|Aspni_NRRL3_1|502|NRRL3_00502	NRRL3_00502
jgi|Aspni_NRRL3_1|503|NRRL3_00503	NRRL3_00503
jgi|Aspni_NRRL3_1|504|NRRL3_00504	NRRL3_00504
jgi|Aspni_NRRL3_1|505|NRRL3_00505	NRRL3_00505
jgi|Aspni_NRRL3_1|506|NRRL3_00506	NRRL3_00506
jgi|Aspni_NRRL3_1|507|NRRL3_00507	NRRL3_00507
jgi|Aspni_NRRL3_1|508|NRRL3_00508	NRRL3_00508
jgi|Aspni_NRRL3_1|509|NRRL3_00509	NRRL3_00509
jgi|Aspni_NRRL3_1|510|NRRL3_00510	NRRL3_00510
jgi|Aspni_NRRL3_1|511|NRRL3_00511	NRRL3_00511
jgi|Aspni_NRRL3_1|512|NRRL3_00512	NRRL3_00512
jgi|Aspni_NRRL3_1|513|NRRL3_00513	NRRL3_00513
jgi|Aspni_NRRL3_1|514|NRRL3_00514	NRRL3_00514
jgi|Aspni_NRRL3_1|515|NRRL3_00515	NRRL3_00515
jgi|Aspni_NRRL3_1|516|NRRL3_00516	NRRL3_00516
jgi|Aspni_NRRL3_1|517|NRRL3_00517	NRRL3_00517
jgi|Aspni_NRRL3_1|518|NRRL3_00518	NRRL3_00518
jgi|Aspni_NRRL3_1|519|NRRL3_00519	NRRL3_00519
jgi|Aspni_NRRL3_1|520|NRRL3_00520	NRRL3_00520
jgi|Aspni_NRRL3_1|521|NRRL3_00521	NRRL3_00521
jgi|Aspni_NRRL3_1|522|NRRL3_00522	NRRL3_00522
jgi|Aspni_NRRL3_1|523|NRRL3_00523	NRRL3_00523
jgi|Aspni_NRRL3_1|524|NRRL3_00524	NRRL3_00524
jgi|Aspni_NRRL3_1|525|NRRL3_00525	NRRL3_00525
jgi|Aspni_NRRL3_1|526|NRRL3_00526	NRRL3_00526
jgi|Aspni_NRRL3_1|527|NRRL3_00527	NRRL3_00527
jgi|Aspni_NRRL3_1|528|NRRL3_00528	NRRL3_00528
jgi|Aspni_NRRL3_1|529|NRRL3_00529	NRRL3_00529
jgi|Aspni_NRRL3_1|530|NRRL3_00530	NRRL3_00530
jgi|Aspni_NRRL3_1|531|NRRL3_00531	NRRL3_00531
jgi|Aspni_NRRL3_1|532|NRRL3_00532	NRRL3_00532
jgi|Aspni_NRRL3_1|533|NRRL3_00533	NRRL3_00533
jgi|Aspni_NRRL3_1|534|NRRL3_00534	NRRL3_00534
jgi|Aspni_NRRL3_1|535|NRRL3_00535	NRRL3_00535
jgi|Aspni_NRRL3_1|536|NRRL3_00536	NRRL3_00536
jgi|Aspni_NRRL3_1|537|NRRL3_00537	NRRL3_00537
jgi|Aspni_NRRL3_1|538|NRRL3_00538	NRRL3_00538
jgi|Aspni_NRRL3_1|539|NRRL3_00539	NRRL3_00539
jgi|Aspni_NRRL3_1|540|NRRL3_00540	NRRL3_00540
jgi|Aspni_NRRL3_1|541|NRRL3_00541	NRRL3_00541
jgi|Aspni_NRRL3_1|542|NRRL3_00542	NRRL3_00542
jgi|Aspni_NRRL3_1|543|NRRL3_00543	NRRL3_00543
jgi|Aspni_NRRL3_1|544|NRRL3_00544	NRRL3_00544
jgi|Aspni_NRRL3_1|545|NRRL3_00545	NRRL3_00545
jgi|Aspni_NRRL3_1|546|NRRL3_00546	NRRL3_00546
jgi|Aspni_NRRL3_1|547|NRRL3_00547	NRRL3_00547
jgi|Aspni_NRRL3_1|548|NRRL3_00548	NRRL3_00548
jgi|Aspni_NRRL3_1|549|NRRL3_00549	NRRL3_00549
jgi|Aspni_NRRL3_1|550|NRRL3_00550	NRRL3_00550
jgi|Aspni_NRRL3_1|551|NRRL3_00551	NRRL3_00551
jgi|Aspni_NRRL3_1|552|NRRL3_00552	NRRL3_00552
jgi|Aspni_NRRL3_1|553|NRRL3_00553	NRRL3_00553
jgi|Aspni_NRRL3_1|554|NRRL3_00554	NRRL3_00554
jgi|Aspni_NRRL3_1|555|NRRL3_00555	NRRL3_00555
jgi|Aspni_NRRL3_1|556|NRRL3_00556	NRRL3_00556
jgi|Aspni_NRRL3_1|557|NRRL3_00557	NRRL3_00557
jgi|Aspni_NRRL3_1|558|NRRL3_00558	NRRL3_00558
jgi|Aspni_NRRL3_1|559|NRRL3_00559	NRRL3_00559
jgi|Aspni_NRRL3_1|560|NRRL3_00560	NRRL3_00560
jgi|Aspni_NRRL3_1|561|NRRL3_00561	NRRL3_00561
jgi|Aspni_NRRL3_1|562|NRRL3_00562	NRRL3_00562
jgi|Aspni_NRRL3_1|563|NRRL3_00563	NRRL3_00563
jgi|Aspni_NRRL3_1|564|NRRL3_00564	NRRL3_00564
jgi|Aspni_NRRL3_1|565|NRRL3_00565	NRRL3_00565
jgi|Aspni_NRRL3_1|566|NRRL3_00566	NRRL3_00566
jgi|Aspni_NRRL3_1|567|NRRL3_00567	NRRL3_00567
jgi|Aspni_NRRL3_1|568|NRRL3_00568	NRRL3_00568
jgi|Aspni_NRRL3_1|569|NRRL3_00569	NRRL3_00569
jgi|Aspni_NRRL3_1|570|NRRL3_00570	NRRL3_00570
jgi|Aspni_NRRL3_1|571|NRRL3_00571	NRRL3_00571
jgi|Aspni_NRRL3_1|572|NRRL3_00572	NRRL3_00572
jgi|Aspni_NRRL3_1|573|NRRL3_00573	NRRL3_00573
jgi|Aspni_NRRL3_1|574|NRRL3_00574	NRRL3_00574
jgi|Aspni_NRRL3_1|575|NRRL3_00575	NRRL3_00575
jgi|Aspni_NRRL3_1|576|NRRL3_00576	NRRL3_00576
jgi|Aspni_NRRL3_1|577|NRRL3_00577	NRRL3_00577
jgi|Aspni_NRRL3_1|578|NRRL3_00578	NRRL3_00578
jgi|Aspni_NRRL3_1|579|NRRL3_00579	NRRL3_00579
jgi|Aspni_NRRL3_1|580|NRRL3_00580	NRRL3_00580
jgi|Aspni_NRRL3_1|581|NRRL3_00581	NRRL3_00581
jgi|Aspni_NRRL3_1|582|NRRL3_00582	NRRL3_00582
jgi|Aspni_NRRL3_1|583|NRRL3_00583	NRRL3_00583
jgi|Aspni_NRRL3_1|584|NRRL3_00584	NRRL3_00584
jgi|Aspni_NRRL3_1|585|NRRL3_00585	NRRL3_00585
jgi|Aspni_NRRL3_1|586|NRRL3_00586	NRRL3_00586
jgi|Aspni_NRRL3_1|587|NRRL3_00587	NRRL3_00587
jgi|Aspni_NRRL3_1|588|NRRL3_00588	NRRL3_00588
jgi|Aspni_NRRL3_1|589|NRRL3_00589	NRRL3_00589
jgi|Aspni_NRRL3_1|590|NRRL3_00590	NRRL3_00590
jgi|Aspni_NRRL3_1|591|NRRL3_00591	NRRL3_00591
jgi|Aspni_NRRL3_1|592|NRRL3_00592	NRRL3_00592
jgi|Aspni_NRRL3_1|593|NRRL3_00593	NRRL3_00593
jgi|Aspni_NRRL3_1|594|NRRL3_00594	NRRL3_00594
jgi|Aspni_NRRL3_1|595|NRRL3_00595	NRRL3_00595
jgi|Aspni_NRRL3_1|596|NRRL3_00596	NRRL3_00596
jgi|Aspni_NRRL3_1|597|NRRL3_00597	NRRL3_00597
jgi|Aspni_NRRL3_1|598|NRRL3_00598	NRRL3_00598
jgi|Aspni_NRRL3_1|599|NRRL3_00599	NRRL3_00599
jgi|Aspni_NRRL3_1|600|NRRL3_00600	NRRL3_00600
jgi|Aspni_NRRL3_1|601|NRRL3_00601	NRRL3_00601
jgi|Aspni_NRRL3_1|602|NRRL3_00602	NRRL3_00602
jgi|Aspni_NRRL3_1|603|NRRL3_00603	NRRL3_00603
jgi|Aspni_NRRL3_1|604|NRRL3_00604	NRRL3_00604
jgi|Aspni_NRRL3_1|605|NRRL3_00605	NRRL3_00605
jgi|Aspni_NRRL3_1|606|NRRL3_00606	NRRL3_00606
jgi|Aspni_NRRL3_1|607|NRRL3_00607	NRRL3_00607
jgi|Aspni_NRRL3_1|608|NRRL3_00608	NRRL3_00608
jgi|Aspni_NRRL3_1|609|NRRL3_00609	NRRL3_00609
jgi|Aspni_NRRL3_1|610|NRRL3_00610	NRRL3_00610
jgi|Aspni_NRRL3_1|611|NRRL3_00611	NRRL3_00611
jgi|Aspni_NRRL3_1|612|NRRL3_00612	NRRL3_00612
jgi|Aspni_NRRL3_1|613|NRRL3_00613	NRRL3_00613
jgi|Aspni_NRRL3_1|614|NRRL3_00614	NRRL3_00614
jgi|Aspni_NRRL3_1|615|NRRL3_00615	NRRL3_00615
jgi|Aspni_NRRL3_1|616|NRRL3_00616	NRRL3_00616
jgi|Aspni_NRRL3_1|617|NRRL3_00617	NRRL3_00617
jgi|Aspni_NRRL3_1|618|NRRL3_00618	NRRL3_00618
jgi|Aspni_NRRL3_1|619|NRRL3_00619	NRRL3_00619
jgi|Aspni_NRRL3_1|620|NRRL3_00620	NRRL3_00620
jgi|Aspni_NRRL3_1|621|NRRL3_00621	NRRL3_00621
jgi|Aspni_NRRL3_1|622|NRRL3_00622	NRRL3_00622
jgi|Aspni_NRRL3_1|623|NRRL3_00623	NRRL3_00623
jgi|Aspni_NRRL3_1|624|NRRL3_00624	NRRL3_00624
jgi|Aspni_NRRL3_1|625|NRRL3_00625	NRRL3_00625
jgi|Aspni_NRRL3_1|626|NRRL3_00626	NRRL3_00626
jgi|Aspni_NRRL3_1|627|NRRL3_00627	NRRL3_00627
jgi|Aspni_NRRL3_1|628|NRRL3_00628	NRRL3_00628
jgi|Aspni_NRRL3_1|629|NRRL3_00629	NRRL3_00629
jgi|Aspni_NRRL3_1|630|NRRL3_00630	NRRL3_00630
jgi|Aspni_NRRL3_1|631|NRRL3_00631	NRRL3_00631
jgi|Aspni_NRRL3_1|632|NRRL3_00632	NRRL3_00632
jgi|Aspni_NRRL3_1|633|NRRL3_00633	NRRL3_00633
jgi|Aspni_NRRL3_1|634|NRRL3_00634	NRRL3_00634
jgi|Aspni_NRRL3_1|635|NRRL3_00635	NRRL3_00635
jgi|Aspni_NRRL3_1|636|NRRL3_00636	NRRL3_00636
jgi|Aspni_NRRL3_1|637|NRRL3_00637	NRRL3_00637
jgi|Aspni_NRRL3_1|638|NRRL3_00638	NRRL3_00638
jgi|Aspni_NRRL3_1|639|NRRL3_00639	NRRL3_00639
jgi|Aspni_NRRL3_1|640|NRRL3_00640	NRRL3_00640
jgi|Aspni_NRRL3_1|641|NRRL3_00641	NRRL3_00641
jgi|Aspni_NRRL3_1|642|NRRL3_00642	NRRL3_00642
jgi|Aspni_NRRL3_1|643|NRRL3_00643	NRRL3_00643
jgi|Aspni_NRRL3_1|644|NRRL3_00644	NRRL3_00644
jgi|Aspni_NRRL3_1|645|NRRL3_00645	NRRL3_00645
jgi|Aspni_NRRL3_1|646|NRRL3_00646	NRRL3_00646
jgi|Aspni_NRRL3_1|647|NRRL3_00647	NRRL3_00647
jgi|Aspni_NRRL3_1|648|NRRL3_00648	NRRL3_00648
jgi|Aspni_NRRL3_1|649|NRRL3_00649	NRRL3_00649
jgi|Aspni_NRRL3_1|650|NRRL3_00650	NRRL3_00650
jgi|Aspni_NRRL3_1|651|NRRL3_00651	NRRL3_00651
jgi|Aspni_NRRL3_1|652|NRRL3_00652	NRRL3_00652
jgi|Aspni_NRRL3_1|653|NRRL3_00653	NRRL3_00653
jgi|Aspni_NRRL3_1|654|NRRL3_00654	NRRL3_00654
jgi|Aspni_NRRL3_1|655|NRRL3_00655	NRRL3_00655
jgi|Aspni_NRRL3_1|656|NRRL3_00656	NRRL3_00656
jgi|Aspni_NRRL3_1|657|NRRL3_00657	NRRL3_00657
jgi|Aspni_NRRL3_1|658|NRRL3_00658	NRRL3_00658
jgi|Aspni_NRRL3_1|659|NRRL3_00659	NRRL3_00659
jgi|Aspni_NRRL3_1|660|NRRL3_00660	NRRL3_00660
jgi|Aspni_NRRL3_1|661|NRRL3_00661	NRRL3_00661
jgi|Aspni_NRRL3_1|662|NRRL3_00662	NRRL3_00662
jgi|Aspni_NRRL3_1|663|NRRL3_00663	NRRL3_00663
jgi|Aspni_NRRL3_1|664|NRRL3_00664	NRRL3_00664
jgi|Aspni_NRRL3_1|665|NRRL3_00665	NRRL3_00665
jgi|Aspni_NRRL3_1|666|NRRL3_00666	NRRL3_00666
jgi|Aspni_NRRL3_1|667|NRRL3_00667	NRRL3_00667
jgi|Aspni_NRRL3_1|668|NRRL3_00668	NRRL3_00668
jgi|Aspni_NRRL3_1|669|NRRL3_00669	NRRL3_00669
jgi|Aspni_NRRL3_1|670|NRRL3_00670	NRRL3_00670
jgi|Aspni_NRRL3_1|671|NRRL3_00671	NRRL3_00671
jgi|Aspni_NRRL3_1|672|NRRL3_00672	NRRL3_00672
jgi|Aspni_NRRL3_1|673|NRRL3_00673	NRRL3_00673
jgi|Aspni_NRRL3_1|674|NRRL3_00674	NRRL3_00674
jgi|Aspni_NRRL3_1|675|NRRL3_00675	NRRL3_00675
jgi|Aspni_NRRL3_1|676|NRRL3_00676	NRRL3_00676
jgi|Aspni_NRRL3_1|677|NRRL3_00677	NRRL3_00677
jgi|Aspni_NRRL3_1|678|NRRL3_00678	NRRL3_00678
jgi|Aspni_NRRL3_1|679|NRRL3_00679	NRRL3_00679
jgi|Aspni_NRRL3_1|680|NRRL3_00680	NRRL3_00680
jgi|Aspni_NRRL3_1|681|NRRL3_00681	NRRL3_00681
jgi|Aspni_NRRL3_1|682|NRRL3_00682	NRRL3_00682
jgi|Aspni_NRRL3_1|683|NRRL3_00683	NRRL3_00683
jgi|Aspni_NRRL3_1|684|NRRL3_00684	NRRL3_00684
jgi|Aspni_NRRL3_1|685|NRRL3_00685	NRRL3_00685
jgi|Aspni_NRRL3_1|686|NRRL3_00686	NRRL3_00686
jgi|Aspni_NRRL3_1|687|NRRL3_00687	NRRL3_00687
jgi|Aspni_NRRL3_1|688|NRRL3_00688	NRRL3_00688
jgi|Aspni_NRRL3_1|689|NRRL3_00689	NRRL3_00689
jgi|Aspni_NRRL3_1|690|NRRL3_00690	NRRL3_00690
jgi|Aspni_NRRL3_1|691|NRRL3_00691	NRRL3_00691
jgi|Aspni_NRRL3_1|692|NRRL3_00692	NRRL3_00692
jgi|Aspni_NRRL3_1|693|NRRL3_00693	NRRL3_00693
jgi|Aspni_NRRL3_1|694|NRRL3_00694	NRRL3_00694
jgi|Aspni_NRRL3_1|695|NRRL3_00695	NRRL3_00695
jgi|Aspni_NRRL3_1|696|NRRL3_00696	NRRL3_00696
jgi|Aspni_NRRL3_1|697|NRRL3_00697	NRRL3_00697
jgi|Aspni_NRRL3_1|698|NRRL3_00698	NRRL3_00698
jgi|Aspni_NRRL3_1|699|NRRL3_00699	NRRL3_00699
jgi|Aspni_NRRL3_1|700|NRRL3_00700	NRRL3_00700
jgi|Aspni_NRRL3_1|701|NRRL3_00701	NRRL3_00701
jgi|Aspni_NRRL3_1|702|NRRL3_00702	NRRL3_00702
jgi|Aspni_NRRL3_1|703|NRRL3_00703	NRRL3_00703
jgi|Aspni_NRRL3_1|704|NRRL3_00704	NRRL3_00704
jgi|Aspni_NRRL3_1|705|NRRL3_00705	NRRL3_00705
jgi|Aspni_NRRL3_1|706|NRRL3_00706	NRRL3_00706
jgi|Aspni_NRRL3_1|707|NRRL3_00707	NRRL3_00707
jgi|Aspni_NRRL3_1|708|NRRL3_00708	NRRL3_00708
jgi|Aspni_NRRL3_1|709|NRRL3_00709	NRRL3_00709
jgi|Aspni_NRRL3_1|710|NRRL3_00710	NRRL3_00710
jgi|Aspni_NRRL3_1|711|NRRL3_00711	NRRL3_00711
jgi|Aspni_NRRL3_1|712|NRRL3_00712	NRRL3_00712
jgi|Aspni_NRRL3_1|713|NRRL3_00713	NRRL3_00713
jgi|Aspni_NRRL3_1|714|NRRL3_00714	NRRL3_00714
jgi|Aspni_NRRL3_1|715|NRRL3_00715	NRRL3_00715
jgi|Aspni_NRRL3_1|716|NRRL3_00716	NRRL3_00716
jgi|Aspni_NRRL3_1|717|NRRL3_00717	NRRL3_00717
jgi|Aspni_NRRL3_1|718|NRRL3_00718	NRRL3_00718
jgi|Aspni_NRRL3_1|719|NRRL3_00719	NRRL3_00719
jgi|Aspni_NRRL3_1|720|NRRL3_00720	NRRL3_00720
jgi|Aspni_NRRL3_1|721|NRRL3_00721	NRRL3_00721
jgi|Aspni_NRRL3_1|722|NRRL3_00722	NRRL3_00722
jgi|Aspni_NRRL3_1|723|NRRL3_00723	NRRL3_00723
jgi|Aspni_NRRL3_1|724|NRRL3_00724	NRRL3_00724
jgi|Aspni_NRRL3_1|725|NRRL3_00725	NRRL3_00725
jgi|Aspni_NRRL3_1|726|NRRL3_00726	NRRL3_00726
jgi|Aspni_NRRL3_1|727|NRRL3_00727	NRRL3_00727
jgi|Aspni_NRRL3_1|728|NRRL3_00728	NRRL3_00728
jgi|Aspni_NRRL3_1|729|NRRL3_00729	NRRL3_00729
jgi|Aspni_NRRL3_1|730|NRRL3_00730	NRRL3_00730
jgi|Aspni_NRRL3_1|731|NRRL3_00731	NRRL3_00731
jgi|Aspni_NRRL3_1|732|NRRL3_00732	NRRL3_00732
jgi|Aspni_NRRL3_1|733|NRRL3_00733	NRRL3_00733
jgi|Aspni_NRRL3_1|734|NRRL3_00734	NRRL3_00734
jgi|Aspni_NRRL3_1|735|NRRL3_00735	NRRL3_00735
jgi|Aspni_NRRL3_1|736|NRRL3_00736	NRRL3_00736
jgi|Aspni_NRRL3_1|737|NRRL3_00737	NRRL3_00737
jgi|Aspni_NRRL3_1|738|NRRL3_00738	NRRL3_00738
jgi|Aspni_NRRL3_1|739|NRRL3_00739	NRRL3_00739
jgi|Aspni_NRRL3_1|740|NRRL3_00740	NRRL3_00740
jgi|Aspni_NRRL3_1|741|NRRL3_00741	NRRL3_00741
jgi|Aspni_NRRL3_1|742|NRRL3_00742	NRRL3_00742
jgi|Aspni_NRRL3_1|743|NRRL3_00743	NRRL3_00743
jgi|Aspni_NRRL3_1|744|NRRL3_00744	NRRL3_00744
jgi|Aspni_NRRL3_1|745|NRRL3_00745	NRRL3_00745
jgi|Aspni_NRRL3_1|746|NRRL3_00746	NRRL3_00746
jgi|Aspni_NRRL3_1|747|NRRL3_00747	NRRL3_00747
jgi|Aspni_NRRL3_1|748|NRRL3_00748	NRRL3_00748
jgi|Aspni_NRRL3_1|749|NRRL3_00749	NRRL3_00749
jgi|Aspni_NRRL3_1|750|NRRL3_00750	NRRL3_00750
jgi|Aspni_NRRL3_1|751|NRRL3_00751	NRRL3_00751
jgi|Aspni_NRRL3_1|752|NRRL3_00752	NRRL3_00752
jgi|Aspni_NRRL3_1|753|NRRL3_00753	NRRL3_00753
jgi|Aspni_NRRL3_1|754|NRRL3_00754	NRRL3_00754
jgi|Aspni_NRRL3_1|755|NRRL3_00755	NRRL3_00755
jgi|Aspni_NRRL3_1|756|NRRL3_00756	NRRL3_00756
jgi|Aspni_NRRL3_1|757|NRRL3_00757	NRRL3_00757
jgi|Aspni_NRRL3_1|758|NRRL3_00758	NRRL3_00758
jgi|Aspni_NRRL3_1|759|NRRL3_00759	NRRL3_00759
jgi|Aspni_NRRL3_1|760|NRRL3_00760	NRRL3_00760
jgi|Aspni_NRRL3_1|761|NRRL3_00761	NRRL3_00761
jgi|Aspni_NRRL3_1|762|NRRL3_00762	NRRL3_00762
jgi|Aspni_NRRL3_1|763|NRRL3_00763	NRRL3_00763
jgi|Aspni_NRRL3_1|764|NRRL3_00764	NRRL3_00764
jgi|Aspni_NRRL3_1|765|NRRL3_00765	NRRL3_00765
jgi|Aspni_NRRL3_1|766|NRRL3_00766	NRRL3_00766
jgi|Aspni_NRRL3_1|767|NRRL3_00767	NRRL3_00767
jgi|Aspni_NRRL3_1|768|NRRL3_00768	NRRL3_00768
jgi|Aspni_NRRL3_1|769|NRRL3_00769	NRRL3_00769
jgi|Aspni_NRRL3_1|770|NRRL3_00770	NRRL3_00770
jgi|Aspni_NRRL3_1|771|NRRL3_00771	NRRL3_00771
jgi|Aspni_NRRL3_1|772|NRRL3_00772	NRRL3_00772
jgi|Aspni_NRRL3_1|773|NRRL3_00773	NRRL3_00773
jgi|Aspni_NRRL3_1|774|NRRL3_00774	NRRL3_00774
jgi|Aspni_NRRL3_1|775|NRRL3_00775	NRRL3_00775
jgi|Aspni_NRRL3_1|776|NRRL3_00776	NRRL3_00776
jgi|Aspni_NRRL3_1|777|NRRL3_00777	NRRL3_00777
jgi|Aspni_NRRL3_1|778|NRRL3_00778	NRRL3_00778
jgi|Aspni_NRRL3_1|779|NRRL3_00779	NRRL3_00779
jgi|Aspni_NRRL3_1|780|NRRL3_00780	NRRL3_00780
jgi|Aspni_NRRL3_1|781|NRRL3_00781	NRRL3_00781
jgi|Aspni_NRRL3_1|782|NRRL3_00782	NRRL3_00782
jgi|Aspni_NRRL3_1|783|NRRL3_00783	NRRL3_00783
jgi|Aspni_NRRL3_1|784|NRRL3_00784	NRRL3_00784
jgi|Aspni_NRRL3_1|785|NRRL3_00785	NRRL3_00785
jgi|Aspni_NRRL3_1|786|NRRL3_00786	NRRL3_00786
jgi|Aspni_NRRL3_1|787|NRRL3_00787	NRRL3_00787
jgi|Aspni_NRRL3_1|788|NRRL3_00788	NRRL3_00788
jgi|Aspni_NRRL3_1|789|NRRL3_00789	NRRL3_00789
jgi|Aspni_NRRL3_1|790|NRRL3_00790	NRRL3_00790
jgi|Aspni_NRRL3_1|791|NRRL3_00791	NRRL3_00791
jgi|Aspni_NRRL3_1|792|NRRL3_00792	NRRL3_00792
jgi|Aspni_NRRL3_1|793|NRRL3_00793	NRRL3_00793
jgi|Aspni_NRRL3_1|794|NRRL3_00794	NRRL3_00794
jgi|Aspni_NRRL3_1|795|NRRL3_00795	NRRL3_00795
jgi|Aspni_NRRL3_1|796|NRRL3_00796	NRRL3_00796
jgi|Aspni_NRRL3_1|797|NRRL3_00797	NRRL3_00797
jgi|Aspni_NRRL3_1|798|NRRL3_00798	NRRL3_00798
jgi|Aspni_NRRL3_1|799|NRRL3_00799	NRRL3_00799
jgi|Aspni_NRRL3_1|800|NRRL3_00800	NRRL3_00800
jgi|Aspni_NRRL3_1|801|NRRL3_00801	NRRL3_00801
jgi|Aspni_NRRL3_1|802|NRRL3_00802	NRRL3_00802
jgi|Aspni_NRRL3_1|803|NRRL3_00803	NRRL3_00803
jgi|Aspni_NRRL3_1|804|NRRL3_00804	NRRL3_00804
jgi|Aspni_NRRL3_1|805|NRRL3_00805	NRRL3_00805
jgi|Aspni_NRRL3_1|806|NRRL3_00806	NRRL3_00806
jgi|Aspni_NRRL3_1|807|NRRL3_00807	NRRL3_00807
jgi|Aspni_NRRL3_1|808|NRRL3_00808	NRRL3_00808
jgi|Aspni_NRRL3_1|809|NRRL3_00809	NRRL3_00809
jgi|Aspni_NRRL3_1|810|NRRL3_00810	NRRL3_00810
jgi|Aspni_NRRL3_1|811|NRRL3_00811	NRRL3_00811
jgi|Aspni_NRRL3_1|812|NRRL3_00812	NRRL3_00812
jgi|Aspni_NRRL3_1|813|NRRL3_00813	NRRL3_00813
jgi|Aspni_NRRL3_1|814|NRRL3_00814	NRRL3_00814
jgi|Aspni_NRRL3_1|815|NRRL3_00815	NRRL3_00815
jgi|Aspni_NRRL3_1|816|NRRL3_00816	NRRL3_00816
jgi|Aspni_NRRL3_1|817|NRRL3_00817	NRRL3_00817
jgi|Aspni_NRRL3_1|818|NRRL3_00818	NRRL3_00818
jgi|Aspni_NRRL3_1|819|NRRL3_00819	NRRL3_00819
jgi|Aspni_NRRL3_1|820|NRRL3_00820	NRRL3_00820
jgi|Aspni_NRRL3_1|821|NRRL3_00821	NRRL3_00821
jgi|Aspni_NRRL3_1|822|NRRL3_00822	NRRL3_00822
jgi|Aspni_NRRL3_1|823|NRRL3_00823	NRRL3_00823
jgi|Aspni_NRRL3_1|824|NRRL3_00824	NRRL3_00824
jgi|Aspni_NRRL3_1|825|NRRL3_00825	NRRL3_00825
jgi|Aspni_NRRL3_1|826|NRRL3_00826	NRRL3_00826
jgi|Aspni_NRRL3_1|827|NRRL3_00827	NRRL3_00827
jgi|Aspni_NRRL3_1|828|NRRL3_00828	NRRL3_00828
jgi|Aspni_NRRL3_1|829|NRRL3_00829	NRRL3_00829
jgi|Aspni_NRRL3_1|830|NRRL3_00830	NRRL3_00830
jgi|Aspni_NRRL3_1|831|NRRL3_00831	NRRL3_00831
jgi|Aspni_NRRL3_1|832|NRRL3_00832	NRRL3_00832
jgi|Aspni_NRRL3_1|833|NRRL3_00833	NRRL3_00833
jgi|Aspni_NRRL3_1|834|NRRL3_00834	NRRL3_00834
jgi|Aspni_NRRL3_1|835|NRRL3_00835	NRRL3_00835
jgi|Aspni_NRRL3_1|836|NRRL3_00836	NRRL3_00836
jgi|Aspni_NRRL3_1|837|NRRL3_00837	NRRL3_00837
jgi|Aspni_NRRL3_1|838|NRRL3_00838	NRRL3_00838
jgi|Aspni_NRRL3_1|839|NRRL3_00839	NRRL3_00839
jgi|Aspni_NRRL3_1|840|NRRL3_00840	NRRL3_00840
jgi|Aspni_NRRL3_1|841|NRRL3_00841	NRRL3_00841
jgi|Aspni_NRRL3_1|842|NRRL3_00842	NRRL3_00842
jgi|Aspni_NRRL3_1|843|NRRL3_00843	NRRL3_00843
jgi|Aspni_NRRL3_1|844|NRRL3_00844	NRRL3_00844
jgi|Aspni_NRRL3_1|845|NRRL3_00845	NRRL3_00845
jgi|Aspni_NRRL3_1|846|NRRL3_00846	NRRL3_00846
jgi|Aspni_NRRL3_1|847|NRRL3_00847	NRRL3_00847
jgi|Aspni_NRRL3_1|848|NRRL3_00848	NRRL3_00848
jgi|Aspni_NRRL3_1|849|NRRL3_00849	NRRL3_00849
jgi|Aspni_NRRL3_1|850|NRRL3_00850	NRRL3_00850
jgi|Aspni_NRRL3_1|851|NRRL3_00851	NRRL3_00851
jgi|Aspni_NRRL3_1|852|NRRL3_00852	NRRL3_00852
jgi|Aspni_NRRL3_1|853|NRRL3_00853	NRRL3_00853
jgi|Aspni_NRRL3_1|854|NRRL3_00854	NRRL3_00854
jgi|Aspni_NRRL3_1|855|NRRL3_00855	NRRL3_00855
jgi|Aspni_NRRL3_1|856|NRRL3_00856	NRRL3_00856
jgi|Aspni_NRRL3_1|857|NRRL3_00857	NRRL3_00857
jgi|Aspni_NRRL3_1|858|NRRL3_00858	NRRL3_00858
jgi|Aspni_NRRL3_1|859|NRRL3_00859	NRRL3_00859
jgi|Aspni_NRRL3_1|860|NRRL3_00860	NRRL3_00860
jgi|Aspni_NRRL3_1|861|NRRL3_00861	NRRL3_00861
jgi|Aspni_NRRL3_1|862|NRRL3_00862	NRRL3_00862
jgi|Aspni_NRRL3_1|863|NRRL3_00863	NRRL3_00863
jgi|Aspni_NRRL3_1|864|NRRL3_00864	NRRL3_00864
jgi|Aspni_NRRL3_1|865|NRRL3_00865	NRRL3_00865
jgi|Aspni_NRRL3_1|866|NRRL3_00866	NRRL3_00866
jgi|Aspni_NRRL3_1|867|NRRL3_00867	NRRL3_00867
jgi|Aspni_NRRL3_1|868|NRRL3_00868	NRRL3_00868
jgi|Aspni_NRRL3_1|869|NRRL3_00869	NRRL3_00869
jgi|Aspni_NRRL3_1|870|NRRL3_00870	NRRL3_00870
jgi|Aspni_NRRL3_1|871|NRRL3_00871	NRRL3_00871
jgi|Aspni_NRRL3_1|872|NRRL3_00872	NRRL3_00872
jgi|Aspni_NRRL3_1|873|NRRL3_00873	NRRL3_00873
jgi|Aspni_NRRL3_1|874|NRRL3_00874	NRRL3_00874
jgi|Aspni_NRRL3_1|875|NRRL3_00875	NRRL3_00875
jgi|Aspni_NRRL3_1|876|NRRL3_00876	NRRL3_00876
jgi|Aspni_NRRL3_1|877|NRRL3_00877	NRRL3_00877
jgi|Aspni_NRRL3_1|878|NRRL3_00878	NRRL3_00878
jgi|Aspni_NRRL3_1|879|NRRL3_00879	NRRL3_00879
jgi|Aspni_NRRL3_1|880|NRRL3_00880	NRRL3_00880
jgi|Aspni_NRRL3_1|881|NRRL3_00881	NRRL3_00881
jgi|Aspni_NRRL3_1|882|NRRL3_00882	NRRL3_00882
jgi|Aspni_NRRL3_1|883|NRRL3_00883	NRRL3_00883
jgi|Aspni_NRRL3_1|884|NRRL3_00884	NRRL3_00884
jgi|Aspni_NRRL3_1|885|NRRL3_00885	NRRL3_00885
jgi|Aspni_NRRL3_1|886|NRRL3_00886	NRRL3_00886
jgi|Aspni_NRRL3_1|887|NRRL3_00887	NRRL3_00887
jgi|Aspni_NRRL3_1|888|NRRL3_00888	NRRL3_00888
jgi|Aspni_NRRL3_1|889|NRRL3_00889	NRRL3_00889
jgi|Aspni_NRRL3_1|890|NRRL3_00890	NRRL3_00890
jgi|Aspni_NRRL3_1|891|NRRL3_00891	NRRL3_00891
jgi|Aspni_NRRL3_1|892|NRRL3_00892	NRRL3_00892
jgi|Aspni_NRRL3_1|893|NRRL3_00893	NRRL3_00893
jgi|Aspni_NRRL3_1|894|NRRL3_00894	NRRL3_00894
jgi|Aspni_NRRL3_1|895|NRRL3_00895	NRRL3_00895
jgi|Aspni_NRRL3_1|896|NRRL3_00896	NRRL3_00896
jgi|Aspni_NRRL3_1|897|NRRL3_00897	NRRL3_00897
jgi|Aspni_NRRL3_1|898|NRRL3_00898	NRRL3_00898
jgi|Aspni_NRRL3_1|899|NRRL3_00899	NRRL3_00899
jgi|Aspni_NRRL3_1|900|NRRL3_00900	NRRL3_00900
jgi|Aspni_NRRL3_1|901|NRRL3_00901	NRRL3_00901
jgi|Aspni_NRRL3_1|902|NRRL3_00902	NRRL3_00902
jgi|Aspni_NRRL3_1|903|NRRL3_00903	NRRL3_00903
jgi|Aspni_NRRL3_1|904|NRRL3_00904	NRRL3_00904
jgi|Aspni_NRRL3_1|905|NRRL3_00905	NRRL3_00905
jgi|Aspni_NRRL3_1|906|NRRL3_00906	NRRL3_00906
jgi|Aspni_NRRL3_1|907|NRRL3_00907	NRRL3_00907
jgi|Aspni_NRRL3_1|908|NRRL3_00908	NRRL3_00908
jgi|Aspni_NRRL3_1|909|NRRL3_00909	NRRL3_00909
jgi|Aspni_NRRL3_1|910|NRRL3_00910	NRRL3_00910
jgi|Aspni_NRRL3_1|911|NRRL3_00911	NRRL3_00911
jgi|Aspni_NRRL3_1|912|NRRL3_00912	NRRL3_00912
jgi|Aspni_NRRL3_1|913|NRRL3_00913	NRRL3_00913
jgi|Aspni_NRRL3_1|914|NRRL3_00914	NRRL3_00914
jgi|Aspni_NRRL3_1|915|NRRL3_00915	NRRL3_00915
jgi|Aspni_NRRL3_1|916|NRRL3_00916	NRRL3_00916
jgi|Aspni_NRRL3_1|917|NRRL3_00917	NRRL3_00917
jgi|Aspni_NRRL3_1|918|NRRL3_00918	NRRL3_00918
jgi|Aspni_NRRL3_1|919|NRRL3_00919	NRRL3_00919
jgi|Aspni_NRRL3_1|920|NRRL3_00920	NRRL3_00920
jgi|Aspni_NRRL3_1|921|NRRL3_00921	NRRL3_00921
jgi|Aspni_NRRL3_1|922|NRRL3_00922	NRRL3_00922
jgi|Aspni_NRRL3_1|923|NRRL3_00923	NRRL3_00923
jgi|Aspni_NRRL3_1|924|NRRL3_00924	NRRL3_00924
jgi|Aspni_NRRL3_1|925|NRRL3_00925	NRRL3_00925
jgi|Aspni_NRRL3_1|926|NRRL3_00926	NRRL3_00926
jgi|Aspni_NRRL3_1|927|NRRL3_00927	NRRL3_00927
jgi|Aspni_NRRL3_1|928|NRRL3_00928	NRRL3_00928
jgi|Aspni_NRRL3_1|929|NRRL3_00929	NRRL3_00929
jgi|Aspni_NRRL3_1|930|NRRL3_00930	NRRL3_00930
jgi|Aspni_NRRL3_1|931|NRRL3_00931	NRRL3_00931
jgi|Aspni_NRRL3_1|932|NRRL3_00932	NRRL3_00932
jgi|Aspni_NRRL3_1|933|NRRL3_00933	NRRL3_00933
jgi|Aspni_NRRL3_1|934|NRRL3_00934	NRRL3_00934
jgi|Aspni_NRRL3_1|935|NRRL3_00935	NRRL3_00935
jgi|Aspni_NRRL3_1|936|NRRL3_00936	NRRL3_00936
jgi|Aspni_NRRL3_1|937|NRRL3_00937	NRRL3_00937
jgi|Aspni_NRRL3_1|938|NRRL3_00938	NRRL3_00938
jgi|Aspni_NRRL3_1|939|NRRL3_00939	NRRL3_00939
jgi|Aspni_NRRL3_1|940|NRRL3_00940	NRRL3_00940
jgi|Aspni_NRRL3_1|941|NRRL3_00941	NRRL3_00941
jgi|Aspni_NRRL3_1|942|NRRL3_00942	NRRL3_00942
jgi|Aspni_NRRL3_1|943|NRRL3_00943	NRRL3_00943
jgi|Aspni_NRRL3_1|944|NRRL3_00944	NRRL3_00944
jgi|Aspni_NRRL3_1|945|NRRL3_00945	NRRL3_00945
jgi|Aspni_NRRL3_1|946|NRRL3_00946	NRRL3_00946
jgi|Aspni_NRRL3_1|947|NRRL3_00947	NRRL3_00947
jgi|Aspni_NRRL3_1|948|NRRL3_00948	NRRL3_00948
jgi|Aspni_NRRL3_1|949|NRRL3_00949	NRRL3_00949
jgi|Aspni_NRRL3_1|950|NRRL3_00950	NRRL3_00950
jgi|Aspni_NRRL3_1|951|NRRL3_00951	NRRL3_00951
jgi|Aspni_NRRL3_1|952|NRRL3_00952	NRRL3_00952
jgi|Aspni_NRRL3_1|953|NRRL3_00953	NRRL3_00953
jgi|Aspni_NRRL3_1|954|NRRL3_00954	NRRL3_00954
jgi|Aspni_NRRL3_1|955|NRRL3_00955	NRRL3_00955
jgi|Aspni_NRRL3_1|956|NRRL3_00956	NRRL3_00956
jgi|Aspni_NRRL3_1|957|NRRL3_00957	NRRL3_00957
jgi|Aspni_NRRL3_1|958|NRRL3_00958	NRRL3_00958
jgi|Aspni_NRRL3_1|959|NRRL3_00959	NRRL3_00959
jgi|Aspni_NRRL3_1|960|NRRL3_00960	NRRL3_00960
jgi|Aspni_NRRL3_1|961|NRRL3_00961	NRRL3_00961
jgi|Aspni_NRRL3_1|962|NRRL3_00962	NRRL3_00962
jgi|Aspni_NRRL3_1|963|NRRL3_00963	NRRL3_00963
jgi|Aspni_NRRL3_1|964|NRRL3_00964	NRRL3_00964
jgi|Aspni_NRRL3_1|965|NRRL3_00965	NRRL3_00965
jgi|Aspni_NRRL3_1|966|NRRL3_00966	NRRL3_00966
jgi|Aspni_NRRL3_1|967|NRRL3_00967	NRRL3_00967
jgi|Aspni_NRRL3_1|968|NRRL3_00968	NRRL3_00968
jgi|Aspni_NRRL3_1|969|NRRL3_00969	NRRL3_00969
jgi|Aspni_NRRL3_1|970|NRRL3_00970	NRRL3_00970
jgi|Aspni_NRRL3_1|971|NRRL3_00971	NRRL3_00971
jgi|Aspni_NRRL3_1|972|NRRL3_00972	NRRL3_00972
jgi|Aspni_NRRL3_1|973|NRRL3_00973	NRRL3_00973
jgi|Aspni_NRRL3_1|974|NRRL3_00974	NRRL3_00974
jgi|Aspni_NRRL3_1|975|NRRL3_00975	NRRL3_00975
jgi|Aspni_NRRL3_1|976|NRRL3_00976	NRRL3_00976
jgi|Aspni_NRRL3_1|977|NRRL3_00977	NRRL3_00977
jgi|Aspni_NRRL3_1|978|NRRL3_00978	NRRL3_00978
jgi|Aspni_NRRL3_1|979|NRRL3_00979	NRRL3_00979
jgi|Aspni_NRRL3_1|980|NRRL3_00980	NRRL3_00980
jgi|Aspni_NRRL3_1|981|NRRL3_00981	NRRL3_00981
jgi|Aspni_NRRL3_1|982|NRRL3_00982	NRRL3_00982
jgi|Aspni_NRRL3_1|983|NRRL3_00983	NRRL3_00983
jgi|Aspni_NRRL3_1|984|NRRL3_00984	NRRL3_00984
jgi|Aspni_NRRL3_1|985|NRRL3_00985	NRRL3_00985
jgi|Aspni_NRRL3_1|986|NRRL3_00986	NRRL3_00986
jgi|Aspni_NRRL3_1|987|NRRL3_00987	NRRL3_00987
jgi|Aspni_NRRL3_1|988|NRRL3_00988	NRRL3_00988
jgi|Aspni_NRRL3_1|989|NRRL3_00989	NRRL3_00989
jgi|Aspni_NRRL3_1|990|NRRL3_00990	NRRL3_00990
jgi|Aspni_NRRL3_1|991|NRRL3_00991	NRRL3_00991
jgi|Aspni_NRRL3_1|992|NRRL3_00992	NRRL3_00992
jgi|Aspni_NRRL3_1|993|NRRL3_00993	NRRL3_00993
jgi|Aspni_NRRL3_1|994|NRRL3_00994	NRRL3_00994
jgi|Aspni_NRRL3_1|995|NRRL3_00995	NRRL3_00995
jgi|Aspni_NRRL3_1|996|NRRL3_00996	NRRL3_00996
jgi|Aspni_NRRL3_1|997|NRRL3_00997	NRRL3_00997
jgi|Aspni_NRRL3_1|998|NRRL3_00998	NRRL3_00998
jgi|Aspni_NRRL3_1|999|NRRL3_00999	NRRL3_00999
jgi|Aspni_NRRL3_1|1000|NRRL3_01000	NRRL3_01000
jgi|Aspni_NRRL3_1|1001|NRRL3_01001	NRRL3_01001
jgi|Aspni_NRRL3_1|1002|NRRL3_01002	NRRL3_01002
jgi|Aspni_NRRL3_1|1003|NRRL3_01003	NRRL3_01003
jgi|Aspni_NRRL3_1|1004|NRRL3_01004	NRRL3_01004
jgi|Aspni_NRRL3_1|1005|NRRL3_01005	NRRL3_01005
jgi|Aspni_NRRL3_1|1006|NRRL3_01006	NRRL3_01006
jgi|Aspni_NRRL3_1|1007|NRRL3_01007	NRRL3_01007
jgi|Aspni_NRRL3_1|1008|NRRL3_01008	NRRL3_01008
jgi|Aspni_NRRL3_1|1009|NRRL3_01009	NRRL3_01009
jgi|Aspni_NRRL3_1|1010|NRRL3_01010	NRRL3_01010
jgi|Aspni_NRRL3_1|1011|NRRL3_01011	NRRL3_01011
jgi|Aspni_NRRL3_1|1012|NRRL3_01012	NRRL3_01012
jgi|Aspni_NRRL3_1|1013|NRRL3_01013	NRRL3_01013
jgi|Aspni_NRRL3_1|1014|NRRL3_01014	NRRL3_01014
jgi|Aspni_NRRL3_1|1015|NRRL3_01015	NRRL3_01015
jgi|Aspni_NRRL3_1|1016|NRRL3_01016	NRRL3_01016
jgi|Aspni_NRRL3_1|1017|NRRL3_01017	NRRL3_01017
jgi|Aspni_NRRL3_1|1018|NRRL3_01018	NRRL3_01018
jgi|Aspni_NRRL3_1|1019|NRRL3_01019	NRRL3_01019
jgi|Aspni_NRRL3_1|1020|NRRL3_01020	NRRL3_01020
jgi|Aspni_NRRL3_1|1021|NRRL3_01021	NRRL3_01021
jgi|Aspni_NRRL3_1|1022|NRRL3_01022	NRRL3_01022
jgi|Aspni_NRRL3_1|1023|NRRL3_01023	NRRL3_01023
jgi|Aspni_NRRL3_1|1024|NRRL3_01024	NRRL3_01024
jgi|Aspni_NRRL3_1|1025|NRRL3_01025	NRRL3_01025
jgi|Aspni_NRRL3_1|1026|NRRL3_01026	NRRL3_01026
jgi|Aspni_NRRL3_1|1027|NRRL3_01027	NRRL3_01027
jgi|Aspni_NRRL3_1|1028|NRRL3_01028	NRRL3_01028
jgi|Aspni_NRRL3_1|1029|NRRL3_01029	NRRL3_01029
jgi|Aspni_NRRL3_1|1030|NRRL3_01030	NRRL3_01030
jgi|Aspni_NRRL3_1|1031|NRRL3_01031	NRRL3_01031
jgi|Aspni_NRRL3_1|1032|NRRL3_01032	NRRL3_01032
jgi|Aspni_NRRL3_1|1033|NRRL3_01033	NRRL3_01033
jgi|Aspni_NRRL3_1|1034|NRRL3_01034	NRRL3_01034
jgi|Aspni_NRRL3_1|1035|NRRL3_01035	NRRL3_01035
jgi|Aspni_NRRL3_1|1036|NRRL3_01036	NRRL3_01036
jgi|Aspni_NRRL3_1|1037|NRRL3_01037	NRRL3_01037
jgi|Aspni_NRRL3_1|1038|NRRL3_01038	NRRL3_01038
jgi|Aspni_NRRL3_1|1039|NRRL3_01039	NRRL3_01039
jgi|Aspni_NRRL3_1|1040|NRRL3_01040	NRRL3_01040
jgi|Aspni_NRRL3_1|1041|NRRL3_01041	NRRL3_01041
jgi|Aspni_NRRL3_1|1042|NRRL3_01042	NRRL3_01042
jgi|Aspni_NRRL3_1|1043|NRRL3_01043	NRRL3_01043
jgi|Aspni_NRRL3_1|1044|NRRL3_01044	NRRL3_01044
jgi|Aspni_NRRL3_1|1045|NRRL3_01045	NRRL3_01045
jgi|Aspni_NRRL3_1|1046|NRRL3_01046	NRRL3_01046
jgi|Aspni_NRRL3_1|1047|NRRL3_01047	NRRL3_01047
jgi|Aspni_NRRL3_1|1048|NRRL3_01048	NRRL3_01048
jgi|Aspni_NRRL3_1|1049|NRRL3_01049	NRRL3_01049
jgi|Aspni_NRRL3_1|1050|NRRL3_01050	NRRL3_01050
jgi|Aspni_NRRL3_1|1051|NRRL3_01051	NRRL3_01051
jgi|Aspni_NRRL3_1|1052|NRRL3_01052	NRRL3_01052
jgi|Aspni_NRRL3_1|1053|NRRL3_01053	NRRL3_01053
jgi|Aspni_NRRL3_1|1054|NRRL3_01054	NRRL3_01054
jgi|Aspni_NRRL3_1|1055|NRRL3_01055	NRRL3_01055
jgi|Aspni_NRRL3_1|1056|NRRL3_01056	NRRL3_01056
jgi|Aspni_NRRL3_1|1057|NRRL3_01057	NRRL3_01057
jgi|Aspni_NRRL3_1|1058|NRRL3_01058	NRRL3_01058
jgi|Aspni_NRRL3_1|1059|NRRL3_01059	NRRL3_01059
jgi|Aspni_NRRL3_1|1060|NRRL3_01060	NRRL3_01060
jgi|Aspni_NRRL3_1|1061|NRRL3_01061	NRRL3_01061
jgi|Aspni_NRRL3_1|1062|NRRL3_01062	NRRL3_01062
jgi|Aspni_NRRL3_1|1063|NRRL3_01063	NRRL3_01063
jgi|Aspni_NRRL3_1|1064|NRRL3_01064	NRRL3_01064
jgi|Aspni_NRRL3_1|1065|NRRL3_01065	NRRL3_01065
jgi|Aspni_NRRL3_1|1066|NRRL3_01066	NRRL3_01066
jgi|Aspni_NRRL3_1|1067|NRRL3_01067	NRRL3_01067
jgi|Aspni_NRRL3_1|1068|NRRL3_01068	NRRL3_01068
jgi|Aspni_NRRL3_1|1069|NRRL3_01069	NRRL3_01069
jgi|Aspni_NRRL3_1|1070|NRRL3_01070	NRRL3_01070
jgi|Aspni_NRRL3_1|1071|NRRL3_01071	NRRL3_01071
jgi|Aspni_NRRL3_1|1072|NRRL3_01072	NRRL3_01072
jgi|Aspni_NRRL3_1|1073|NRRL3_01073	NRRL3_01073
jgi|Aspni_NRRL3_1|1074|NRRL3_01074	NRRL3_01074
jgi|Aspni_NRRL3_1|1075|NRRL3_01075	NRRL3_01075
jgi|Aspni_NRRL3_1|1076|NRRL3_01076	NRRL3_01076
jgi|Aspni_NRRL3_1|1077|NRRL3_01077	NRRL3_01077
jgi|Aspni_NRRL3_1|1078|NRRL3_01078	NRRL3_01078
jgi|Aspni_NRRL3_1|1079|NRRL3_01079	NRRL3_01079
jgi|Aspni_NRRL3_1|1080|NRRL3_01080	NRRL3_01080
jgi|Aspni_NRRL3_1|1081|NRRL3_01081	NRRL3_01081
jgi|Aspni_NRRL3_1|1082|NRRL3_01082	NRRL3_01082
jgi|Aspni_NRRL3_1|1083|NRRL3_01083	NRRL3_01083
jgi|Aspni_NRRL3_1|1084|NRRL3_01084	NRRL3_01084
jgi|Aspni_NRRL3_1|1085|NRRL3_01085	NRRL3_01085
jgi|Aspni_NRRL3_1|1086|NRRL3_01086	NRRL3_01086
jgi|Aspni_NRRL3_1|1087|NRRL3_01087	NRRL3_01087
jgi|Aspni_NRRL3_1|1088|NRRL3_01088	NRRL3_01088
jgi|Aspni_NRRL3_1|1089|NRRL3_01089	NRRL3_01089
jgi|Aspni_NRRL3_1|1090|NRRL3_01090	NRRL3_01090
jgi|Aspni_NRRL3_1|1091|NRRL3_01091	NRRL3_01091
jgi|Aspni_NRRL3_1|1092|NRRL3_01092	NRRL3_01092
jgi|Aspni_NRRL3_1|1093|NRRL3_01093	NRRL3_01093
jgi|Aspni_NRRL3_1|1094|NRRL3_01094	NRRL3_01094
jgi|Aspni_NRRL3_1|1095|NRRL3_01095	NRRL3_01095
jgi|Aspni_NRRL3_1|1096|NRRL3_01096	NRRL3_01096
jgi|Aspni_NRRL3_1|1097|NRRL3_01097	NRRL3_01097
jgi|Aspni_NRRL3_1|1098|NRRL3_01098	NRRL3_01098
jgi|Aspni_NRRL3_1|1099|NRRL3_01099	NRRL3_01099
jgi|Aspni_NRRL3_1|1100|NRRL3_01100	NRRL3_01100
jgi|Aspni_NRRL3_1|1101|NRRL3_01101	NRRL3_01101
jgi|Aspni_NRRL3_1|1102|NRRL3_01102	NRRL3_01102
jgi|Aspni_NRRL3_1|1103|NRRL3_01103	NRRL3_01103
jgi|Aspni_NRRL3_1|1104|NRRL3_01104	NRRL3_01104
jgi|Aspni_NRRL3_1|1105|NRRL3_01105	NRRL3_01105
jgi|Aspni_NRRL3_1|1106|NRRL3_01106	NRRL3_01106
jgi|Aspni_NRRL3_1|1107|NRRL3_01107	NRRL3_01107
jgi|Aspni_NRRL3_1|1108|NRRL3_01108	NRRL3_01108
jgi|Aspni_NRRL3_1|1109|NRRL3_01109	NRRL3_01109
jgi|Aspni_NRRL3_1|1110|NRRL3_01110	NRRL3_01110
jgi|Aspni_NRRL3_1|1111|NRRL3_01111	NRRL3_01111
jgi|Aspni_NRRL3_1|1112|NRRL3_01112	NRRL3_01112
jgi|Aspni_NRRL3_1|1113|NRRL3_01113	NRRL3_01113
jgi|Aspni_NRRL3_1|1114|NRRL3_01114	NRRL3_01114
jgi|Aspni_NRRL3_1|1115|NRRL3_01115	NRRL3_01115
jgi|Aspni_NRRL3_1|1116|NRRL3_01116	NRRL3_01116
jgi|Aspni_NRRL3_1|1117|NRRL3_01117	NRRL3_01117
jgi|Aspni_NRRL3_1|1118|NRRL3_01118	NRRL3_01118
jgi|Aspni_NRRL3_1|1119|NRRL3_01119	NRRL3_01119
jgi|Aspni_NRRL3_1|1120|NRRL3_01120	NRRL3_01120
jgi|Aspni_NRRL3_1|1121|NRRL3_01121	NRRL3_01121
jgi|Aspni_NRRL3_1|1122|NRRL3_01122	NRRL3_01122
jgi|Aspni_NRRL3_1|1123|NRRL3_01123	NRRL3_01123
jgi|Aspni_NRRL3_1|1124|NRRL3_01124	NRRL3_01124
jgi|Aspni_NRRL3_1|1125|NRRL3_01125	NRRL3_01125
jgi|Aspni_NRRL3_1|1126|NRRL3_01126	NRRL3_01126
jgi|Aspni_NRRL3_1|1127|NRRL3_01127	NRRL3_01127
jgi|Aspni_NRRL3_1|1128|NRRL3_01128	NRRL3_01128
jgi|Aspni_NRRL3_1|1129|NRRL3_01129	NRRL3_01129
jgi|Aspni_NRRL3_1|1130|NRRL3_01130	NRRL3_01130
jgi|Aspni_NRRL3_1|1131|NRRL3_01131	NRRL3_01131
jgi|Aspni_NRRL3_1|1132|NRRL3_01132	NRRL3_01132
jgi|Aspni_NRRL3_1|1133|NRRL3_01133	NRRL3_01133
jgi|Aspni_NRRL3_1|1134|NRRL3_01134	NRRL3_01134
jgi|Aspni_NRRL3_1|1135|NRRL3_01135	NRRL3_01135
jgi|Aspni_NRRL3_1|1136|NRRL3_01136	NRRL3_01136
jgi|Aspni_NRRL3_1|1137|NRRL3_01137	NRRL3_01137
jgi|Aspni_NRRL3_1|1138|NRRL3_01138	NRRL3_01138
jgi|Aspni_NRRL3_1|1139|NRRL3_01139	NRRL3_01139
jgi|Aspni_NRRL3_1|1140|NRRL3_01140	NRRL3_01140
jgi|Aspni_NRRL3_1|1141|NRRL3_01141	NRRL3_01141
jgi|Aspni_NRRL3_1|1142|NRRL3_01142	NRRL3_01142
jgi|Aspni_NRRL3_1|1143|NRRL3_01143	NRRL3_01143
jgi|Aspni_NRRL3_1|1144|NRRL3_01144	NRRL3_01144
jgi|Aspni_NRRL3_1|1145|NRRL3_01145	NRRL3_01145
jgi|Aspni_NRRL3_1|1146|NRRL3_01146	NRRL3_01146
jgi|Aspni_NRRL3_1|1147|NRRL3_01147	NRRL3_01147
jgi|Aspni_NRRL3_1|1148|NRRL3_01148	NRRL3_01148
jgi|Aspni_NRRL3_1|1149|NRRL3_01149	NRRL3_01149
jgi|Aspni_NRRL3_1|1150|NRRL3_01150	NRRL3_01150
jgi|Aspni_NRRL3_1|1151|NRRL3_01151	NRRL3_01151
jgi|Aspni_NRRL3_1|1152|NRRL3_01152	NRRL3_01152
jgi|Aspni_NRRL3_1|1153|NRRL3_01153	NRRL3_01153
jgi|Aspni_NRRL3_1|1154|NRRL3_01154	NRRL3_01154
jgi|Aspni_NRRL3_1|1155|NRRL3_01155	NRRL3_01155
jgi|Aspni_NRRL3_1|1156|NRRL3_01156	NRRL3_01156
jgi|Aspni_NRRL3_1|1157|NRRL3_01157	NRRL3_01157
jgi|Aspni_NRRL3_1|1158|NRRL3_01158	NRRL3_01158
jgi|Aspni_NRRL3_1|1159|NRRL3_01159	NRRL3_01159
jgi|Aspni_NRRL3_1|1160|NRRL3_01160	NRRL3_01160
jgi|Aspni_NRRL3_1|1161|NRRL3_01161	NRRL3_01161
jgi|Aspni_NRRL3_1|1162|NRRL3_01162	NRRL3_01162
jgi|Aspni_NRRL3_1|1163|NRRL3_01163	NRRL3_01163
jgi|Aspni_NRRL3_1|1164|NRRL3_01164	NRRL3_01164
jgi|Aspni_NRRL3_1|1165|NRRL3_01165	NRRL3_01165
jgi|Aspni_NRRL3_1|1166|NRRL3_01166	NRRL3_01166
jgi|Aspni_NRRL3_1|1167|NRRL3_01167	NRRL3_01167
jgi|Aspni_NRRL3_1|1168|NRRL3_01168	NRRL3_01168
jgi|Aspni_NRRL3_1|1169|NRRL3_01169	NRRL3_01169
jgi|Aspni_NRRL3_1|1170|NRRL3_01170	NRRL3_01170
jgi|Aspni_NRRL3_1|1171|NRRL3_01171	NRRL3_01171
jgi|Aspni_NRRL3_1|1172|NRRL3_01172	NRRL3_01172
jgi|Aspni_NRRL3_1|1173|NRRL3_01173	NRRL3_01173
jgi|Aspni_NRRL3_1|1174|NRRL3_01174	NRRL3_01174
jgi|Aspni_NRRL3_1|1175|NRRL3_01175	NRRL3_01175
jgi|Aspni_NRRL3_1|1176|NRRL3_01176	NRRL3_01176
jgi|Aspni_NRRL3_1|1177|NRRL3_01177	NRRL3_01177
jgi|Aspni_NRRL3_1|1178|NRRL3_01178	NRRL3_01178
jgi|Aspni_NRRL3_1|1179|NRRL3_01179	NRRL3_01179
jgi|Aspni_NRRL3_1|1180|NRRL3_01180	NRRL3_01180
jgi|Aspni_NRRL3_1|1181|NRRL3_01181	NRRL3_01181
jgi|Aspni_NRRL3_1|1182|NRRL3_01182	NRRL3_01182
jgi|Aspni_NRRL3_1|1183|NRRL3_01183	NRRL3_01183
jgi|Aspni_NRRL3_1|1184|NRRL3_01184	NRRL3_01184
jgi|Aspni_NRRL3_1|1185|NRRL3_01185	NRRL3_01185
jgi|Aspni_NRRL3_1|1186|NRRL3_01186	NRRL3_01186
jgi|Aspni_NRRL3_1|1187|NRRL3_01187	NRRL3_01187
jgi|Aspni_NRRL3_1|1188|NRRL3_01188	NRRL3_01188
jgi|Aspni_NRRL3_1|1189|NRRL3_01189	NRRL3_01189
jgi|Aspni_NRRL3_1|1190|NRRL3_01190	NRRL3_01190
jgi|Aspni_NRRL3_1|1191|NRRL3_01191	NRRL3_01191
jgi|Aspni_NRRL3_1|1192|NRRL3_01192	NRRL3_01192
jgi|Aspni_NRRL3_1|1193|NRRL3_01193	NRRL3_01193
jgi|Aspni_NRRL3_1|1194|NRRL3_01194	NRRL3_01194
jgi|Aspni_NRRL3_1|1195|NRRL3_01195	NRRL3_01195
jgi|Aspni_NRRL3_1|1196|NRRL3_01196	NRRL3_01196
jgi|Aspni_NRRL3_1|1197|NRRL3_01197	NRRL3_01197
jgi|Aspni_NRRL3_1|1198|NRRL3_01198	NRRL3_01198
jgi|Aspni_NRRL3_1|1199|NRRL3_01199	NRRL3_01199
jgi|Aspni_NRRL3_1|1200|NRRL3_01200	NRRL3_01200
jgi|Aspni_NRRL3_1|1201|NRRL3_01201	NRRL3_01201
jgi|Aspni_NRRL3_1|1202|NRRL3_01202	NRRL3_01202
jgi|Aspni_NRRL3_1|1203|NRRL3_01203	NRRL3_01203
jgi|Aspni_NRRL3_1|1204|NRRL3_01204	NRRL3_01204
jgi|Aspni_NRRL3_1|1205|NRRL3_01205	NRRL3_01205
jgi|Aspni_NRRL3_1|1206|NRRL3_01206	NRRL3_01206
jgi|Aspni_NRRL3_1|1207|NRRL3_01207	NRRL3_01207
jgi|Aspni_NRRL3_1|1208|NRRL3_01208	NRRL3_01208
jgi|Aspni_NRRL3_1|1209|NRRL3_01209	NRRL3_01209
jgi|Aspni_NRRL3_1|1210|NRRL3_01210	NRRL3_01210
jgi|Aspni_NRRL3_1|1211|NRRL3_01211	NRRL3_01211
jgi|Aspni_NRRL3_1|1212|NRRL3_01212	NRRL3_01212
jgi|Aspni_NRRL3_1|1213|NRRL3_01213	NRRL3_01213
jgi|Aspni_NRRL3_1|1214|NRRL3_01214	NRRL3_01214
jgi|Aspni_NRRL3_1|1215|NRRL3_01215	NRRL3_01215
jgi|Aspni_NRRL3_1|1216|NRRL3_01216	NRRL3_01216
jgi|Aspni_NRRL3_1|1217|NRRL3_01217	NRRL3_01217
jgi|Aspni_NRRL3_1|1218|NRRL3_01218	NRRL3_01218
jgi|Aspni_NRRL3_1|1219|NRRL3_01219	NRRL3_01219
jgi|Aspni_NRRL3_1|1220|NRRL3_01220	NRRL3_01220
jgi|Aspni_NRRL3_1|1221|NRRL3_01221	NRRL3_01221
jgi|Aspni_NRRL3_1|1222|NRRL3_01222	NRRL3_01222
jgi|Aspni_NRRL3_1|1223|NRRL3_01223	NRRL3_01223
jgi|Aspni_NRRL3_1|1224|NRRL3_01224	NRRL3_01224
jgi|Aspni_NRRL3_1|1225|NRRL3_01225	NRRL3_01225
jgi|Aspni_NRRL3_1|1226|NRRL3_01226	NRRL3_01226
jgi|Aspni_NRRL3_1|1227|NRRL3_01227	NRRL3_01227
jgi|Aspni_NRRL3_1|1228|NRRL3_01228	NRRL3_01228
jgi|Aspni_NRRL3_1|1229|NRRL3_01229	NRRL3_01229
jgi|Aspni_NRRL3_1|1230|NRRL3_01230	NRRL3_01230
jgi|Aspni_NRRL3_1|1231|NRRL3_01231	NRRL3_01231
jgi|Aspni_NRRL3_1|1232|NRRL3_01232	NRRL3_01232
jgi|Aspni_NRRL3_1|1233|NRRL3_01233	NRRL3_01233
jgi|Aspni_NRRL3_1|1234|NRRL3_01234	NRRL3_01234
jgi|Aspni_NRRL3_1|1235|NRRL3_01235	NRRL3_01235
jgi|Aspni_NRRL3_1|1236|NRRL3_01236	NRRL3_01236
jgi|Aspni_NRRL3_1|1237|NRRL3_01237	NRRL3_01237
jgi|Aspni_NRRL3_1|1238|NRRL3_01238	NRRL3_01238
jgi|Aspni_NRRL3_1|1239|NRRL3_01239	NRRL3_01239
jgi|Aspni_NRRL3_1|1240|NRRL3_01240	NRRL3_01240
jgi|Aspni_NRRL3_1|1241|NRRL3_01241	NRRL3_01241
jgi|Aspni_NRRL3_1|1242|NRRL3_01242	NRRL3_01242
jgi|Aspni_NRRL3_1|1243|NRRL3_01243	NRRL3_01243
jgi|Aspni_NRRL3_1|1244|NRRL3_01244	NRRL3_01244
jgi|Aspni_NRRL3_1|1245|NRRL3_01245	NRRL3_01245
jgi|Aspni_NRRL3_1|1246|NRRL3_01246	NRRL3_01246
jgi|Aspni_NRRL3_1|1247|NRRL3_01247	NRRL3_01247
jgi|Aspni_NRRL3_1|1248|NRRL3_01248	NRRL3_01248
jgi|Aspni_NRRL3_1|1249|NRRL3_01249	NRRL3_01249
jgi|Aspni_NRRL3_1|1250|NRRL3_01250	NRRL3_01250
jgi|Aspni_NRRL3_1|1251|NRRL3_01251	NRRL3_01251
jgi|Aspni_NRRL3_1|1252|NRRL3_01252	NRRL3_01252
jgi|Aspni_NRRL3_1|1253|NRRL3_01253	NRRL3_01253
jgi|Aspni_NRRL3_1|1254|NRRL3_01254	NRRL3_01254
jgi|Aspni_NRRL3_1|1255|NRRL3_01255	NRRL3_01255
jgi|Aspni_NRRL3_1|1256|NRRL3_01256	NRRL3_01256
jgi|Aspni_NRRL3_1|1257|NRRL3_01257	NRRL3_01257
jgi|Aspni_NRRL3_1|1258|NRRL3_01258	NRRL3_01258
jgi|Aspni_NRRL3_1|1259|NRRL3_01259	NRRL3_01259
jgi|Aspni_NRRL3_1|1260|NRRL3_01260	NRRL3_01260
jgi|Aspni_NRRL3_1|1261|NRRL3_01261	NRRL3_01261
jgi|Aspni_NRRL3_1|1262|NRRL3_01262	NRRL3_01262
jgi|Aspni_NRRL3_1|1263|NRRL3_01263	NRRL3_01263
jgi|Aspni_NRRL3_1|1264|NRRL3_01264	NRRL3_01264
jgi|Aspni_NRRL3_1|1265|NRRL3_01265	NRRL3_01265
jgi|Aspni_NRRL3_1|1266|NRRL3_01266	NRRL3_01266
jgi|Aspni_NRRL3_1|1267|NRRL3_01267	NRRL3_01267
jgi|Aspni_NRRL3_1|1268|NRRL3_01268	NRRL3_01268
jgi|Aspni_NRRL3_1|1269|NRRL3_01269	NRRL3_01269
jgi|Aspni_NRRL3_1|1270|NRRL3_01270	NRRL3_01270
jgi|Aspni_NRRL3_1|1271|NRRL3_01271	NRRL3_01271
jgi|Aspni_NRRL3_1|1272|NRRL3_01272	NRRL3_01272
jgi|Aspni_NRRL3_1|1273|NRRL3_01273	NRRL3_01273
jgi|Aspni_NRRL3_1|1274|NRRL3_01274	NRRL3_01274
jgi|Aspni_NRRL3_1|1275|NRRL3_01275	NRRL3_01275
jgi|Aspni_NRRL3_1|1276|NRRL3_01276	NRRL3_01276
jgi|Aspni_NRRL3_1|1277|NRRL3_01277	NRRL3_01277
jgi|Aspni_NRRL3_1|1278|NRRL3_01278	NRRL3_01278
jgi|Aspni_NRRL3_1|1279|NRRL3_01279	NRRL3_01279
jgi|Aspni_NRRL3_1|1280|NRRL3_01280	NRRL3_01280
jgi|Aspni_NRRL3_1|1281|NRRL3_01281	NRRL3_01281
jgi|Aspni_NRRL3_1|1282|NRRL3_01282	NRRL3_01282
jgi|Aspni_NRRL3_1|1283|NRRL3_01283	NRRL3_01283
jgi|Aspni_NRRL3_1|1284|NRRL3_01284	NRRL3_01284
jgi|Aspni_NRRL3_1|1285|NRRL3_01285	NRRL3_01285
jgi|Aspni_NRRL3_1|1286|NRRL3_01286	NRRL3_01286
jgi|Aspni_NRRL3_1|1287|NRRL3_01287	NRRL3_01287
jgi|Aspni_NRRL3_1|1288|NRRL3_01288	NRRL3_01288
jgi|Aspni_NRRL3_1|1289|NRRL3_01289	NRRL3_01289
jgi|Aspni_NRRL3_1|1290|NRRL3_01290	NRRL3_01290
jgi|Aspni_NRRL3_1|1291|NRRL3_01291	NRRL3_01291
jgi|Aspni_NRRL3_1|1292|NRRL3_01292	NRRL3_01292
jgi|Aspni_NRRL3_1|1293|NRRL3_01293	NRRL3_01293
jgi|Aspni_NRRL3_1|1294|NRRL3_01294	NRRL3_01294
jgi|Aspni_NRRL3_1|1295|NRRL3_01295	NRRL3_01295
jgi|Aspni_NRRL3_1|1296|NRRL3_01296	NRRL3_01296
jgi|Aspni_NRRL3_1|1297|NRRL3_01297	NRRL3_01297
jgi|Aspni_NRRL3_1|1298|NRRL3_01298	NRRL3_01298
jgi|Aspni_NRRL3_1|1299|NRRL3_01299	NRRL3_01299
jgi|Aspni_NRRL3_1|1300|NRRL3_01300	NRRL3_01300
jgi|Aspni_NRRL3_1|1301|NRRL3_01301	NRRL3_01301
jgi|Aspni_NRRL3_1|1302|NRRL3_01302	NRRL3_01302
jgi|Aspni_NRRL3_1|1303|NRRL3_01303	NRRL3_01303
jgi|Aspni_NRRL3_1|1304|NRRL3_01304	NRRL3_01304
jgi|Aspni_NRRL3_1|1305|NRRL3_01305	NRRL3_01305
jgi|Aspni_NRRL3_1|1306|NRRL3_01306	NRRL3_01306
jgi|Aspni_NRRL3_1|1307|NRRL3_01307	NRRL3_01307
jgi|Aspni_NRRL3_1|1308|NRRL3_01308	NRRL3_01308
jgi|Aspni_NRRL3_1|1309|NRRL3_01309	NRRL3_01309
jgi|Aspni_NRRL3_1|1310|NRRL3_01310	NRRL3_01310
jgi|Aspni_NRRL3_1|1311|NRRL3_01311	NRRL3_01311
jgi|Aspni_NRRL3_1|1312|NRRL3_01312	NRRL3_01312
jgi|Aspni_NRRL3_1|1313|NRRL3_01313	NRRL3_01313
jgi|Aspni_NRRL3_1|1314|NRRL3_01314	NRRL3_01314
jgi|Aspni_NRRL3_1|1315|NRRL3_01315	NRRL3_01315
jgi|Aspni_NRRL3_1|1316|NRRL3_01316	NRRL3_01316
jgi|Aspni_NRRL3_1|1317|NRRL3_01317	NRRL3_01317
jgi|Aspni_NRRL3_1|1318|NRRL3_01318	NRRL3_01318
jgi|Aspni_NRRL3_1|1319|NRRL3_01319	NRRL3_01319
jgi|Aspni_NRRL3_1|1320|NRRL3_01320	NRRL3_01320
jgi|Aspni_NRRL3_1|1321|NRRL3_01321	NRRL3_01321
jgi|Aspni_NRRL3_1|1322|NRRL3_01322	NRRL3_01322
jgi|Aspni_NRRL3_1|1323|NRRL3_01323	NRRL3_01323
jgi|Aspni_NRRL3_1|1324|NRRL3_01324	NRRL3_01324
jgi|Aspni_NRRL3_1|1325|NRRL3_01325	NRRL3_01325
jgi|Aspni_NRRL3_1|1326|NRRL3_01326	NRRL3_01326
jgi|Aspni_NRRL3_1|1327|NRRL3_01327	NRRL3_01327
jgi|Aspni_NRRL3_1|1328|NRRL3_01328	NRRL3_01328
jgi|Aspni_NRRL3_1|1329|NRRL3_01329	NRRL3_01329
jgi|Aspni_NRRL3_1|1330|NRRL3_01330	NRRL3_01330
jgi|Aspni_NRRL3_1|1331|NRRL3_01331	NRRL3_01331
jgi|Aspni_NRRL3_1|1332|NRRL3_01332	NRRL3_01332
jgi|Aspni_NRRL3_1|1333|NRRL3_01333	NRRL3_01333
jgi|Aspni_NRRL3_1|1334|NRRL3_01334	NRRL3_01334
jgi|Aspni_NRRL3_1|1335|NRRL3_01335	NRRL3_01335
jgi|Aspni_NRRL3_1|1336|NRRL3_01336	NRRL3_01336
jgi|Aspni_NRRL3_1|1337|NRRL3_01337	NRRL3_01337
jgi|Aspni_NRRL3_1|1338|NRRL3_01338	NRRL3_01338
jgi|Aspni_NRRL3_1|1339|NRRL3_01339	NRRL3_01339
jgi|Aspni_NRRL3_1|1340|NRRL3_01340	NRRL3_01340
jgi|Aspni_NRRL3_1|1341|NRRL3_01341	NRRL3_01341
jgi|Aspni_NRRL3_1|1342|NRRL3_01342	NRRL3_01342
jgi|Aspni_NRRL3_1|1343|NRRL3_01343	NRRL3_01343
jgi|Aspni_NRRL3_1|1344|NRRL3_01344	NRRL3_01344
jgi|Aspni_NRRL3_1|1345|NRRL3_01345	NRRL3_01345
jgi|Aspni_NRRL3_1|1346|NRRL3_01346	NRRL3_01346
jgi|Aspni_NRRL3_1|1347|NRRL3_01347	NRRL3_01347
jgi|Aspni_NRRL3_1|1348|NRRL3_01348	NRRL3_01348
jgi|Aspni_NRRL3_1|1349|NRRL3_01349	NRRL3_01349
jgi|Aspni_NRRL3_1|1350|NRRL3_01350	NRRL3_01350
jgi|Aspni_NRRL3_1|1351|NRRL3_01351	NRRL3_01351
jgi|Aspni_NRRL3_1|1352|NRRL3_01352	NRRL3_01352
jgi|Aspni_NRRL3_1|1353|NRRL3_01353	NRRL3_01353
jgi|Aspni_NRRL3_1|1354|NRRL3_01354	NRRL3_01354
jgi|Aspni_NRRL3_1|1355|NRRL3_01355	NRRL3_01355
jgi|Aspni_NRRL3_1|1356|NRRL3_01356	NRRL3_01356
jgi|Aspni_NRRL3_1|1357|NRRL3_01357	NRRL3_01357
jgi|Aspni_NRRL3_1|1358|NRRL3_01358	NRRL3_01358
jgi|Aspni_NRRL3_1|1359|NRRL3_01359	NRRL3_01359
jgi|Aspni_NRRL3_1|1360|NRRL3_01360	NRRL3_01360
jgi|Aspni_NRRL3_1|1361|NRRL3_01361	NRRL3_01361
jgi|Aspni_NRRL3_1|1362|NRRL3_01362	NRRL3_01362
jgi|Aspni_NRRL3_1|1363|NRRL3_01363	NRRL3_01363
jgi|Aspni_NRRL3_1|1364|NRRL3_01364	NRRL3_01364
jgi|Aspni_NRRL3_1|1365|NRRL3_01365	NRRL3_01365
jgi|Aspni_NRRL3_1|1366|NRRL3_01366	NRRL3_01366
jgi|Aspni_NRRL3_1|1367|NRRL3_01367	NRRL3_01367
jgi|Aspni_NRRL3_1|1368|NRRL3_01368	NRRL3_01368
jgi|Aspni_NRRL3_1|1369|NRRL3_01369	NRRL3_01369
jgi|Aspni_NRRL3_1|1370|NRRL3_01370	NRRL3_01370
jgi|Aspni_NRRL3_1|1371|NRRL3_01371	NRRL3_01371
jgi|Aspni_NRRL3_1|1372|NRRL3_01372	NRRL3_01372
jgi|Aspni_NRRL3_1|1373|NRRL3_01373	NRRL3_01373
jgi|Aspni_NRRL3_1|1374|NRRL3_01374	NRRL3_01374
jgi|Aspni_NRRL3_1|1375|NRRL3_01375	NRRL3_01375
jgi|Aspni_NRRL3_1|1376|NRRL3_01376	NRRL3_01376
jgi|Aspni_NRRL3_1|1377|NRRL3_01377	NRRL3_01377
jgi|Aspni_NRRL3_1|1378|NRRL3_01378	NRRL3_01378
jgi|Aspni_NRRL3_1|1379|NRRL3_01379	NRRL3_01379
jgi|Aspni_NRRL3_1|1380|NRRL3_01380	NRRL3_01380
jgi|Aspni_NRRL3_1|1381|NRRL3_01381	NRRL3_01381
jgi|Aspni_NRRL3_1|1382|NRRL3_01382	NRRL3_01382
jgi|Aspni_NRRL3_1|1383|NRRL3_01383	NRRL3_01383
jgi|Aspni_NRRL3_1|1384|NRRL3_01384	NRRL3_01384
jgi|Aspni_NRRL3_1|1385|NRRL3_01385	NRRL3_01385
jgi|Aspni_NRRL3_1|1386|NRRL3_01386	NRRL3_01386
jgi|Aspni_NRRL3_1|1387|NRRL3_01387	NRRL3_01387
jgi|Aspni_NRRL3_1|1388|NRRL3_01388	NRRL3_01388
jgi|Aspni_NRRL3_1|1389|NRRL3_01389	NRRL3_01389
jgi|Aspni_NRRL3_1|1390|NRRL3_01390	NRRL3_01390
jgi|Aspni_NRRL3_1|1391|NRRL3_01391	NRRL3_01391
jgi|Aspni_NRRL3_1|1392|NRRL3_01392	NRRL3_01392
jgi|Aspni_NRRL3_1|1393|NRRL3_01393	NRRL3_01393
jgi|Aspni_NRRL3_1|1394|NRRL3_01394	NRRL3_01394
jgi|Aspni_NRRL3_1|1395|NRRL3_01395	NRRL3_01395
jgi|Aspni_NRRL3_1|1396|NRRL3_01396	NRRL3_01396
jgi|Aspni_NRRL3_1|1397|NRRL3_01397	NRRL3_01397
jgi|Aspni_NRRL3_1|1398|NRRL3_01398	NRRL3_01398
jgi|Aspni_NRRL3_1|1399|NRRL3_01399	NRRL3_01399
jgi|Aspni_NRRL3_1|1400|NRRL3_01400	NRRL3_01400
jgi|Aspni_NRRL3_1|1401|NRRL3_01401	NRRL3_01401
jgi|Aspni_NRRL3_1|1402|NRRL3_01402	NRRL3_01402
jgi|Aspni_NRRL3_1|1403|NRRL3_01403	NRRL3_01403
jgi|Aspni_NRRL3_1|1404|NRRL3_01404	NRRL3_01404
jgi|Aspni_NRRL3_1|1405|NRRL3_01405	NRRL3_01405
jgi|Aspni_NRRL3_1|1406|NRRL3_01406	NRRL3_01406
jgi|Aspni_NRRL3_1|1407|NRRL3_01407	NRRL3_01407
jgi|Aspni_NRRL3_1|1408|NRRL3_01408	NRRL3_01408
jgi|Aspni_NRRL3_1|1409|NRRL3_01409	NRRL3_01409
jgi|Aspni_NRRL3_1|1410|NRRL3_01410	NRRL3_01410
jgi|Aspni_NRRL3_1|1411|NRRL3_01411	NRRL3_01411
jgi|Aspni_NRRL3_1|1412|NRRL3_01412	NRRL3_01412
jgi|Aspni_NRRL3_1|1413|NRRL3_01413	NRRL3_01413
jgi|Aspni_NRRL3_1|1414|NRRL3_01414	NRRL3_01414
jgi|Aspni_NRRL3_1|1415|NRRL3_01415	NRRL3_01415
jgi|Aspni_NRRL3_1|1416|NRRL3_01416	NRRL3_01416
jgi|Aspni_NRRL3_1|1417|NRRL3_01417	NRRL3_01417
jgi|Aspni_NRRL3_1|1418|NRRL3_01418	NRRL3_01418
jgi|Aspni_NRRL3_1|1419|NRRL3_01419	NRRL3_01419
jgi|Aspni_NRRL3_1|1420|NRRL3_01420	NRRL3_01420
jgi|Aspni_NRRL3_1|1421|NRRL3_01421	NRRL3_01421
jgi|Aspni_NRRL3_1|1422|NRRL3_01422	NRRL3_01422
jgi|Aspni_NRRL3_1|1423|NRRL3_01423	NRRL3_01423
jgi|Aspni_NRRL3_1|1424|NRRL3_01424	NRRL3_01424
jgi|Aspni_NRRL3_1|1425|NRRL3_01425	NRRL3_01425
jgi|Aspni_NRRL3_1|1426|NRRL3_01426	NRRL3_01426
jgi|Aspni_NRRL3_1|1427|NRRL3_01427	NRRL3_01427
jgi|Aspni_NRRL3_1|1428|NRRL3_01428	NRRL3_01428
jgi|Aspni_NRRL3_1|1429|NRRL3_01429	NRRL3_01429
jgi|Aspni_NRRL3_1|1430|NRRL3_01430	NRRL3_01430
jgi|Aspni_NRRL3_1|1431|NRRL3_01431	NRRL3_01431
jgi|Aspni_NRRL3_1|1432|NRRL3_01432	NRRL3_01432
jgi|Aspni_NRRL3_1|1433|NRRL3_01433	NRRL3_01433
jgi|Aspni_NRRL3_1|1434|NRRL3_01434	NRRL3_01434
jgi|Aspni_NRRL3_1|1435|NRRL3_01435	NRRL3_01435
jgi|Aspni_NRRL3_1|1436|NRRL3_01436	NRRL3_01436
jgi|Aspni_NRRL3_1|1437|NRRL3_01437	NRRL3_01437
jgi|Aspni_NRRL3_1|1438|NRRL3_01438	NRRL3_01438
jgi|Aspni_NRRL3_1|1439|NRRL3_01439	NRRL3_01439
jgi|Aspni_NRRL3_1|1440|NRRL3_01440	NRRL3_01440
jgi|Aspni_NRRL3_1|1441|NRRL3_01441	NRRL3_01441
jgi|Aspni_NRRL3_1|1442|NRRL3_01442	NRRL3_01442
jgi|Aspni_NRRL3_1|1443|NRRL3_01443	NRRL3_01443
jgi|Aspni_NRRL3_1|1444|NRRL3_01444	NRRL3_01444
jgi|Aspni_NRRL3_1|1445|NRRL3_01445	NRRL3_01445
jgi|Aspni_NRRL3_1|1446|NRRL3_01446	NRRL3_01446
jgi|Aspni_NRRL3_1|1447|NRRL3_01447	NRRL3_01447
jgi|Aspni_NRRL3_1|1448|NRRL3_01448	NRRL3_01448
jgi|Aspni_NRRL3_1|1449|NRRL3_01449	NRRL3_01449
jgi|Aspni_NRRL3_1|1450|NRRL3_01450	NRRL3_01450
jgi|Aspni_NRRL3_1|1451|NRRL3_01451	NRRL3_01451
jgi|Aspni_NRRL3_1|1452|NRRL3_01452	NRRL3_01452
jgi|Aspni_NRRL3_1|1453|NRRL3_01453	NRRL3_01453
jgi|Aspni_NRRL3_1|1454|NRRL3_01454	NRRL3_01454
jgi|Aspni_NRRL3_1|1455|NRRL3_01455	NRRL3_01455
jgi|Aspni_NRRL3_1|1456|NRRL3_01456	NRRL3_01456
jgi|Aspni_NRRL3_1|1457|NRRL3_01457	NRRL3_01457
jgi|Aspni_NRRL3_1|1458|NRRL3_01458	NRRL3_01458
jgi|Aspni_NRRL3_1|1459|NRRL3_01459	NRRL3_01459
jgi|Aspni_NRRL3_1|1460|NRRL3_01460	NRRL3_01460
jgi|Aspni_NRRL3_1|1461|NRRL3_01461	NRRL3_01461
jgi|Aspni_NRRL3_1|1462|NRRL3_01462	NRRL3_01462
jgi|Aspni_NRRL3_1|1463|NRRL3_01463	NRRL3_01463
jgi|Aspni_NRRL3_1|1464|NRRL3_01464	NRRL3_01464
jgi|Aspni_NRRL3_1|1465|NRRL3_01465	NRRL3_01465
jgi|Aspni_NRRL3_1|1466|NRRL3_01466	NRRL3_01466
jgi|Aspni_NRRL3_1|1467|NRRL3_01467	NRRL3_01467
jgi|Aspni_NRRL3_1|1468|NRRL3_01468	NRRL3_01468
jgi|Aspni_NRRL3_1|1469|NRRL3_01469	NRRL3_01469
jgi|Aspni_NRRL3_1|1470|NRRL3_01470	NRRL3_01470
jgi|Aspni_NRRL3_1|1471|NRRL3_01471	NRRL3_01471
jgi|Aspni_NRRL3_1|1472|NRRL3_01472	NRRL3_01472
jgi|Aspni_NRRL3_1|1473|NRRL3_01473	NRRL3_01473
jgi|Aspni_NRRL3_1|1474|NRRL3_01474	NRRL3_01474
jgi|Aspni_NRRL3_1|1475|NRRL3_01475	NRRL3_01475
jgi|Aspni_NRRL3_1|1476|NRRL3_01476	NRRL3_01476
jgi|Aspni_NRRL3_1|1477|NRRL3_01477	NRRL3_01477
jgi|Aspni_NRRL3_1|1478|NRRL3_01478	NRRL3_01478
jgi|Aspni_NRRL3_1|1479|NRRL3_01479	NRRL3_01479
jgi|Aspni_NRRL3_1|1480|NRRL3_01480	NRRL3_01480
jgi|Aspni_NRRL3_1|1481|NRRL3_01481	NRRL3_01481
jgi|Aspni_NRRL3_1|1482|NRRL3_01482	NRRL3_01482
jgi|Aspni_NRRL3_1|1483|NRRL3_01483	NRRL3_01483
jgi|Aspni_NRRL3_1|1484|NRRL3_01484	NRRL3_01484
jgi|Aspni_NRRL3_1|1485|NRRL3_01485	NRRL3_01485
jgi|Aspni_NRRL3_1|1486|NRRL3_01486	NRRL3_01486
jgi|Aspni_NRRL3_1|1487|NRRL3_01487	NRRL3_01487
jgi|Aspni_NRRL3_1|1488|NRRL3_01488	NRRL3_01488
jgi|Aspni_NRRL3_1|1489|NRRL3_01489	NRRL3_01489
jgi|Aspni_NRRL3_1|1490|NRRL3_01490	NRRL3_01490
jgi|Aspni_NRRL3_1|1491|NRRL3_01491	NRRL3_01491
jgi|Aspni_NRRL3_1|1492|NRRL3_01492	NRRL3_01492
jgi|Aspni_NRRL3_1|1493|NRRL3_01493	NRRL3_01493
jgi|Aspni_NRRL3_1|1494|NRRL3_01494	NRRL3_01494
jgi|Aspni_NRRL3_1|1495|NRRL3_01495	NRRL3_01495
jgi|Aspni_NRRL3_1|1496|NRRL3_01496	NRRL3_01496
jgi|Aspni_NRRL3_1|1497|NRRL3_01497	NRRL3_01497
jgi|Aspni_NRRL3_1|1498|NRRL3_01498	NRRL3_01498
jgi|Aspni_NRRL3_1|1499|NRRL3_01499	NRRL3_01499
jgi|Aspni_NRRL3_1|1500|NRRL3_01500	NRRL3_01500
jgi|Aspni_NRRL3_1|1501|NRRL3_01501	NRRL3_01501
jgi|Aspni_NRRL3_1|1502|NRRL3_01502	NRRL3_01502
jgi|Aspni_NRRL3_1|1503|NRRL3_01503	NRRL3_01503
jgi|Aspni_NRRL3_1|1504|NRRL3_01504	NRRL3_01504
jgi|Aspni_NRRL3_1|1505|NRRL3_01505	NRRL3_01505
jgi|Aspni_NRRL3_1|1506|NRRL3_01506	NRRL3_01506
jgi|Aspni_NRRL3_1|1507|NRRL3_01507	NRRL3_01507
jgi|Aspni_NRRL3_1|1508|NRRL3_01508	NRRL3_01508
jgi|Aspni_NRRL3_1|1509|NRRL3_01509	NRRL3_01509
jgi|Aspni_NRRL3_1|1510|NRRL3_01510	NRRL3_01510
jgi|Aspni_NRRL3_1|1511|NRRL3_01511	NRRL3_01511
jgi|Aspni_NRRL3_1|1512|NRRL3_01512	NRRL3_01512
jgi|Aspni_NRRL3_1|1513|NRRL3_01513	NRRL3_01513
jgi|Aspni_NRRL3_1|1514|NRRL3_01514	NRRL3_01514
jgi|Aspni_NRRL3_1|1515|NRRL3_01515	NRRL3_01515
jgi|Aspni_NRRL3_1|1516|NRRL3_01516	NRRL3_01516
jgi|Aspni_NRRL3_1|1517|NRRL3_01517	NRRL3_01517
jgi|Aspni_NRRL3_1|1518|NRRL3_01518	NRRL3_01518
jgi|Aspni_NRRL3_1|1519|NRRL3_01519	NRRL3_01519
jgi|Aspni_NRRL3_1|1520|NRRL3_01520	NRRL3_01520
jgi|Aspni_NRRL3_1|1521|NRRL3_01521	NRRL3_01521
jgi|Aspni_NRRL3_1|1522|NRRL3_01522	NRRL3_01522
jgi|Aspni_NRRL3_1|1523|NRRL3_01523	NRRL3_01523
jgi|Aspni_NRRL3_1|1524|NRRL3_01524	NRRL3_01524
jgi|Aspni_NRRL3_1|1525|NRRL3_01525	NRRL3_01525
jgi|Aspni_NRRL3_1|1526|NRRL3_01526	NRRL3_01526
jgi|Aspni_NRRL3_1|1527|NRRL3_01527	NRRL3_01527
jgi|Aspni_NRRL3_1|1528|NRRL3_01528	NRRL3_01528
jgi|Aspni_NRRL3_1|1529|NRRL3_01529	NRRL3_01529
jgi|Aspni_NRRL3_1|1530|NRRL3_01530	NRRL3_01530
jgi|Aspni_NRRL3_1|1531|NRRL3_01531	NRRL3_01531
jgi|Aspni_NRRL3_1|1532|NRRL3_01532	NRRL3_01532
jgi|Aspni_NRRL3_1|1533|NRRL3_01533	NRRL3_01533
jgi|Aspni_NRRL3_1|1534|NRRL3_01534	NRRL3_01534
jgi|Aspni_NRRL3_1|1535|NRRL3_01535	NRRL3_01535
jgi|Aspni_NRRL3_1|1536|NRRL3_01536	NRRL3_01536
jgi|Aspni_NRRL3_1|1537|NRRL3_01537	NRRL3_01537
jgi|Aspni_NRRL3_1|1538|NRRL3_01538	NRRL3_01538
jgi|Aspni_NRRL3_1|1539|NRRL3_01539	NRRL3_01539
jgi|Aspni_NRRL3_1|1540|NRRL3_01540	NRRL3_01540
jgi|Aspni_NRRL3_1|1541|NRRL3_01541	NRRL3_01541
jgi|Aspni_NRRL3_1|1542|NRRL3_01542	NRRL3_01542
jgi|Aspni_NRRL3_1|1543|NRRL3_01543	NRRL3_01543
jgi|Aspni_NRRL3_1|1544|NRRL3_01544	NRRL3_01544
jgi|Aspni_NRRL3_1|1545|NRRL3_01545	NRRL3_01545
jgi|Aspni_NRRL3_1|1546|NRRL3_01546	NRRL3_01546
jgi|Aspni_NRRL3_1|1547|NRRL3_01547	NRRL3_01547
jgi|Aspni_NRRL3_1|1548|NRRL3_01548	NRRL3_01548
jgi|Aspni_NRRL3_1|1549|NRRL3_01549	NRRL3_01549
jgi|Aspni_NRRL3_1|1550|NRRL3_01550	NRRL3_01550
jgi|Aspni_NRRL3_1|1551|NRRL3_01551	NRRL3_01551
jgi|Aspni_NRRL3_1|1552|NRRL3_01552	NRRL3_01552
jgi|Aspni_NRRL3_1|1553|NRRL3_01553	NRRL3_01553
jgi|Aspni_NRRL3_1|1554|NRRL3_01554	NRRL3_01554
jgi|Aspni_NRRL3_1|1555|NRRL3_01555	NRRL3_01555
jgi|Aspni_NRRL3_1|1556|NRRL3_01556	NRRL3_01556
jgi|Aspni_NRRL3_1|1557|NRRL3_01557	NRRL3_01557
jgi|Aspni_NRRL3_1|1558|NRRL3_01558	NRRL3_01558
jgi|Aspni_NRRL3_1|1559|NRRL3_01559	NRRL3_01559
jgi|Aspni_NRRL3_1|1560|NRRL3_01560	NRRL3_01560
jgi|Aspni_NRRL3_1|1561|NRRL3_01561	NRRL3_01561
jgi|Aspni_NRRL3_1|1562|NRRL3_01562	NRRL3_01562
jgi|Aspni_NRRL3_1|1563|NRRL3_01563	NRRL3_01563
jgi|Aspni_NRRL3_1|1564|NRRL3_01564	NRRL3_01564
jgi|Aspni_NRRL3_1|1565|NRRL3_01565	NRRL3_01565
jgi|Aspni_NRRL3_1|1566|NRRL3_01566	NRRL3_01566
jgi|Aspni_NRRL3_1|1567|NRRL3_01567	NRRL3_01567
jgi|Aspni_NRRL3_1|1568|NRRL3_01568	NRRL3_01568
jgi|Aspni_NRRL3_1|1569|NRRL3_01569	NRRL3_01569
jgi|Aspni_NRRL3_1|1570|NRRL3_01570	NRRL3_01570
jgi|Aspni_NRRL3_1|1571|NRRL3_01571	NRRL3_01571
jgi|Aspni_NRRL3_1|1572|NRRL3_01572	NRRL3_01572
jgi|Aspni_NRRL3_1|1573|NRRL3_01573	NRRL3_01573
jgi|Aspni_NRRL3_1|1574|NRRL3_01574	NRRL3_01574
jgi|Aspni_NRRL3_1|1575|NRRL3_01575	NRRL3_01575
jgi|Aspni_NRRL3_1|1576|NRRL3_01576	NRRL3_01576
jgi|Aspni_NRRL3_1|1577|NRRL3_01577	NRRL3_01577
jgi|Aspni_NRRL3_1|1578|NRRL3_01578	NRRL3_01578
jgi|Aspni_NRRL3_1|1579|NRRL3_01579	NRRL3_01579
jgi|Aspni_NRRL3_1|1580|NRRL3_01580	NRRL3_01580
jgi|Aspni_NRRL3_1|1581|NRRL3_01581	NRRL3_01581
jgi|Aspni_NRRL3_1|1582|NRRL3_01582	NRRL3_01582
jgi|Aspni_NRRL3_1|1583|NRRL3_01583	NRRL3_01583
jgi|Aspni_NRRL3_1|1584|NRRL3_01584	NRRL3_01584
jgi|Aspni_NRRL3_1|1585|NRRL3_01585	NRRL3_01585
jgi|Aspni_NRRL3_1|1586|NRRL3_01586	NRRL3_01586
jgi|Aspni_NRRL3_1|1587|NRRL3_01587	NRRL3_01587
jgi|Aspni_NRRL3_1|1588|NRRL3_01588	NRRL3_01588
jgi|Aspni_NRRL3_1|1589|NRRL3_01589	NRRL3_01589
jgi|Aspni_NRRL3_1|1590|NRRL3_01590	NRRL3_01590
jgi|Aspni_NRRL3_1|1591|NRRL3_01591	NRRL3_01591
jgi|Aspni_NRRL3_1|1592|NRRL3_01592	NRRL3_01592
jgi|Aspni_NRRL3_1|1593|NRRL3_01593	NRRL3_01593
jgi|Aspni_NRRL3_1|1594|NRRL3_01594	NRRL3_01594
jgi|Aspni_NRRL3_1|1595|NRRL3_01595	NRRL3_01595
jgi|Aspni_NRRL3_1|1596|NRRL3_01596	NRRL3_01596
jgi|Aspni_NRRL3_1|1597|NRRL3_01597	NRRL3_01597
jgi|Aspni_NRRL3_1|1598|NRRL3_01598	NRRL3_01598
jgi|Aspni_NRRL3_1|1599|NRRL3_01599	NRRL3_01599
jgi|Aspni_NRRL3_1|1600|NRRL3_01600	NRRL3_01600
jgi|Aspni_NRRL3_1|1601|NRRL3_01601	NRRL3_01601
jgi|Aspni_NRRL3_1|1602|NRRL3_01602	NRRL3_01602
jgi|Aspni_NRRL3_1|1603|NRRL3_01603	NRRL3_01603
jgi|Aspni_NRRL3_1|1604|NRRL3_01604	NRRL3_01604
jgi|Aspni_NRRL3_1|1605|NRRL3_01605	NRRL3_01605
jgi|Aspni_NRRL3_1|1606|NRRL3_01606	NRRL3_01606
jgi|Aspni_NRRL3_1|1607|NRRL3_01607	NRRL3_01607
jgi|Aspni_NRRL3_1|1608|NRRL3_01608	NRRL3_01608
jgi|Aspni_NRRL3_1|1609|NRRL3_01609	NRRL3_01609
jgi|Aspni_NRRL3_1|1610|NRRL3_01610	NRRL3_01610
jgi|Aspni_NRRL3_1|1611|NRRL3_01611	NRRL3_01611
jgi|Aspni_NRRL3_1|1612|NRRL3_01612	NRRL3_01612
jgi|Aspni_NRRL3_1|1613|NRRL3_01613	NRRL3_01613
jgi|Aspni_NRRL3_1|1614|NRRL3_01614	NRRL3_01614
jgi|Aspni_NRRL3_1|1615|NRRL3_01615	NRRL3_01615
jgi|Aspni_NRRL3_1|1616|NRRL3_01616	NRRL3_01616
jgi|Aspni_NRRL3_1|1617|NRRL3_01617	NRRL3_01617
jgi|Aspni_NRRL3_1|1618|NRRL3_01618	NRRL3_01618
jgi|Aspni_NRRL3_1|1619|NRRL3_01619	NRRL3_01619
jgi|Aspni_NRRL3_1|1620|NRRL3_01620	NRRL3_01620
jgi|Aspni_NRRL3_1|1621|NRRL3_01621	NRRL3_01621
jgi|Aspni_NRRL3_1|1622|NRRL3_01622	NRRL3_01622
jgi|Aspni_NRRL3_1|1623|NRRL3_01623	NRRL3_01623
jgi|Aspni_NRRL3_1|1624|NRRL3_01624	NRRL3_01624
jgi|Aspni_NRRL3_1|1625|NRRL3_01625	NRRL3_01625
jgi|Aspni_NRRL3_1|1626|NRRL3_01626	NRRL3_01626
jgi|Aspni_NRRL3_1|1627|NRRL3_01627	NRRL3_01627
jgi|Aspni_NRRL3_1|1628|NRRL3_01628	NRRL3_01628
jgi|Aspni_NRRL3_1|1629|NRRL3_01629	NRRL3_01629
jgi|Aspni_NRRL3_1|1630|NRRL3_01630	NRRL3_01630
jgi|Aspni_NRRL3_1|1631|NRRL3_01631	NRRL3_01631
jgi|Aspni_NRRL3_1|1632|NRRL3_01632	NRRL3_01632
jgi|Aspni_NRRL3_1|1633|NRRL3_01633	NRRL3_01633
jgi|Aspni_NRRL3_1|1634|NRRL3_01634	NRRL3_01634
jgi|Aspni_NRRL3_1|1635|NRRL3_01635	NRRL3_01635
jgi|Aspni_NRRL3_1|1636|NRRL3_01636	NRRL3_01636
jgi|Aspni_NRRL3_1|1637|NRRL3_01637	NRRL3_01637
jgi|Aspni_NRRL3_1|1638|NRRL3_01638	NRRL3_01638
jgi|Aspni_NRRL3_1|1639|NRRL3_01639	NRRL3_01639
jgi|Aspni_NRRL3_1|1640|NRRL3_01640	NRRL3_01640
jgi|Aspni_NRRL3_1|1641|NRRL3_01641	NRRL3_01641
jgi|Aspni_NRRL3_1|1642|NRRL3_01642	NRRL3_01642
jgi|Aspni_NRRL3_1|1643|NRRL3_01643	NRRL3_01643
jgi|Aspni_NRRL3_1|1644|NRRL3_01644	NRRL3_01644
jgi|Aspni_NRRL3_1|1645|NRRL3_01645	NRRL3_01645
jgi|Aspni_NRRL3_1|1646|NRRL3_01646	NRRL3_01646
jgi|Aspni_NRRL3_1|1647|NRRL3_01647	NRRL3_01647
jgi|Aspni_NRRL3_1|1648|NRRL3_01648	NRRL3_01648
jgi|Aspni_NRRL3_1|1649|NRRL3_01649	NRRL3_01649
jgi|Aspni_NRRL3_1|1650|NRRL3_01650	NRRL3_01650
jgi|Aspni_NRRL3_1|1651|NRRL3_01651	NRRL3_01651
jgi|Aspni_NRRL3_1|1652|NRRL3_01652	NRRL3_01652
jgi|Aspni_NRRL3_1|1653|NRRL3_01653	NRRL3_01653
jgi|Aspni_NRRL3_1|1654|NRRL3_01654	NRRL3_01654
jgi|Aspni_NRRL3_1|1655|NRRL3_01655	NRRL3_01655
jgi|Aspni_NRRL3_1|1656|NRRL3_01656	NRRL3_01656
jgi|Aspni_NRRL3_1|1657|NRRL3_01657	NRRL3_01657
jgi|Aspni_NRRL3_1|1658|NRRL3_01658	NRRL3_01658
jgi|Aspni_NRRL3_1|1659|NRRL3_01659	NRRL3_01659
jgi|Aspni_NRRL3_1|1660|NRRL3_01660	NRRL3_01660
jgi|Aspni_NRRL3_1|1661|NRRL3_01661	NRRL3_01661
jgi|Aspni_NRRL3_1|1662|NRRL3_01662	NRRL3_01662
jgi|Aspni_NRRL3_1|1663|NRRL3_01663	NRRL3_01663
jgi|Aspni_NRRL3_1|1664|NRRL3_01664	NRRL3_01664
jgi|Aspni_NRRL3_1|1665|NRRL3_01665	NRRL3_01665
jgi|Aspni_NRRL3_1|1666|NRRL3_01666	NRRL3_01666
jgi|Aspni_NRRL3_1|1667|NRRL3_01667	NRRL3_01667
jgi|Aspni_NRRL3_1|1668|NRRL3_01668	NRRL3_01668
jgi|Aspni_NRRL3_1|1669|NRRL3_01669	NRRL3_01669
jgi|Aspni_NRRL3_1|1670|NRRL3_01670	NRRL3_01670
jgi|Aspni_NRRL3_1|1671|NRRL3_01671	NRRL3_01671
jgi|Aspni_NRRL3_1|1672|NRRL3_01672	NRRL3_01672
jgi|Aspni_NRRL3_1|1673|NRRL3_01673	NRRL3_01673
jgi|Aspni_NRRL3_1|1674|NRRL3_01674	NRRL3_01674
jgi|Aspni_NRRL3_1|1675|NRRL3_01675	NRRL3_01675
jgi|Aspni_NRRL3_1|1676|NRRL3_01676	NRRL3_01676
jgi|Aspni_NRRL3_1|1677|NRRL3_01677	NRRL3_01677
jgi|Aspni_NRRL3_1|1678|NRRL3_01678	NRRL3_01678
jgi|Aspni_NRRL3_1|1679|NRRL3_01679	NRRL3_01679
jgi|Aspni_NRRL3_1|1680|NRRL3_01680	NRRL3_01680
jgi|Aspni_NRRL3_1|1681|NRRL3_01681	NRRL3_01681
jgi|Aspni_NRRL3_1|1682|NRRL3_01682	NRRL3_01682
jgi|Aspni_NRRL3_1|1683|NRRL3_01683	NRRL3_01683
jgi|Aspni_NRRL3_1|1684|NRRL3_01684	NRRL3_01684
jgi|Aspni_NRRL3_1|1685|NRRL3_01685	NRRL3_01685
jgi|Aspni_NRRL3_1|1686|NRRL3_01686	NRRL3_01686
jgi|Aspni_NRRL3_1|1687|NRRL3_01687	NRRL3_01687
jgi|Aspni_NRRL3_1|1688|NRRL3_01688	NRRL3_01688
jgi|Aspni_NRRL3_1|1689|NRRL3_01689	NRRL3_01689
jgi|Aspni_NRRL3_1|1690|NRRL3_01690	NRRL3_01690
jgi|Aspni_NRRL3_1|1691|NRRL3_01691	NRRL3_01691
jgi|Aspni_NRRL3_1|1692|NRRL3_01692	NRRL3_01692
jgi|Aspni_NRRL3_1|1693|NRRL3_01693	NRRL3_01693
jgi|Aspni_NRRL3_1|1694|NRRL3_01694	NRRL3_01694
jgi|Aspni_NRRL3_1|1695|NRRL3_01695	NRRL3_01695
jgi|Aspni_NRRL3_1|1696|NRRL3_01696	NRRL3_01696
jgi|Aspni_NRRL3_1|1697|NRRL3_01697	NRRL3_01697
jgi|Aspni_NRRL3_1|1698|NRRL3_01698	NRRL3_01698
jgi|Aspni_NRRL3_1|1699|NRRL3_01699	NRRL3_01699
jgi|Aspni_NRRL3_1|1700|NRRL3_01700	NRRL3_01700
jgi|Aspni_NRRL3_1|1701|NRRL3_01701	NRRL3_01701
jgi|Aspni_NRRL3_1|1702|NRRL3_01702	NRRL3_01702
jgi|Aspni_NRRL3_1|1703|NRRL3_01703	NRRL3_01703
jgi|Aspni_NRRL3_1|1704|NRRL3_01704	NRRL3_01704
jgi|Aspni_NRRL3_1|1705|NRRL3_01705	NRRL3_01705
jgi|Aspni_NRRL3_1|1706|NRRL3_01706	NRRL3_01706
jgi|Aspni_NRRL3_1|1707|NRRL3_01707	NRRL3_01707
jgi|Aspni_NRRL3_1|1708|NRRL3_01708	NRRL3_01708
jgi|Aspni_NRRL3_1|1709|NRRL3_01709	NRRL3_01709
jgi|Aspni_NRRL3_1|1710|NRRL3_01710	NRRL3_01710
jgi|Aspni_NRRL3_1|1711|NRRL3_01711	NRRL3_01711
jgi|Aspni_NRRL3_1|1712|NRRL3_01712	NRRL3_01712
jgi|Aspni_NRRL3_1|1713|NRRL3_01713	NRRL3_01713
jgi|Aspni_NRRL3_1|1714|NRRL3_01714	NRRL3_01714
jgi|Aspni_NRRL3_1|1715|NRRL3_01715	NRRL3_01715
jgi|Aspni_NRRL3_1|1716|NRRL3_01716	NRRL3_01716
jgi|Aspni_NRRL3_1|1717|NRRL3_01717	NRRL3_01717
jgi|Aspni_NRRL3_1|1718|NRRL3_01718	NRRL3_01718
jgi|Aspni_NRRL3_1|1719|NRRL3_01719	NRRL3_01719
jgi|Aspni_NRRL3_1|1720|NRRL3_01720	NRRL3_01720
jgi|Aspni_NRRL3_1|1721|NRRL3_01721	NRRL3_01721
jgi|Aspni_NRRL3_1|1722|NRRL3_01722	NRRL3_01722
jgi|Aspni_NRRL3_1|1723|NRRL3_01723	NRRL3_01723
jgi|Aspni_NRRL3_1|1724|NRRL3_01724	NRRL3_01724
jgi|Aspni_NRRL3_1|1725|NRRL3_01725	NRRL3_01725
jgi|Aspni_NRRL3_1|1726|NRRL3_01726	NRRL3_01726
jgi|Aspni_NRRL3_1|1727|NRRL3_01727	NRRL3_01727
jgi|Aspni_NRRL3_1|1728|NRRL3_01728	NRRL3_01728
jgi|Aspni_NRRL3_1|1729|NRRL3_01729	NRRL3_01729
jgi|Aspni_NRRL3_1|1730|NRRL3_01730	NRRL3_01730
jgi|Aspni_NRRL3_1|1731|NRRL3_01731	NRRL3_01731
jgi|Aspni_NRRL3_1|1732|NRRL3_01732	NRRL3_01732
jgi|Aspni_NRRL3_1|1733|NRRL3_01733	NRRL3_01733
jgi|Aspni_NRRL3_1|1734|NRRL3_01734	NRRL3_01734
jgi|Aspni_NRRL3_1|1735|NRRL3_01735	NRRL3_01735
jgi|Aspni_NRRL3_1|1736|NRRL3_01736	NRRL3_01736
jgi|Aspni_NRRL3_1|1737|NRRL3_01737	NRRL3_01737
jgi|Aspni_NRRL3_1|1738|NRRL3_01738	NRRL3_01738
jgi|Aspni_NRRL3_1|1739|NRRL3_01739	NRRL3_01739
jgi|Aspni_NRRL3_1|1740|NRRL3_01740	NRRL3_01740
jgi|Aspni_NRRL3_1|1741|NRRL3_01741	NRRL3_01741
jgi|Aspni_NRRL3_1|1742|NRRL3_01742	NRRL3_01742
jgi|Aspni_NRRL3_1|1743|NRRL3_01743	NRRL3_01743
jgi|Aspni_NRRL3_1|1744|NRRL3_01744	NRRL3_01744
jgi|Aspni_NRRL3_1|1745|NRRL3_01745	NRRL3_01745
jgi|Aspni_NRRL3_1|1746|NRRL3_01746	NRRL3_01746
jgi|Aspni_NRRL3_1|1747|NRRL3_01747	NRRL3_01747
jgi|Aspni_NRRL3_1|1748|NRRL3_01748	NRRL3_01748
jgi|Aspni_NRRL3_1|1749|NRRL3_01749	NRRL3_01749
jgi|Aspni_NRRL3_1|1750|NRRL3_01750	NRRL3_01750
jgi|Aspni_NRRL3_1|1751|NRRL3_01751	NRRL3_01751
jgi|Aspni_NRRL3_1|1752|NRRL3_01752	NRRL3_01752
jgi|Aspni_NRRL3_1|1753|NRRL3_01753	NRRL3_01753
jgi|Aspni_NRRL3_1|1754|NRRL3_01754	NRRL3_01754
jgi|Aspni_NRRL3_1|1755|NRRL3_01755	NRRL3_01755
jgi|Aspni_NRRL3_1|1756|NRRL3_01756	NRRL3_01756
jgi|Aspni_NRRL3_1|1757|NRRL3_01757	NRRL3_01757
jgi|Aspni_NRRL3_1|1758|NRRL3_01758	NRRL3_01758
jgi|Aspni_NRRL3_1|1759|NRRL3_01759	NRRL3_01759
jgi|Aspni_NRRL3_1|1760|NRRL3_01760	NRRL3_01760
jgi|Aspni_NRRL3_1|1761|NRRL3_01761	NRRL3_01761
jgi|Aspni_NRRL3_1|1762|NRRL3_01762	NRRL3_01762
jgi|Aspni_NRRL3_1|1763|NRRL3_01763	NRRL3_01763
jgi|Aspni_NRRL3_1|1764|NRRL3_01764	NRRL3_01764
jgi|Aspni_NRRL3_1|1765|NRRL3_01765	NRRL3_01765
jgi|Aspni_NRRL3_1|1766|NRRL3_01766	NRRL3_01766
jgi|Aspni_NRRL3_1|1767|NRRL3_01767	NRRL3_01767
jgi|Aspni_NRRL3_1|1768|NRRL3_01768	NRRL3_01768
jgi|Aspni_NRRL3_1|1769|NRRL3_01769	NRRL3_01769
jgi|Aspni_NRRL3_1|1770|NRRL3_01770	NRRL3_01770
jgi|Aspni_NRRL3_1|1771|NRRL3_01771	NRRL3_01771
jgi|Aspni_NRRL3_1|1772|NRRL3_01772	NRRL3_01772
jgi|Aspni_NRRL3_1|1773|NRRL3_01773	NRRL3_01773
jgi|Aspni_NRRL3_1|1774|NRRL3_01774	NRRL3_01774
jgi|Aspni_NRRL3_1|1775|NRRL3_01775	NRRL3_01775
jgi|Aspni_NRRL3_1|1776|NRRL3_01776	NRRL3_01776
jgi|Aspni_NRRL3_1|1777|NRRL3_01777	NRRL3_01777
jgi|Aspni_NRRL3_1|1778|NRRL3_01778	NRRL3_01778
jgi|Aspni_NRRL3_1|1779|NRRL3_01779	NRRL3_01779
jgi|Aspni_NRRL3_1|1780|NRRL3_01780	NRRL3_01780
jgi|Aspni_NRRL3_1|1781|NRRL3_01781	NRRL3_01781
jgi|Aspni_NRRL3_1|1782|NRRL3_01782	NRRL3_01782
jgi|Aspni_NRRL3_1|1783|NRRL3_01783	NRRL3_01783
jgi|Aspni_NRRL3_1|1784|NRRL3_01784	NRRL3_01784
jgi|Aspni_NRRL3_1|1785|NRRL3_01785	NRRL3_01785
jgi|Aspni_NRRL3_1|1786|NRRL3_01786	NRRL3_01786
jgi|Aspni_NRRL3_1|1787|NRRL3_01787	NRRL3_01787
jgi|Aspni_NRRL3_1|1788|NRRL3_01788	NRRL3_01788
jgi|Aspni_NRRL3_1|1789|NRRL3_01789	NRRL3_01789
jgi|Aspni_NRRL3_1|1790|NRRL3_01790	NRRL3_01790
jgi|Aspni_NRRL3_1|1791|NRRL3_01791	NRRL3_01791
jgi|Aspni_NRRL3_1|1792|NRRL3_01792	NRRL3_01792
jgi|Aspni_NRRL3_1|1793|NRRL3_01793	NRRL3_01793
jgi|Aspni_NRRL3_1|1794|NRRL3_01794	NRRL3_01794
jgi|Aspni_NRRL3_1|1795|NRRL3_01795	NRRL3_01795
jgi|Aspni_NRRL3_1|1796|NRRL3_01796	NRRL3_01796
jgi|Aspni_NRRL3_1|1797|NRRL3_01797	NRRL3_01797
jgi|Aspni_NRRL3_1|1798|NRRL3_01798	NRRL3_01798
jgi|Aspni_NRRL3_1|1799|NRRL3_01799	NRRL3_01799
jgi|Aspni_NRRL3_1|1800|NRRL3_01800	NRRL3_01800
jgi|Aspni_NRRL3_1|1801|NRRL3_01801	NRRL3_01801
jgi|Aspni_NRRL3_1|1802|NRRL3_01802	NRRL3_01802
jgi|Aspni_NRRL3_1|1803|NRRL3_01803	NRRL3_01803
jgi|Aspni_NRRL3_1|1804|NRRL3_01804	NRRL3_01804
jgi|Aspni_NRRL3_1|1805|NRRL3_01805	NRRL3_01805
jgi|Aspni_NRRL3_1|1806|NRRL3_01806	NRRL3_01806
jgi|Aspni_NRRL3_1|1807|NRRL3_01807	NRRL3_01807
jgi|Aspni_NRRL3_1|1808|NRRL3_01808	NRRL3_01808
jgi|Aspni_NRRL3_1|1809|NRRL3_01809	NRRL3_01809
jgi|Aspni_NRRL3_1|1810|NRRL3_01810	NRRL3_01810
jgi|Aspni_NRRL3_1|1811|NRRL3_01811	NRRL3_01811
jgi|Aspni_NRRL3_1|1812|NRRL3_01812	NRRL3_01812
jgi|Aspni_NRRL3_1|1813|NRRL3_01813	NRRL3_01813
jgi|Aspni_NRRL3_1|1814|NRRL3_01814	NRRL3_01814
jgi|Aspni_NRRL3_1|1815|NRRL3_01815	NRRL3_01815
jgi|Aspni_NRRL3_1|1816|NRRL3_01816	NRRL3_01816
jgi|Aspni_NRRL3_1|1817|NRRL3_01817	NRRL3_01817
jgi|Aspni_NRRL3_1|1818|NRRL3_01818	NRRL3_01818
jgi|Aspni_NRRL3_1|1819|NRRL3_01819	NRRL3_01819
jgi|Aspni_NRRL3_1|1820|NRRL3_01820	NRRL3_01820
jgi|Aspni_NRRL3_1|1821|NRRL3_01821	NRRL3_01821
jgi|Aspni_NRRL3_1|1822|NRRL3_01822	NRRL3_01822
jgi|Aspni_NRRL3_1|1823|NRRL3_01823	NRRL3_01823
jgi|Aspni_NRRL3_1|1824|NRRL3_01824	NRRL3_01824
jgi|Aspni_NRRL3_1|1825|NRRL3_01825	NRRL3_01825
jgi|Aspni_NRRL3_1|1826|NRRL3_01826	NRRL3_01826
jgi|Aspni_NRRL3_1|1827|NRRL3_01827	NRRL3_01827
jgi|Aspni_NRRL3_1|1828|NRRL3_01828	NRRL3_01828
jgi|Aspni_NRRL3_1|1829|NRRL3_01829	NRRL3_01829
jgi|Aspni_NRRL3_1|1830|NRRL3_01830	NRRL3_01830
jgi|Aspni_NRRL3_1|1831|NRRL3_01831	NRRL3_01831
jgi|Aspni_NRRL3_1|1832|NRRL3_01832	NRRL3_01832
jgi|Aspni_NRRL3_1|1833|NRRL3_01833	NRRL3_01833
jgi|Aspni_NRRL3_1|1834|NRRL3_01834	NRRL3_01834
jgi|Aspni_NRRL3_1|1835|NRRL3_01835	NRRL3_01835
jgi|Aspni_NRRL3_1|1836|NRRL3_01836	NRRL3_01836
jgi|Aspni_NRRL3_1|1837|NRRL3_01837	NRRL3_01837
jgi|Aspni_NRRL3_1|1838|NRRL3_01838	NRRL3_01838
jgi|Aspni_NRRL3_1|1839|NRRL3_01839	NRRL3_01839
jgi|Aspni_NRRL3_1|1840|NRRL3_01840	NRRL3_01840
jgi|Aspni_NRRL3_1|1841|NRRL3_01841	NRRL3_01841
jgi|Aspni_NRRL3_1|1842|NRRL3_01842	NRRL3_01842
jgi|Aspni_NRRL3_1|1843|NRRL3_01843	NRRL3_01843
jgi|Aspni_NRRL3_1|1844|NRRL3_01844	NRRL3_01844
jgi|Aspni_NRRL3_1|1845|NRRL3_01845	NRRL3_01845
jgi|Aspni_NRRL3_1|1846|NRRL3_01846	NRRL3_01846
jgi|Aspni_NRRL3_1|1847|NRRL3_01847	NRRL3_01847
jgi|Aspni_NRRL3_1|1848|NRRL3_01848	NRRL3_01848
jgi|Aspni_NRRL3_1|1849|NRRL3_01849	NRRL3_01849
jgi|Aspni_NRRL3_1|1850|NRRL3_01850	NRRL3_01850
jgi|Aspni_NRRL3_1|1851|NRRL3_01851	NRRL3_01851
jgi|Aspni_NRRL3_1|1852|NRRL3_01852	NRRL3_01852
jgi|Aspni_NRRL3_1|1853|NRRL3_01853	NRRL3_01853
jgi|Aspni_NRRL3_1|1854|NRRL3_01854	NRRL3_01854
jgi|Aspni_NRRL3_1|1855|NRRL3_01855	NRRL3_01855
jgi|Aspni_NRRL3_1|1856|NRRL3_01856	NRRL3_01856
jgi|Aspni_NRRL3_1|1857|NRRL3_01857	NRRL3_01857
jgi|Aspni_NRRL3_1|1858|NRRL3_01858	NRRL3_01858
jgi|Aspni_NRRL3_1|1859|NRRL3_01859	NRRL3_01859
jgi|Aspni_NRRL3_1|1860|NRRL3_01860	NRRL3_01860
jgi|Aspni_NRRL3_1|1861|NRRL3_01861	NRRL3_01861
jgi|Aspni_NRRL3_1|1862|NRRL3_01862	NRRL3_01862
jgi|Aspni_NRRL3_1|1863|NRRL3_01863	NRRL3_01863
jgi|Aspni_NRRL3_1|1864|NRRL3_01864	NRRL3_01864
jgi|Aspni_NRRL3_1|1865|NRRL3_01865	NRRL3_01865
jgi|Aspni_NRRL3_1|1866|NRRL3_01866	NRRL3_01866
jgi|Aspni_NRRL3_1|1867|NRRL3_01867	NRRL3_01867
jgi|Aspni_NRRL3_1|1868|NRRL3_01868	NRRL3_01868
jgi|Aspni_NRRL3_1|1869|NRRL3_01869	NRRL3_01869
jgi|Aspni_NRRL3_1|1870|NRRL3_01870	NRRL3_01870
jgi|Aspni_NRRL3_1|1871|NRRL3_01871	NRRL3_01871
jgi|Aspni_NRRL3_1|1872|NRRL3_01872	NRRL3_01872
jgi|Aspni_NRRL3_1|1873|NRRL3_01873	NRRL3_01873
jgi|Aspni_NRRL3_1|1874|NRRL3_01874	NRRL3_01874
jgi|Aspni_NRRL3_1|1875|NRRL3_01875	NRRL3_01875
jgi|Aspni_NRRL3_1|1876|NRRL3_01876	NRRL3_01876
jgi|Aspni_NRRL3_1|1877|NRRL3_01877	NRRL3_01877
jgi|Aspni_NRRL3_1|1878|NRRL3_01878	NRRL3_01878
jgi|Aspni_NRRL3_1|1879|NRRL3_01879	NRRL3_01879
jgi|Aspni_NRRL3_1|1880|NRRL3_01880	NRRL3_01880
jgi|Aspni_NRRL3_1|1881|NRRL3_01881	NRRL3_01881
jgi|Aspni_NRRL3_1|1882|NRRL3_01882	NRRL3_01882
jgi|Aspni_NRRL3_1|1883|NRRL3_01883	NRRL3_01883
jgi|Aspni_NRRL3_1|1884|NRRL3_01884	NRRL3_01884
jgi|Aspni_NRRL3_1|1885|NRRL3_01885	NRRL3_01885
jgi|Aspni_NRRL3_1|1886|NRRL3_01886	NRRL3_01886
jgi|Aspni_NRRL3_1|1887|NRRL3_01887	NRRL3_01887
jgi|Aspni_NRRL3_1|1888|NRRL3_01888	NRRL3_01888
jgi|Aspni_NRRL3_1|1889|NRRL3_01889	NRRL3_01889
jgi|Aspni_NRRL3_1|1890|NRRL3_01890	NRRL3_01890
jgi|Aspni_NRRL3_1|1891|NRRL3_01891	NRRL3_01891
jgi|Aspni_NRRL3_1|1892|NRRL3_01892	NRRL3_01892
jgi|Aspni_NRRL3_1|1893|NRRL3_01893	NRRL3_01893
jgi|Aspni_NRRL3_1|1894|NRRL3_01894	NRRL3_01894
jgi|Aspni_NRRL3_1|1895|NRRL3_01895	NRRL3_01895
jgi|Aspni_NRRL3_1|1896|NRRL3_01896	NRRL3_01896
jgi|Aspni_NRRL3_1|1897|NRRL3_01897	NRRL3_01897
jgi|Aspni_NRRL3_1|1898|NRRL3_01898	NRRL3_01898
jgi|Aspni_NRRL3_1|1899|NRRL3_01899	NRRL3_01899
jgi|Aspni_NRRL3_1|1900|NRRL3_01900	NRRL3_01900
jgi|Aspni_NRRL3_1|1901|NRRL3_01901	NRRL3_01901
jgi|Aspni_NRRL3_1|1902|NRRL3_01902	NRRL3_01902
jgi|Aspni_NRRL3_1|1903|NRRL3_01903	NRRL3_01903
jgi|Aspni_NRRL3_1|1904|NRRL3_01904	NRRL3_01904
jgi|Aspni_NRRL3_1|1905|NRRL3_01905	NRRL3_01905
jgi|Aspni_NRRL3_1|1906|NRRL3_01906	NRRL3_01906
jgi|Aspni_NRRL3_1|1907|NRRL3_01907	NRRL3_01907
jgi|Aspni_NRRL3_1|1908|NRRL3_01908	NRRL3_01908
jgi|Aspni_NRRL3_1|1909|NRRL3_01909	NRRL3_01909
jgi|Aspni_NRRL3_1|1910|NRRL3_01910	NRRL3_01910
jgi|Aspni_NRRL3_1|1911|NRRL3_01911	NRRL3_01911
jgi|Aspni_NRRL3_1|1912|NRRL3_01912	NRRL3_01912
jgi|Aspni_NRRL3_1|1913|NRRL3_01913	NRRL3_01913
jgi|Aspni_NRRL3_1|1914|NRRL3_01914	NRRL3_01914
jgi|Aspni_NRRL3_1|1915|NRRL3_01915	NRRL3_01915
jgi|Aspni_NRRL3_1|1916|NRRL3_01916	NRRL3_01916
jgi|Aspni_NRRL3_1|1917|NRRL3_01917	NRRL3_01917
jgi|Aspni_NRRL3_1|1918|NRRL3_01918	NRRL3_01918
jgi|Aspni_NRRL3_1|1919|NRRL3_01919	NRRL3_01919
jgi|Aspni_NRRL3_1|1920|NRRL3_01920	NRRL3_01920
jgi|Aspni_NRRL3_1|1921|NRRL3_01921	NRRL3_01921
jgi|Aspni_NRRL3_1|1922|NRRL3_01922	NRRL3_01922
jgi|Aspni_NRRL3_1|1923|NRRL3_01923	NRRL3_01923
jgi|Aspni_NRRL3_1|1924|NRRL3_01924	NRRL3_01924
jgi|Aspni_NRRL3_1|1925|NRRL3_01925	NRRL3_01925
jgi|Aspni_NRRL3_1|1926|NRRL3_01926	NRRL3_01926
jgi|Aspni_NRRL3_1|1927|NRRL3_01927	NRRL3_01927
jgi|Aspni_NRRL3_1|1928|NRRL3_01928	NRRL3_01928
jgi|Aspni_NRRL3_1|1929|NRRL3_01929	NRRL3_01929
jgi|Aspni_NRRL3_1|1930|NRRL3_01930	NRRL3_01930
jgi|Aspni_NRRL3_1|1931|NRRL3_01931	NRRL3_01931
jgi|Aspni_NRRL3_1|1932|NRRL3_01932	NRRL3_01932
jgi|Aspni_NRRL3_1|1933|NRRL3_01933	NRRL3_01933
jgi|Aspni_NRRL3_1|1934|NRRL3_01934	NRRL3_01934
jgi|Aspni_NRRL3_1|1935|NRRL3_01935	NRRL3_01935
jgi|Aspni_NRRL3_1|1936|NRRL3_01936	NRRL3_01936
jgi|Aspni_NRRL3_1|1937|NRRL3_01937	NRRL3_01937
jgi|Aspni_NRRL3_1|1938|NRRL3_01938	NRRL3_01938
jgi|Aspni_NRRL3_1|1939|NRRL3_01939	NRRL3_01939
jgi|Aspni_NRRL3_1|1940|NRRL3_01940	NRRL3_01940
jgi|Aspni_NRRL3_1|1941|NRRL3_01941	NRRL3_01941
jgi|Aspni_NRRL3_1|1942|NRRL3_01942	NRRL3_01942
jgi|Aspni_NRRL3_1|1943|NRRL3_01943	NRRL3_01943
jgi|Aspni_NRRL3_1|1944|NRRL3_01944	NRRL3_01944
jgi|Aspni_NRRL3_1|1945|NRRL3_01945	NRRL3_01945
jgi|Aspni_NRRL3_1|1946|NRRL3_01946	NRRL3_01946
jgi|Aspni_NRRL3_1|1947|NRRL3_01947	NRRL3_01947
jgi|Aspni_NRRL3_1|1948|NRRL3_01948	NRRL3_01948
jgi|Aspni_NRRL3_1|1949|NRRL3_01949	NRRL3_01949
jgi|Aspni_NRRL3_1|1950|NRRL3_01950	NRRL3_01950
jgi|Aspni_NRRL3_1|1951|NRRL3_01951	NRRL3_01951
jgi|Aspni_NRRL3_1|1952|NRRL3_01952	NRRL3_01952
jgi|Aspni_NRRL3_1|1953|NRRL3_01953	NRRL3_01953
jgi|Aspni_NRRL3_1|1954|NRRL3_01954	NRRL3_01954
jgi|Aspni_NRRL3_1|1955|NRRL3_01955	NRRL3_01955
jgi|Aspni_NRRL3_1|1956|NRRL3_01956	NRRL3_01956
jgi|Aspni_NRRL3_1|1957|NRRL3_01957	NRRL3_01957
jgi|Aspni_NRRL3_1|1958|NRRL3_01958	NRRL3_01958
jgi|Aspni_NRRL3_1|1959|NRRL3_01959	NRRL3_01959
jgi|Aspni_NRRL3_1|1960|NRRL3_01960	NRRL3_01960
jgi|Aspni_NRRL3_1|1961|NRRL3_01961	NRRL3_01961
jgi|Aspni_NRRL3_1|1962|NRRL3_01962	NRRL3_01962
jgi|Aspni_NRRL3_1|1963|NRRL3_01963	NRRL3_01963
jgi|Aspni_NRRL3_1|1964|NRRL3_01964	NRRL3_01964
jgi|Aspni_NRRL3_1|1965|NRRL3_01965	NRRL3_01965
jgi|Aspni_NRRL3_1|1966|NRRL3_01966	NRRL3_01966
jgi|Aspni_NRRL3_1|1967|NRRL3_01967	NRRL3_01967
jgi|Aspni_NRRL3_1|1968|NRRL3_01968	NRRL3_01968
jgi|Aspni_NRRL3_1|1969|NRRL3_01969	NRRL3_01969
jgi|Aspni_NRRL3_1|1970|NRRL3_01970	NRRL3_01970
jgi|Aspni_NRRL3_1|1971|NRRL3_01971	NRRL3_01971
jgi|Aspni_NRRL3_1|1972|NRRL3_01972	NRRL3_01972
jgi|Aspni_NRRL3_1|1973|NRRL3_01973	NRRL3_01973
jgi|Aspni_NRRL3_1|1974|NRRL3_01974	NRRL3_01974
jgi|Aspni_NRRL3_1|1975|NRRL3_01975	NRRL3_01975
jgi|Aspni_NRRL3_1|1976|NRRL3_01976	NRRL3_01976
jgi|Aspni_NRRL3_1|1977|NRRL3_01977	NRRL3_01977
jgi|Aspni_NRRL3_1|1978|NRRL3_01978	NRRL3_01978
jgi|Aspni_NRRL3_1|1979|NRRL3_01979	NRRL3_01979
jgi|Aspni_NRRL3_1|1980|NRRL3_01980	NRRL3_01980
jgi|Aspni_NRRL3_1|1981|NRRL3_01981	NRRL3_01981
jgi|Aspni_NRRL3_1|1982|NRRL3_01982	NRRL3_01982
jgi|Aspni_NRRL3_1|1983|NRRL3_01983	NRRL3_01983
jgi|Aspni_NRRL3_1|1984|NRRL3_01984	NRRL3_01984
jgi|Aspni_NRRL3_1|1985|NRRL3_01985	NRRL3_01985
jgi|Aspni_NRRL3_1|1986|NRRL3_01986	NRRL3_01986
jgi|Aspni_NRRL3_1|1987|NRRL3_01987	NRRL3_01987
jgi|Aspni_NRRL3_1|1988|NRRL3_01988	NRRL3_01988
jgi|Aspni_NRRL3_1|1989|NRRL3_01989	NRRL3_01989
jgi|Aspni_NRRL3_1|1990|NRRL3_01990	NRRL3_01990
jgi|Aspni_NRRL3_1|1991|NRRL3_01991	NRRL3_01991
jgi|Aspni_NRRL3_1|1992|NRRL3_01992	NRRL3_01992
jgi|Aspni_NRRL3_1|1993|NRRL3_01993	NRRL3_01993
jgi|Aspni_NRRL3_1|1994|NRRL3_01994	NRRL3_01994
jgi|Aspni_NRRL3_1|1995|NRRL3_01995	NRRL3_01995
jgi|Aspni_NRRL3_1|1996|NRRL3_01996	NRRL3_01996
jgi|Aspni_NRRL3_1|1997|NRRL3_01997	NRRL3_01997
jgi|Aspni_NRRL3_1|1998|NRRL3_01998	NRRL3_01998
jgi|Aspni_NRRL3_1|1999|NRRL3_01999	NRRL3_01999
jgi|Aspni_NRRL3_1|2000|NRRL3_02000	NRRL3_02000
jgi|Aspni_NRRL3_1|2001|NRRL3_02001	NRRL3_02001
jgi|Aspni_NRRL3_1|2002|NRRL3_02002	NRRL3_02002
jgi|Aspni_NRRL3_1|2003|NRRL3_02003	NRRL3_02003
jgi|Aspni_NRRL3_1|2004|NRRL3_02004	NRRL3_02004
jgi|Aspni_NRRL3_1|2005|NRRL3_02005	NRRL3_02005
jgi|Aspni_NRRL3_1|2006|NRRL3_02006	NRRL3_02006
jgi|Aspni_NRRL3_1|2007|NRRL3_02007	NRRL3_02007
jgi|Aspni_NRRL3_1|2008|NRRL3_02008	NRRL3_02008
jgi|Aspni_NRRL3_1|2009|NRRL3_02009	NRRL3_02009
jgi|Aspni_NRRL3_1|2010|NRRL3_02010	NRRL3_02010
jgi|Aspni_NRRL3_1|2011|NRRL3_02011	NRRL3_02011
jgi|Aspni_NRRL3_1|2012|NRRL3_02012	NRRL3_02012
jgi|Aspni_NRRL3_1|2013|NRRL3_02013	NRRL3_02013
jgi|Aspni_NRRL3_1|2014|NRRL3_02014	NRRL3_02014
jgi|Aspni_NRRL3_1|2015|NRRL3_02015	NRRL3_02015
jgi|Aspni_NRRL3_1|2016|NRRL3_02016	NRRL3_02016
jgi|Aspni_NRRL3_1|2017|NRRL3_02017	NRRL3_02017
jgi|Aspni_NRRL3_1|2018|NRRL3_02018	NRRL3_02018
jgi|Aspni_NRRL3_1|2019|NRRL3_02019	NRRL3_02019
jgi|Aspni_NRRL3_1|2020|NRRL3_02020	NRRL3_02020
jgi|Aspni_NRRL3_1|2021|NRRL3_02021	NRRL3_02021
jgi|Aspni_NRRL3_1|2022|NRRL3_02022	NRRL3_02022
jgi|Aspni_NRRL3_1|2023|NRRL3_02023	NRRL3_02023
jgi|Aspni_NRRL3_1|2024|NRRL3_02024	NRRL3_02024
jgi|Aspni_NRRL3_1|2025|NRRL3_02025	NRRL3_02025
jgi|Aspni_NRRL3_1|2026|NRRL3_02026	NRRL3_02026
jgi|Aspni_NRRL3_1|2027|NRRL3_02027	NRRL3_02027
jgi|Aspni_NRRL3_1|2028|NRRL3_02028	NRRL3_02028
jgi|Aspni_NRRL3_1|2029|NRRL3_02029	NRRL3_02029
jgi|Aspni_NRRL3_1|2030|NRRL3_02030	NRRL3_02030
jgi|Aspni_NRRL3_1|2031|NRRL3_02031	NRRL3_02031
jgi|Aspni_NRRL3_1|2032|NRRL3_02032	NRRL3_02032
jgi|Aspni_NRRL3_1|2033|NRRL3_02033	NRRL3_02033
jgi|Aspni_NRRL3_1|2034|NRRL3_02034	NRRL3_02034
jgi|Aspni_NRRL3_1|2035|NRRL3_02035	NRRL3_02035
jgi|Aspni_NRRL3_1|2036|NRRL3_02036	NRRL3_02036
jgi|Aspni_NRRL3_1|2037|NRRL3_02037	NRRL3_02037
jgi|Aspni_NRRL3_1|2038|NRRL3_02038	NRRL3_02038
jgi|Aspni_NRRL3_1|2039|NRRL3_02039	NRRL3_02039
jgi|Aspni_NRRL3_1|2040|NRRL3_02040	NRRL3_02040
jgi|Aspni_NRRL3_1|2041|NRRL3_02041	NRRL3_02041
jgi|Aspni_NRRL3_1|2042|NRRL3_02042	NRRL3_02042
jgi|Aspni_NRRL3_1|2043|NRRL3_02043	NRRL3_02043
jgi|Aspni_NRRL3_1|2044|NRRL3_02044	NRRL3_02044
jgi|Aspni_NRRL3_1|2045|NRRL3_02045	NRRL3_02045
jgi|Aspni_NRRL3_1|2046|NRRL3_02046	NRRL3_02046
jgi|Aspni_NRRL3_1|2047|NRRL3_02047	NRRL3_02047
jgi|Aspni_NRRL3_1|2048|NRRL3_02048	NRRL3_02048
jgi|Aspni_NRRL3_1|2049|NRRL3_02049	NRRL3_02049
jgi|Aspni_NRRL3_1|2050|NRRL3_02050	NRRL3_02050
jgi|Aspni_NRRL3_1|2051|NRRL3_02051	NRRL3_02051
jgi|Aspni_NRRL3_1|2052|NRRL3_02052	NRRL3_02052
jgi|Aspni_NRRL3_1|2053|NRRL3_02053	NRRL3_02053
jgi|Aspni_NRRL3_1|2054|NRRL3_02054	NRRL3_02054
jgi|Aspni_NRRL3_1|2055|NRRL3_02055	NRRL3_02055
jgi|Aspni_NRRL3_1|2056|NRRL3_02056	NRRL3_02056
jgi|Aspni_NRRL3_1|2057|NRRL3_02057	NRRL3_02057
jgi|Aspni_NRRL3_1|2058|NRRL3_02058	NRRL3_02058
jgi|Aspni_NRRL3_1|2059|NRRL3_02059	NRRL3_02059
jgi|Aspni_NRRL3_1|2060|NRRL3_02060	NRRL3_02060
jgi|Aspni_NRRL3_1|2061|NRRL3_02061	NRRL3_02061
jgi|Aspni_NRRL3_1|2062|NRRL3_02062	NRRL3_02062
jgi|Aspni_NRRL3_1|2063|NRRL3_02063	NRRL3_02063
jgi|Aspni_NRRL3_1|2064|NRRL3_02064	NRRL3_02064
jgi|Aspni_NRRL3_1|2065|NRRL3_02065	NRRL3_02065
jgi|Aspni_NRRL3_1|2066|NRRL3_02066	NRRL3_02066
jgi|Aspni_NRRL3_1|2067|NRRL3_02067	NRRL3_02067
jgi|Aspni_NRRL3_1|2068|NRRL3_02068	NRRL3_02068
jgi|Aspni_NRRL3_1|2069|NRRL3_02069	NRRL3_02069
jgi|Aspni_NRRL3_1|2070|NRRL3_02070	NRRL3_02070
jgi|Aspni_NRRL3_1|2071|NRRL3_02071	NRRL3_02071
jgi|Aspni_NRRL3_1|2072|NRRL3_02072	NRRL3_02072
jgi|Aspni_NRRL3_1|2073|NRRL3_02073	NRRL3_02073
jgi|Aspni_NRRL3_1|2074|NRRL3_02074	NRRL3_02074
jgi|Aspni_NRRL3_1|2075|NRRL3_02075	NRRL3_02075
jgi|Aspni_NRRL3_1|2076|NRRL3_02076	NRRL3_02076
jgi|Aspni_NRRL3_1|2077|NRRL3_02077	NRRL3_02077
jgi|Aspni_NRRL3_1|2078|NRRL3_02078	NRRL3_02078
jgi|Aspni_NRRL3_1|2079|NRRL3_02079	NRRL3_02079
jgi|Aspni_NRRL3_1|2080|NRRL3_02080	NRRL3_02080
jgi|Aspni_NRRL3_1|2081|NRRL3_02081	NRRL3_02081
jgi|Aspni_NRRL3_1|2082|NRRL3_02082	NRRL3_02082
jgi|Aspni_NRRL3_1|2083|NRRL3_02083	NRRL3_02083
jgi|Aspni_NRRL3_1|2084|NRRL3_02084	NRRL3_02084
jgi|Aspni_NRRL3_1|2085|NRRL3_02085	NRRL3_02085
jgi|Aspni_NRRL3_1|2086|NRRL3_02086	NRRL3_02086
jgi|Aspni_NRRL3_1|2087|NRRL3_02087	NRRL3_02087
jgi|Aspni_NRRL3_1|2088|NRRL3_02088	NRRL3_02088
jgi|Aspni_NRRL3_1|2089|NRRL3_02089	NRRL3_02089
jgi|Aspni_NRRL3_1|2090|NRRL3_02090	NRRL3_02090
jgi|Aspni_NRRL3_1|2091|NRRL3_02091	NRRL3_02091
jgi|Aspni_NRRL3_1|2092|NRRL3_02092	NRRL3_02092
jgi|Aspni_NRRL3_1|2093|NRRL3_02093	NRRL3_02093
jgi|Aspni_NRRL3_1|2094|NRRL3_02094	NRRL3_02094
jgi|Aspni_NRRL3_1|2095|NRRL3_02095	NRRL3_02095
jgi|Aspni_NRRL3_1|2096|NRRL3_02096	NRRL3_02096
jgi|Aspni_NRRL3_1|2097|NRRL3_02097	NRRL3_02097
jgi|Aspni_NRRL3_1|2098|NRRL3_02098	NRRL3_02098
jgi|Aspni_NRRL3_1|2099|NRRL3_02099	NRRL3_02099
jgi|Aspni_NRRL3_1|2100|NRRL3_02100	NRRL3_02100
jgi|Aspni_NRRL3_1|2101|NRRL3_02101	NRRL3_02101
jgi|Aspni_NRRL3_1|2102|NRRL3_02102	NRRL3_02102
jgi|Aspni_NRRL3_1|2103|NRRL3_02103	NRRL3_02103
jgi|Aspni_NRRL3_1|2104|NRRL3_02104	NRRL3_02104
jgi|Aspni_NRRL3_1|2105|NRRL3_02105	NRRL3_02105
jgi|Aspni_NRRL3_1|2106|NRRL3_02106	NRRL3_02106
jgi|Aspni_NRRL3_1|2107|NRRL3_02107	NRRL3_02107
jgi|Aspni_NRRL3_1|2108|NRRL3_02108	NRRL3_02108
jgi|Aspni_NRRL3_1|2109|NRRL3_02109	NRRL3_02109
jgi|Aspni_NRRL3_1|2110|NRRL3_02110	NRRL3_02110
jgi|Aspni_NRRL3_1|2111|NRRL3_02111	NRRL3_02111
jgi|Aspni_NRRL3_1|2112|NRRL3_02112	NRRL3_02112
jgi|Aspni_NRRL3_1|2113|NRRL3_02113	NRRL3_02113
jgi|Aspni_NRRL3_1|2114|NRRL3_02114	NRRL3_02114
jgi|Aspni_NRRL3_1|2115|NRRL3_02115	NRRL3_02115
jgi|Aspni_NRRL3_1|2116|NRRL3_02116	NRRL3_02116
jgi|Aspni_NRRL3_1|2117|NRRL3_02117	NRRL3_02117
jgi|Aspni_NRRL3_1|2118|NRRL3_02118	NRRL3_02118
jgi|Aspni_NRRL3_1|2119|NRRL3_02119	NRRL3_02119
jgi|Aspni_NRRL3_1|2120|NRRL3_02120	NRRL3_02120
jgi|Aspni_NRRL3_1|2121|NRRL3_02121	NRRL3_02121
jgi|Aspni_NRRL3_1|2122|NRRL3_02122	NRRL3_02122
jgi|Aspni_NRRL3_1|2123|NRRL3_02123	NRRL3_02123
jgi|Aspni_NRRL3_1|2124|NRRL3_02124	NRRL3_02124
jgi|Aspni_NRRL3_1|2125|NRRL3_02125	NRRL3_02125
jgi|Aspni_NRRL3_1|2126|NRRL3_02126	NRRL3_02126
jgi|Aspni_NRRL3_1|2127|NRRL3_02127	NRRL3_02127
jgi|Aspni_NRRL3_1|2128|NRRL3_02128	NRRL3_02128
jgi|Aspni_NRRL3_1|2129|NRRL3_02129	NRRL3_02129
jgi|Aspni_NRRL3_1|2130|NRRL3_02130	NRRL3_02130
jgi|Aspni_NRRL3_1|2131|NRRL3_02131	NRRL3_02131
jgi|Aspni_NRRL3_1|2132|NRRL3_02132	NRRL3_02132
jgi|Aspni_NRRL3_1|2133|NRRL3_02133	NRRL3_02133
jgi|Aspni_NRRL3_1|2134|NRRL3_02134	NRRL3_02134
jgi|Aspni_NRRL3_1|2135|NRRL3_02135	NRRL3_02135
jgi|Aspni_NRRL3_1|2136|NRRL3_02136	NRRL3_02136
jgi|Aspni_NRRL3_1|2137|NRRL3_02137	NRRL3_02137
jgi|Aspni_NRRL3_1|2138|NRRL3_02138	NRRL3_02138
jgi|Aspni_NRRL3_1|2139|NRRL3_02139	NRRL3_02139
jgi|Aspni_NRRL3_1|2140|NRRL3_02140	NRRL3_02140
jgi|Aspni_NRRL3_1|2141|NRRL3_02141	NRRL3_02141
jgi|Aspni_NRRL3_1|2142|NRRL3_02142	NRRL3_02142
jgi|Aspni_NRRL3_1|2143|NRRL3_02143	NRRL3_02143
jgi|Aspni_NRRL3_1|2144|NRRL3_02144	NRRL3_02144
jgi|Aspni_NRRL3_1|2145|NRRL3_02145	NRRL3_02145
jgi|Aspni_NRRL3_1|2146|NRRL3_02146	NRRL3_02146
jgi|Aspni_NRRL3_1|2147|NRRL3_02147	NRRL3_02147
jgi|Aspni_NRRL3_1|2148|NRRL3_02148	NRRL3_02148
jgi|Aspni_NRRL3_1|2149|NRRL3_02149	NRRL3_02149
jgi|Aspni_NRRL3_1|2150|NRRL3_02150	NRRL3_02150
jgi|Aspni_NRRL3_1|2151|NRRL3_02151	NRRL3_02151
jgi|Aspni_NRRL3_1|2152|NRRL3_02152	NRRL3_02152
jgi|Aspni_NRRL3_1|2153|NRRL3_02153	NRRL3_02153
jgi|Aspni_NRRL3_1|2154|NRRL3_02154	NRRL3_02154
jgi|Aspni_NRRL3_1|2155|NRRL3_02155	NRRL3_02155
jgi|Aspni_NRRL3_1|2156|NRRL3_02156	NRRL3_02156
jgi|Aspni_NRRL3_1|2157|NRRL3_02157	NRRL3_02157
jgi|Aspni_NRRL3_1|2158|NRRL3_02158	NRRL3_02158
jgi|Aspni_NRRL3_1|2159|NRRL3_02159	NRRL3_02159
jgi|Aspni_NRRL3_1|2160|NRRL3_02160	NRRL3_02160
jgi|Aspni_NRRL3_1|2161|NRRL3_02161	NRRL3_02161
jgi|Aspni_NRRL3_1|2162|NRRL3_02162	NRRL3_02162
jgi|Aspni_NRRL3_1|2163|NRRL3_02163	NRRL3_02163
jgi|Aspni_NRRL3_1|2164|NRRL3_02164	NRRL3_02164
jgi|Aspni_NRRL3_1|2165|NRRL3_02165	NRRL3_02165
jgi|Aspni_NRRL3_1|2166|NRRL3_02166	NRRL3_02166
jgi|Aspni_NRRL3_1|2167|NRRL3_02167	NRRL3_02167
jgi|Aspni_NRRL3_1|2168|NRRL3_02168	NRRL3_02168
jgi|Aspni_NRRL3_1|2169|NRRL3_02169	NRRL3_02169
jgi|Aspni_NRRL3_1|2170|NRRL3_02170	NRRL3_02170
jgi|Aspni_NRRL3_1|2171|NRRL3_02171	NRRL3_02171
jgi|Aspni_NRRL3_1|2172|NRRL3_02172	NRRL3_02172
jgi|Aspni_NRRL3_1|2173|NRRL3_02173	NRRL3_02173
jgi|Aspni_NRRL3_1|2174|NRRL3_02174	NRRL3_02174
jgi|Aspni_NRRL3_1|2175|NRRL3_02175	NRRL3_02175
jgi|Aspni_NRRL3_1|2176|NRRL3_02176	NRRL3_02176
jgi|Aspni_NRRL3_1|2177|NRRL3_02177	NRRL3_02177
jgi|Aspni_NRRL3_1|2178|NRRL3_02178	NRRL3_02178
jgi|Aspni_NRRL3_1|2179|NRRL3_02179	NRRL3_02179
jgi|Aspni_NRRL3_1|2180|NRRL3_02180	NRRL3_02180
jgi|Aspni_NRRL3_1|2181|NRRL3_02181	NRRL3_02181
jgi|Aspni_NRRL3_1|2182|NRRL3_02182	NRRL3_02182
jgi|Aspni_NRRL3_1|2183|NRRL3_02183	NRRL3_02183
jgi|Aspni_NRRL3_1|2184|NRRL3_02184	NRRL3_02184
jgi|Aspni_NRRL3_1|2185|NRRL3_02185	NRRL3_02185
jgi|Aspni_NRRL3_1|2186|NRRL3_02186	NRRL3_02186
jgi|Aspni_NRRL3_1|2187|NRRL3_02187	NRRL3_02187
jgi|Aspni_NRRL3_1|2188|NRRL3_02188	NRRL3_02188
jgi|Aspni_NRRL3_1|2189|NRRL3_02189	NRRL3_02189
jgi|Aspni_NRRL3_1|2190|NRRL3_02190	NRRL3_02190
jgi|Aspni_NRRL3_1|2191|NRRL3_02191	NRRL3_02191
jgi|Aspni_NRRL3_1|2192|NRRL3_02192	NRRL3_02192
jgi|Aspni_NRRL3_1|2193|NRRL3_02193	NRRL3_02193
jgi|Aspni_NRRL3_1|2194|NRRL3_02194	NRRL3_02194
jgi|Aspni_NRRL3_1|2195|NRRL3_02195	NRRL3_02195
jgi|Aspni_NRRL3_1|2196|NRRL3_02196	NRRL3_02196
jgi|Aspni_NRRL3_1|2197|NRRL3_02197	NRRL3_02197
jgi|Aspni_NRRL3_1|2198|NRRL3_02198	NRRL3_02198
jgi|Aspni_NRRL3_1|2199|NRRL3_02199	NRRL3_02199
jgi|Aspni_NRRL3_1|2200|NRRL3_02200	NRRL3_02200
jgi|Aspni_NRRL3_1|2201|NRRL3_02201	NRRL3_02201
jgi|Aspni_NRRL3_1|2202|NRRL3_02202	NRRL3_02202
jgi|Aspni_NRRL3_1|2203|NRRL3_02203	NRRL3_02203
jgi|Aspni_NRRL3_1|2204|NRRL3_02204	NRRL3_02204
jgi|Aspni_NRRL3_1|2205|NRRL3_02205	NRRL3_02205
jgi|Aspni_NRRL3_1|2206|NRRL3_02206	NRRL3_02206
jgi|Aspni_NRRL3_1|2207|NRRL3_02207	NRRL3_02207
jgi|Aspni_NRRL3_1|2208|NRRL3_02208	NRRL3_02208
jgi|Aspni_NRRL3_1|2209|NRRL3_02209	NRRL3_02209
jgi|Aspni_NRRL3_1|2210|NRRL3_02210	NRRL3_02210
jgi|Aspni_NRRL3_1|2211|NRRL3_02211	NRRL3_02211
jgi|Aspni_NRRL3_1|2212|NRRL3_02212	NRRL3_02212
jgi|Aspni_NRRL3_1|2213|NRRL3_02213	NRRL3_02213
jgi|Aspni_NRRL3_1|2214|NRRL3_02214	NRRL3_02214
jgi|Aspni_NRRL3_1|2215|NRRL3_02215	NRRL3_02215
jgi|Aspni_NRRL3_1|2216|NRRL3_02216	NRRL3_02216
jgi|Aspni_NRRL3_1|2217|NRRL3_02217	NRRL3_02217
jgi|Aspni_NRRL3_1|2218|NRRL3_02218	NRRL3_02218
jgi|Aspni_NRRL3_1|2219|NRRL3_02219	NRRL3_02219
jgi|Aspni_NRRL3_1|2220|NRRL3_02220	NRRL3_02220
jgi|Aspni_NRRL3_1|2221|NRRL3_02221	NRRL3_02221
jgi|Aspni_NRRL3_1|2222|NRRL3_02222	NRRL3_02222
jgi|Aspni_NRRL3_1|2223|NRRL3_02223	NRRL3_02223
jgi|Aspni_NRRL3_1|2224|NRRL3_02224	NRRL3_02224
jgi|Aspni_NRRL3_1|2225|NRRL3_02225	NRRL3_02225
jgi|Aspni_NRRL3_1|2226|NRRL3_02226	NRRL3_02226
jgi|Aspni_NRRL3_1|2227|NRRL3_02227	NRRL3_02227
jgi|Aspni_NRRL3_1|2228|NRRL3_02228	NRRL3_02228
jgi|Aspni_NRRL3_1|2229|NRRL3_02229	NRRL3_02229
jgi|Aspni_NRRL3_1|2230|NRRL3_02230	NRRL3_02230
jgi|Aspni_NRRL3_1|2231|NRRL3_02231	NRRL3_02231
jgi|Aspni_NRRL3_1|2232|NRRL3_02232	NRRL3_02232
jgi|Aspni_NRRL3_1|2233|NRRL3_02233	NRRL3_02233
jgi|Aspni_NRRL3_1|2234|NRRL3_02234	NRRL3_02234
jgi|Aspni_NRRL3_1|2235|NRRL3_02235	NRRL3_02235
jgi|Aspni_NRRL3_1|2236|NRRL3_02236	NRRL3_02236
jgi|Aspni_NRRL3_1|2237|NRRL3_02237	NRRL3_02237
jgi|Aspni_NRRL3_1|2238|NRRL3_02238	NRRL3_02238
jgi|Aspni_NRRL3_1|2239|NRRL3_02239	NRRL3_02239
jgi|Aspni_NRRL3_1|2240|NRRL3_02240	NRRL3_02240
jgi|Aspni_NRRL3_1|2241|NRRL3_02241	NRRL3_02241
jgi|Aspni_NRRL3_1|2242|NRRL3_02242	NRRL3_02242
jgi|Aspni_NRRL3_1|2243|NRRL3_02243	NRRL3_02243
jgi|Aspni_NRRL3_1|2244|NRRL3_02244	NRRL3_02244
jgi|Aspni_NRRL3_1|2245|NRRL3_02245	NRRL3_02245
jgi|Aspni_NRRL3_1|2246|NRRL3_02246	NRRL3_02246
jgi|Aspni_NRRL3_1|2247|NRRL3_02247	NRRL3_02247
jgi|Aspni_NRRL3_1|2248|NRRL3_02248	NRRL3_02248
jgi|Aspni_NRRL3_1|2249|NRRL3_02249	NRRL3_02249
jgi|Aspni_NRRL3_1|2250|NRRL3_02250	NRRL3_02250
jgi|Aspni_NRRL3_1|2251|NRRL3_02251	NRRL3_02251
jgi|Aspni_NRRL3_1|2252|NRRL3_02252	NRRL3_02252
jgi|Aspni_NRRL3_1|2253|NRRL3_02253	NRRL3_02253
jgi|Aspni_NRRL3_1|2254|NRRL3_02254	NRRL3_02254
jgi|Aspni_NRRL3_1|2255|NRRL3_02255	NRRL3_02255
jgi|Aspni_NRRL3_1|2256|NRRL3_02256	NRRL3_02256
jgi|Aspni_NRRL3_1|2257|NRRL3_02257	NRRL3_02257
jgi|Aspni_NRRL3_1|2258|NRRL3_02258	NRRL3_02258
jgi|Aspni_NRRL3_1|2259|NRRL3_02259	NRRL3_02259
jgi|Aspni_NRRL3_1|2260|NRRL3_02260	NRRL3_02260
jgi|Aspni_NRRL3_1|2261|NRRL3_02261	NRRL3_02261
jgi|Aspni_NRRL3_1|2262|NRRL3_02262	NRRL3_02262
jgi|Aspni_NRRL3_1|2263|NRRL3_02263	NRRL3_02263
jgi|Aspni_NRRL3_1|2264|NRRL3_02264	NRRL3_02264
jgi|Aspni_NRRL3_1|2265|NRRL3_02265	NRRL3_02265
jgi|Aspni_NRRL3_1|2266|NRRL3_02266	NRRL3_02266
jgi|Aspni_NRRL3_1|2267|NRRL3_02267	NRRL3_02267
jgi|Aspni_NRRL3_1|2268|NRRL3_02268	NRRL3_02268
jgi|Aspni_NRRL3_1|2269|NRRL3_02269	NRRL3_02269
jgi|Aspni_NRRL3_1|2270|NRRL3_02270	NRRL3_02270
jgi|Aspni_NRRL3_1|2271|NRRL3_02271	NRRL3_02271
jgi|Aspni_NRRL3_1|2272|NRRL3_02272	NRRL3_02272
jgi|Aspni_NRRL3_1|2273|NRRL3_02273	NRRL3_02273
jgi|Aspni_NRRL3_1|2274|NRRL3_02274	NRRL3_02274
jgi|Aspni_NRRL3_1|2275|NRRL3_02275	NRRL3_02275
jgi|Aspni_NRRL3_1|2276|NRRL3_02276	NRRL3_02276
jgi|Aspni_NRRL3_1|2277|NRRL3_02277	NRRL3_02277
jgi|Aspni_NRRL3_1|2278|NRRL3_02278	NRRL3_02278
jgi|Aspni_NRRL3_1|2279|NRRL3_02279	NRRL3_02279
jgi|Aspni_NRRL3_1|2280|NRRL3_02280	NRRL3_02280
jgi|Aspni_NRRL3_1|2281|NRRL3_02281	NRRL3_02281
jgi|Aspni_NRRL3_1|2282|NRRL3_02282	NRRL3_02282
jgi|Aspni_NRRL3_1|2283|NRRL3_02283	NRRL3_02283
jgi|Aspni_NRRL3_1|2284|NRRL3_02284	NRRL3_02284
jgi|Aspni_NRRL3_1|2285|NRRL3_02285	NRRL3_02285
jgi|Aspni_NRRL3_1|2286|NRRL3_02286	NRRL3_02286
jgi|Aspni_NRRL3_1|2287|NRRL3_02287	NRRL3_02287
jgi|Aspni_NRRL3_1|2288|NRRL3_02288	NRRL3_02288
jgi|Aspni_NRRL3_1|2289|NRRL3_02289	NRRL3_02289
jgi|Aspni_NRRL3_1|2290|NRRL3_02290	NRRL3_02290
jgi|Aspni_NRRL3_1|2291|NRRL3_02291	NRRL3_02291
jgi|Aspni_NRRL3_1|2292|NRRL3_02292	NRRL3_02292
jgi|Aspni_NRRL3_1|2293|NRRL3_02293	NRRL3_02293
jgi|Aspni_NRRL3_1|2294|NRRL3_02294	NRRL3_02294
jgi|Aspni_NRRL3_1|2295|NRRL3_02295	NRRL3_02295
jgi|Aspni_NRRL3_1|2296|NRRL3_02296	NRRL3_02296
jgi|Aspni_NRRL3_1|2297|NRRL3_02297	NRRL3_02297
jgi|Aspni_NRRL3_1|2298|NRRL3_02298	NRRL3_02298
jgi|Aspni_NRRL3_1|2299|NRRL3_02299	NRRL3_02299
jgi|Aspni_NRRL3_1|2300|NRRL3_02300	NRRL3_02300
jgi|Aspni_NRRL3_1|2301|NRRL3_02301	NRRL3_02301
jgi|Aspni_NRRL3_1|2302|NRRL3_02302	NRRL3_02302
jgi|Aspni_NRRL3_1|2303|NRRL3_02303	NRRL3_02303
jgi|Aspni_NRRL3_1|2304|NRRL3_02304	NRRL3_02304
jgi|Aspni_NRRL3_1|2305|NRRL3_02305	NRRL3_02305
jgi|Aspni_NRRL3_1|2306|NRRL3_02306	NRRL3_02306
jgi|Aspni_NRRL3_1|2307|NRRL3_02307	NRRL3_02307
jgi|Aspni_NRRL3_1|2308|NRRL3_02308	NRRL3_02308
jgi|Aspni_NRRL3_1|2309|NRRL3_02309	NRRL3_02309
jgi|Aspni_NRRL3_1|2310|NRRL3_02310	NRRL3_02310
jgi|Aspni_NRRL3_1|2311|NRRL3_02311	NRRL3_02311
jgi|Aspni_NRRL3_1|2312|NRRL3_02312	NRRL3_02312
jgi|Aspni_NRRL3_1|2313|NRRL3_02313	NRRL3_02313
jgi|Aspni_NRRL3_1|2314|NRRL3_02314	NRRL3_02314
jgi|Aspni_NRRL3_1|2315|NRRL3_02315	NRRL3_02315
jgi|Aspni_NRRL3_1|2316|NRRL3_02316	NRRL3_02316
jgi|Aspni_NRRL3_1|2317|NRRL3_02317	NRRL3_02317
jgi|Aspni_NRRL3_1|2318|NRRL3_02318	NRRL3_02318
jgi|Aspni_NRRL3_1|2319|NRRL3_02319	NRRL3_02319
jgi|Aspni_NRRL3_1|2320|NRRL3_02320	NRRL3_02320
jgi|Aspni_NRRL3_1|2321|NRRL3_02321	NRRL3_02321
jgi|Aspni_NRRL3_1|2322|NRRL3_02322	NRRL3_02322
jgi|Aspni_NRRL3_1|2323|NRRL3_02323	NRRL3_02323
jgi|Aspni_NRRL3_1|2324|NRRL3_02324	NRRL3_02324
jgi|Aspni_NRRL3_1|2325|NRRL3_02325	NRRL3_02325
jgi|Aspni_NRRL3_1|2326|NRRL3_02326	NRRL3_02326
jgi|Aspni_NRRL3_1|2327|NRRL3_02327	NRRL3_02327
jgi|Aspni_NRRL3_1|2328|NRRL3_02328	NRRL3_02328
jgi|Aspni_NRRL3_1|2329|NRRL3_02329	NRRL3_02329
jgi|Aspni_NRRL3_1|2330|NRRL3_02330	NRRL3_02330
jgi|Aspni_NRRL3_1|2331|NRRL3_02331	NRRL3_02331
jgi|Aspni_NRRL3_1|2332|NRRL3_02332	NRRL3_02332
jgi|Aspni_NRRL3_1|2333|NRRL3_02333	NRRL3_02333
jgi|Aspni_NRRL3_1|2334|NRRL3_02334	NRRL3_02334
jgi|Aspni_NRRL3_1|2335|NRRL3_02335	NRRL3_02335
jgi|Aspni_NRRL3_1|2336|NRRL3_02336	NRRL3_02336
jgi|Aspni_NRRL3_1|2337|NRRL3_02337	NRRL3_02337
jgi|Aspni_NRRL3_1|2338|NRRL3_02338	NRRL3_02338
jgi|Aspni_NRRL3_1|2339|NRRL3_02339	NRRL3_02339
jgi|Aspni_NRRL3_1|2340|NRRL3_02340	NRRL3_02340
jgi|Aspni_NRRL3_1|2341|NRRL3_02341	NRRL3_02341
jgi|Aspni_NRRL3_1|2342|NRRL3_02342	NRRL3_02342
jgi|Aspni_NRRL3_1|2343|NRRL3_02343	NRRL3_02343
jgi|Aspni_NRRL3_1|2344|NRRL3_02344	NRRL3_02344
jgi|Aspni_NRRL3_1|2345|NRRL3_02345	NRRL3_02345
jgi|Aspni_NRRL3_1|2346|NRRL3_02346	NRRL3_02346
jgi|Aspni_NRRL3_1|2347|NRRL3_02347	NRRL3_02347
jgi|Aspni_NRRL3_1|2348|NRRL3_02348	NRRL3_02348
jgi|Aspni_NRRL3_1|2349|NRRL3_02349	NRRL3_02349
jgi|Aspni_NRRL3_1|2350|NRRL3_02350	NRRL3_02350
jgi|Aspni_NRRL3_1|2351|NRRL3_02351	NRRL3_02351
jgi|Aspni_NRRL3_1|2352|NRRL3_02352	NRRL3_02352
jgi|Aspni_NRRL3_1|2353|NRRL3_02353	NRRL3_02353
jgi|Aspni_NRRL3_1|2354|NRRL3_02354	NRRL3_02354
jgi|Aspni_NRRL3_1|2355|NRRL3_02355	NRRL3_02355
jgi|Aspni_NRRL3_1|2356|NRRL3_02356	NRRL3_02356
jgi|Aspni_NRRL3_1|2357|NRRL3_02357	NRRL3_02357
jgi|Aspni_NRRL3_1|2358|NRRL3_02358	NRRL3_02358
jgi|Aspni_NRRL3_1|2359|NRRL3_02359	NRRL3_02359
jgi|Aspni_NRRL3_1|2360|NRRL3_02360	NRRL3_02360
jgi|Aspni_NRRL3_1|2361|NRRL3_02361	NRRL3_02361
jgi|Aspni_NRRL3_1|2362|NRRL3_02362	NRRL3_02362
jgi|Aspni_NRRL3_1|2363|NRRL3_02363	NRRL3_02363
jgi|Aspni_NRRL3_1|2364|NRRL3_02364	NRRL3_02364
jgi|Aspni_NRRL3_1|2365|NRRL3_02365	NRRL3_02365
jgi|Aspni_NRRL3_1|2366|NRRL3_02366	NRRL3_02366
jgi|Aspni_NRRL3_1|2367|NRRL3_02367	NRRL3_02367
jgi|Aspni_NRRL3_1|2368|NRRL3_02368	NRRL3_02368
jgi|Aspni_NRRL3_1|2369|NRRL3_02369	NRRL3_02369
jgi|Aspni_NRRL3_1|2370|NRRL3_02370	NRRL3_02370
jgi|Aspni_NRRL3_1|2371|NRRL3_02371	NRRL3_02371
jgi|Aspni_NRRL3_1|2372|NRRL3_02372	NRRL3_02372
jgi|Aspni_NRRL3_1|2373|NRRL3_02373	NRRL3_02373
jgi|Aspni_NRRL3_1|2374|NRRL3_02374	NRRL3_02374
jgi|Aspni_NRRL3_1|2375|NRRL3_02375	NRRL3_02375
jgi|Aspni_NRRL3_1|2376|NRRL3_02376	NRRL3_02376
jgi|Aspni_NRRL3_1|2377|NRRL3_02377	NRRL3_02377
jgi|Aspni_NRRL3_1|2378|NRRL3_02378	NRRL3_02378
jgi|Aspni_NRRL3_1|2379|NRRL3_02379	NRRL3_02379
jgi|Aspni_NRRL3_1|2380|NRRL3_02380	NRRL3_02380
jgi|Aspni_NRRL3_1|2381|NRRL3_02381	NRRL3_02381
jgi|Aspni_NRRL3_1|2382|NRRL3_02382	NRRL3_02382
jgi|Aspni_NRRL3_1|2383|NRRL3_02383	NRRL3_02383
jgi|Aspni_NRRL3_1|2384|NRRL3_02384	NRRL3_02384
jgi|Aspni_NRRL3_1|2385|NRRL3_02385	NRRL3_02385
jgi|Aspni_NRRL3_1|2386|NRRL3_02386	NRRL3_02386
jgi|Aspni_NRRL3_1|2387|NRRL3_02387	NRRL3_02387
jgi|Aspni_NRRL3_1|2388|NRRL3_02388	NRRL3_02388
jgi|Aspni_NRRL3_1|2389|NRRL3_02389	NRRL3_02389
jgi|Aspni_NRRL3_1|2390|NRRL3_02390	NRRL3_02390
jgi|Aspni_NRRL3_1|2391|NRRL3_02391	NRRL3_02391
jgi|Aspni_NRRL3_1|2392|NRRL3_02392	NRRL3_02392
jgi|Aspni_NRRL3_1|2393|NRRL3_02393	NRRL3_02393
jgi|Aspni_NRRL3_1|2394|NRRL3_02394	NRRL3_02394
jgi|Aspni_NRRL3_1|2395|NRRL3_02395	NRRL3_02395
jgi|Aspni_NRRL3_1|2396|NRRL3_02396	NRRL3_02396
jgi|Aspni_NRRL3_1|2397|NRRL3_02397	NRRL3_02397
jgi|Aspni_NRRL3_1|2398|NRRL3_02398	NRRL3_02398
jgi|Aspni_NRRL3_1|2399|NRRL3_02399	NRRL3_02399
jgi|Aspni_NRRL3_1|2400|NRRL3_02400	NRRL3_02400
jgi|Aspni_NRRL3_1|2401|NRRL3_02401	NRRL3_02401
jgi|Aspni_NRRL3_1|2402|NRRL3_02402	NRRL3_02402
jgi|Aspni_NRRL3_1|2403|NRRL3_02403	NRRL3_02403
jgi|Aspni_NRRL3_1|2404|NRRL3_02404	NRRL3_02404
jgi|Aspni_NRRL3_1|2405|NRRL3_02405	NRRL3_02405
jgi|Aspni_NRRL3_1|2406|NRRL3_02406	NRRL3_02406
jgi|Aspni_NRRL3_1|2407|NRRL3_02407	NRRL3_02407
jgi|Aspni_NRRL3_1|2408|NRRL3_02408	NRRL3_02408
jgi|Aspni_NRRL3_1|2409|NRRL3_02409	NRRL3_02409
jgi|Aspni_NRRL3_1|2410|NRRL3_02410	NRRL3_02410
jgi|Aspni_NRRL3_1|2411|NRRL3_02411	NRRL3_02411
jgi|Aspni_NRRL3_1|2412|NRRL3_02412	NRRL3_02412
jgi|Aspni_NRRL3_1|2413|NRRL3_02413	NRRL3_02413
jgi|Aspni_NRRL3_1|2414|NRRL3_02414	NRRL3_02414
jgi|Aspni_NRRL3_1|2415|NRRL3_02415	NRRL3_02415
jgi|Aspni_NRRL3_1|2416|NRRL3_02416	NRRL3_02416
jgi|Aspni_NRRL3_1|2417|NRRL3_02417	NRRL3_02417
jgi|Aspni_NRRL3_1|2418|NRRL3_02418	NRRL3_02418
jgi|Aspni_NRRL3_1|2419|NRRL3_02419	NRRL3_02419
jgi|Aspni_NRRL3_1|2420|NRRL3_02420	NRRL3_02420
jgi|Aspni_NRRL3_1|2421|NRRL3_02421	NRRL3_02421
jgi|Aspni_NRRL3_1|2422|NRRL3_02422	NRRL3_02422
jgi|Aspni_NRRL3_1|2423|NRRL3_02423	NRRL3_02423
jgi|Aspni_NRRL3_1|2424|NRRL3_02424	NRRL3_02424
jgi|Aspni_NRRL3_1|2425|NRRL3_02425	NRRL3_02425
jgi|Aspni_NRRL3_1|2426|NRRL3_02426	NRRL3_02426
jgi|Aspni_NRRL3_1|2427|NRRL3_02427	NRRL3_02427
jgi|Aspni_NRRL3_1|2428|NRRL3_02428	NRRL3_02428
jgi|Aspni_NRRL3_1|2429|NRRL3_02429	NRRL3_02429
jgi|Aspni_NRRL3_1|2430|NRRL3_02430	NRRL3_02430
jgi|Aspni_NRRL3_1|2431|NRRL3_02431	NRRL3_02431
jgi|Aspni_NRRL3_1|2432|NRRL3_02432	NRRL3_02432
jgi|Aspni_NRRL3_1|2433|NRRL3_02433	NRRL3_02433
jgi|Aspni_NRRL3_1|2434|NRRL3_02434	NRRL3_02434
jgi|Aspni_NRRL3_1|2435|NRRL3_02435	NRRL3_02435
jgi|Aspni_NRRL3_1|2436|NRRL3_02436	NRRL3_02436
jgi|Aspni_NRRL3_1|2437|NRRL3_02437	NRRL3_02437
jgi|Aspni_NRRL3_1|2438|NRRL3_02438	NRRL3_02438
jgi|Aspni_NRRL3_1|2439|NRRL3_02439	NRRL3_02439
jgi|Aspni_NRRL3_1|2440|NRRL3_02440	NRRL3_02440
jgi|Aspni_NRRL3_1|2441|NRRL3_02441	NRRL3_02441
jgi|Aspni_NRRL3_1|2442|NRRL3_02442	NRRL3_02442
jgi|Aspni_NRRL3_1|2443|NRRL3_02443	NRRL3_02443
jgi|Aspni_NRRL3_1|2444|NRRL3_02444	NRRL3_02444
jgi|Aspni_NRRL3_1|2445|NRRL3_02445	NRRL3_02445
jgi|Aspni_NRRL3_1|2446|NRRL3_02446	NRRL3_02446
jgi|Aspni_NRRL3_1|2447|NRRL3_02447	NRRL3_02447
jgi|Aspni_NRRL3_1|2448|NRRL3_02448	NRRL3_02448
jgi|Aspni_NRRL3_1|2449|NRRL3_02449	NRRL3_02449
jgi|Aspni_NRRL3_1|2450|NRRL3_02450	NRRL3_02450
jgi|Aspni_NRRL3_1|2451|NRRL3_02451	NRRL3_02451
jgi|Aspni_NRRL3_1|2452|NRRL3_02452	NRRL3_02452
jgi|Aspni_NRRL3_1|2453|NRRL3_02453	NRRL3_02453
jgi|Aspni_NRRL3_1|2454|NRRL3_02454	NRRL3_02454
jgi|Aspni_NRRL3_1|2455|NRRL3_02455	NRRL3_02455
jgi|Aspni_NRRL3_1|2456|NRRL3_02456	NRRL3_02456
jgi|Aspni_NRRL3_1|2457|NRRL3_02457	NRRL3_02457
jgi|Aspni_NRRL3_1|2458|NRRL3_02458	NRRL3_02458
jgi|Aspni_NRRL3_1|2459|NRRL3_02459	NRRL3_02459
jgi|Aspni_NRRL3_1|2460|NRRL3_02460	NRRL3_02460
jgi|Aspni_NRRL3_1|2461|NRRL3_02461	NRRL3_02461
jgi|Aspni_NRRL3_1|2462|NRRL3_02462	NRRL3_02462
jgi|Aspni_NRRL3_1|2463|NRRL3_02463	NRRL3_02463
jgi|Aspni_NRRL3_1|2464|NRRL3_02464	NRRL3_02464
jgi|Aspni_NRRL3_1|2465|NRRL3_02465	NRRL3_02465
jgi|Aspni_NRRL3_1|2466|NRRL3_02466	NRRL3_02466
jgi|Aspni_NRRL3_1|2467|NRRL3_02467	NRRL3_02467
jgi|Aspni_NRRL3_1|2468|NRRL3_02468	NRRL3_02468
jgi|Aspni_NRRL3_1|2469|NRRL3_02469	NRRL3_02469
jgi|Aspni_NRRL3_1|2470|NRRL3_02470	NRRL3_02470
jgi|Aspni_NRRL3_1|2471|NRRL3_02471	NRRL3_02471
jgi|Aspni_NRRL3_1|2472|NRRL3_02472	NRRL3_02472
jgi|Aspni_NRRL3_1|2473|NRRL3_02473	NRRL3_02473
jgi|Aspni_NRRL3_1|2474|NRRL3_02474	NRRL3_02474
jgi|Aspni_NRRL3_1|2475|NRRL3_02475	NRRL3_02475
jgi|Aspni_NRRL3_1|2476|NRRL3_02476	NRRL3_02476
jgi|Aspni_NRRL3_1|2477|NRRL3_02477	NRRL3_02477
jgi|Aspni_NRRL3_1|2478|NRRL3_02478	NRRL3_02478
jgi|Aspni_NRRL3_1|2479|NRRL3_02479	NRRL3_02479
jgi|Aspni_NRRL3_1|2480|NRRL3_02480	NRRL3_02480
jgi|Aspni_NRRL3_1|2481|NRRL3_02481	NRRL3_02481
jgi|Aspni_NRRL3_1|2482|NRRL3_02482	NRRL3_02482
jgi|Aspni_NRRL3_1|2483|NRRL3_02483	NRRL3_02483
jgi|Aspni_NRRL3_1|2484|NRRL3_02484	NRRL3_02484
jgi|Aspni_NRRL3_1|2485|NRRL3_02485	NRRL3_02485
jgi|Aspni_NRRL3_1|2486|NRRL3_02486	NRRL3_02486
jgi|Aspni_NRRL3_1|2487|NRRL3_02487	NRRL3_02487
jgi|Aspni_NRRL3_1|2488|NRRL3_02488	NRRL3_02488
jgi|Aspni_NRRL3_1|2489|NRRL3_02489	NRRL3_02489
jgi|Aspni_NRRL3_1|2490|NRRL3_02490	NRRL3_02490
jgi|Aspni_NRRL3_1|2491|NRRL3_02491	NRRL3_02491
jgi|Aspni_NRRL3_1|2492|NRRL3_02492	NRRL3_02492
jgi|Aspni_NRRL3_1|2493|NRRL3_02493	NRRL3_02493
jgi|Aspni_NRRL3_1|2494|NRRL3_02494	NRRL3_02494
jgi|Aspni_NRRL3_1|2495|NRRL3_02495	NRRL3_02495
jgi|Aspni_NRRL3_1|2496|NRRL3_02496	NRRL3_02496
jgi|Aspni_NRRL3_1|2497|NRRL3_02497	NRRL3_02497
jgi|Aspni_NRRL3_1|2498|NRRL3_02498	NRRL3_02498
jgi|Aspni_NRRL3_1|2499|NRRL3_02499	NRRL3_02499
jgi|Aspni_NRRL3_1|2500|NRRL3_02500	NRRL3_02500
jgi|Aspni_NRRL3_1|2501|NRRL3_02501	NRRL3_02501
jgi|Aspni_NRRL3_1|2502|NRRL3_02502	NRRL3_02502
jgi|Aspni_NRRL3_1|2503|NRRL3_02503	NRRL3_02503
jgi|Aspni_NRRL3_1|2504|NRRL3_02504	NRRL3_02504
jgi|Aspni_NRRL3_1|2505|NRRL3_02505	NRRL3_02505
jgi|Aspni_NRRL3_1|2506|NRRL3_02506	NRRL3_02506
jgi|Aspni_NRRL3_1|2507|NRRL3_02507	NRRL3_02507
jgi|Aspni_NRRL3_1|2508|NRRL3_02508	NRRL3_02508
jgi|Aspni_NRRL3_1|2509|NRRL3_02509	NRRL3_02509
jgi|Aspni_NRRL3_1|2510|NRRL3_02510	NRRL3_02510
jgi|Aspni_NRRL3_1|2511|NRRL3_02511	NRRL3_02511
jgi|Aspni_NRRL3_1|2512|NRRL3_02512	NRRL3_02512
jgi|Aspni_NRRL3_1|2513|NRRL3_02513	NRRL3_02513
jgi|Aspni_NRRL3_1|2514|NRRL3_02514	NRRL3_02514
jgi|Aspni_NRRL3_1|2515|NRRL3_02515	NRRL3_02515
jgi|Aspni_NRRL3_1|2516|NRRL3_02516	NRRL3_02516
jgi|Aspni_NRRL3_1|2517|NRRL3_02517	NRRL3_02517
jgi|Aspni_NRRL3_1|2518|NRRL3_02518	NRRL3_02518
jgi|Aspni_NRRL3_1|2519|NRRL3_02519	NRRL3_02519
jgi|Aspni_NRRL3_1|2520|NRRL3_02520	NRRL3_02520
jgi|Aspni_NRRL3_1|2521|NRRL3_02521	NRRL3_02521
jgi|Aspni_NRRL3_1|2522|NRRL3_02522	NRRL3_02522
jgi|Aspni_NRRL3_1|2523|NRRL3_02523	NRRL3_02523
jgi|Aspni_NRRL3_1|2524|NRRL3_02524	NRRL3_02524
jgi|Aspni_NRRL3_1|2525|NRRL3_02525	NRRL3_02525
jgi|Aspni_NRRL3_1|2526|NRRL3_02526	NRRL3_02526
jgi|Aspni_NRRL3_1|2527|NRRL3_02527	NRRL3_02527
jgi|Aspni_NRRL3_1|2528|NRRL3_02528	NRRL3_02528
jgi|Aspni_NRRL3_1|2529|NRRL3_02529	NRRL3_02529
jgi|Aspni_NRRL3_1|2530|NRRL3_02530	NRRL3_02530
jgi|Aspni_NRRL3_1|2531|NRRL3_02531	NRRL3_02531
jgi|Aspni_NRRL3_1|2532|NRRL3_02532	NRRL3_02532
jgi|Aspni_NRRL3_1|2533|NRRL3_02533	NRRL3_02533
jgi|Aspni_NRRL3_1|2534|NRRL3_02534	NRRL3_02534
jgi|Aspni_NRRL3_1|2535|NRRL3_02535	NRRL3_02535
jgi|Aspni_NRRL3_1|2536|NRRL3_02536	NRRL3_02536
jgi|Aspni_NRRL3_1|2537|NRRL3_02537	NRRL3_02537
jgi|Aspni_NRRL3_1|2538|NRRL3_02538	NRRL3_02538
jgi|Aspni_NRRL3_1|2539|NRRL3_02539	NRRL3_02539
jgi|Aspni_NRRL3_1|2540|NRRL3_02540	NRRL3_02540
jgi|Aspni_NRRL3_1|2541|NRRL3_02541	NRRL3_02541
jgi|Aspni_NRRL3_1|2542|NRRL3_02542	NRRL3_02542
jgi|Aspni_NRRL3_1|2543|NRRL3_02543	NRRL3_02543
jgi|Aspni_NRRL3_1|2544|NRRL3_02544	NRRL3_02544
jgi|Aspni_NRRL3_1|2545|NRRL3_02545	NRRL3_02545
jgi|Aspni_NRRL3_1|2546|NRRL3_02546	NRRL3_02546
jgi|Aspni_NRRL3_1|2547|NRRL3_02547	NRRL3_02547
jgi|Aspni_NRRL3_1|2548|NRRL3_02548	NRRL3_02548
jgi|Aspni_NRRL3_1|2549|NRRL3_02549	NRRL3_02549
jgi|Aspni_NRRL3_1|2550|NRRL3_02550	NRRL3_02550
jgi|Aspni_NRRL3_1|2551|NRRL3_02551	NRRL3_02551
jgi|Aspni_NRRL3_1|2552|NRRL3_02552	NRRL3_02552
jgi|Aspni_NRRL3_1|2553|NRRL3_02553	NRRL3_02553
jgi|Aspni_NRRL3_1|2554|NRRL3_02554	NRRL3_02554
jgi|Aspni_NRRL3_1|2555|NRRL3_02555	NRRL3_02555
jgi|Aspni_NRRL3_1|2556|NRRL3_02556	NRRL3_02556
jgi|Aspni_NRRL3_1|2557|NRRL3_02557	NRRL3_02557
jgi|Aspni_NRRL3_1|2558|NRRL3_02558	NRRL3_02558
jgi|Aspni_NRRL3_1|2559|NRRL3_02559	NRRL3_02559
jgi|Aspni_NRRL3_1|2560|NRRL3_02560	NRRL3_02560
jgi|Aspni_NRRL3_1|2561|NRRL3_02561	NRRL3_02561
jgi|Aspni_NRRL3_1|2562|NRRL3_02562	NRRL3_02562
jgi|Aspni_NRRL3_1|2563|NRRL3_02563	NRRL3_02563
jgi|Aspni_NRRL3_1|2564|NRRL3_02564	NRRL3_02564
jgi|Aspni_NRRL3_1|2565|NRRL3_02565	NRRL3_02565
jgi|Aspni_NRRL3_1|2566|NRRL3_02566	NRRL3_02566
jgi|Aspni_NRRL3_1|2567|NRRL3_02567	NRRL3_02567
jgi|Aspni_NRRL3_1|2568|NRRL3_02568	NRRL3_02568
jgi|Aspni_NRRL3_1|2569|NRRL3_02569	NRRL3_02569
jgi|Aspni_NRRL3_1|2570|NRRL3_02570	NRRL3_02570
jgi|Aspni_NRRL3_1|2571|NRRL3_02571	NRRL3_02571
jgi|Aspni_NRRL3_1|2572|NRRL3_02572	NRRL3_02572
jgi|Aspni_NRRL3_1|2573|NRRL3_02573	NRRL3_02573
jgi|Aspni_NRRL3_1|2574|NRRL3_02574	NRRL3_02574
jgi|Aspni_NRRL3_1|2575|NRRL3_02575	NRRL3_02575
jgi|Aspni_NRRL3_1|2576|NRRL3_02576	NRRL3_02576
jgi|Aspni_NRRL3_1|2577|NRRL3_02577	NRRL3_02577
jgi|Aspni_NRRL3_1|2578|NRRL3_02578	NRRL3_02578
jgi|Aspni_NRRL3_1|2579|NRRL3_02579	NRRL3_02579
jgi|Aspni_NRRL3_1|2580|NRRL3_02580	NRRL3_02580
jgi|Aspni_NRRL3_1|2581|NRRL3_02581	NRRL3_02581
jgi|Aspni_NRRL3_1|2582|NRRL3_02582	NRRL3_02582
jgi|Aspni_NRRL3_1|2583|NRRL3_02583	NRRL3_02583
jgi|Aspni_NRRL3_1|2584|NRRL3_02584	NRRL3_02584
jgi|Aspni_NRRL3_1|2585|NRRL3_02585	NRRL3_02585
jgi|Aspni_NRRL3_1|2586|NRRL3_02586	NRRL3_02586
jgi|Aspni_NRRL3_1|2587|NRRL3_02587	NRRL3_02587
jgi|Aspni_NRRL3_1|2588|NRRL3_02588	NRRL3_02588
jgi|Aspni_NRRL3_1|2589|NRRL3_02589	NRRL3_02589
jgi|Aspni_NRRL3_1|2590|NRRL3_02590	NRRL3_02590
jgi|Aspni_NRRL3_1|2591|NRRL3_02591	NRRL3_02591
jgi|Aspni_NRRL3_1|2592|NRRL3_02592	NRRL3_02592
jgi|Aspni_NRRL3_1|2593|NRRL3_02593	NRRL3_02593
jgi|Aspni_NRRL3_1|2594|NRRL3_02594	NRRL3_02594
jgi|Aspni_NRRL3_1|2595|NRRL3_02595	NRRL3_02595
jgi|Aspni_NRRL3_1|2596|NRRL3_02596	NRRL3_02596
jgi|Aspni_NRRL3_1|2597|NRRL3_02597	NRRL3_02597
jgi|Aspni_NRRL3_1|2598|NRRL3_02598	NRRL3_02598
jgi|Aspni_NRRL3_1|2599|NRRL3_02599	NRRL3_02599
jgi|Aspni_NRRL3_1|2600|NRRL3_02600	NRRL3_02600
jgi|Aspni_NRRL3_1|2601|NRRL3_02601	NRRL3_02601
jgi|Aspni_NRRL3_1|2602|NRRL3_02602	NRRL3_02602
jgi|Aspni_NRRL3_1|2603|NRRL3_02603	NRRL3_02603
jgi|Aspni_NRRL3_1|2604|NRRL3_02604	NRRL3_02604
jgi|Aspni_NRRL3_1|2605|NRRL3_02605	NRRL3_02605
jgi|Aspni_NRRL3_1|2606|NRRL3_02606	NRRL3_02606
jgi|Aspni_NRRL3_1|2607|NRRL3_02607	NRRL3_02607
jgi|Aspni_NRRL3_1|2608|NRRL3_02608	NRRL3_02608
jgi|Aspni_NRRL3_1|2609|NRRL3_02609	NRRL3_02609
jgi|Aspni_NRRL3_1|2610|NRRL3_02610	NRRL3_02610
jgi|Aspni_NRRL3_1|2611|NRRL3_02611	NRRL3_02611
jgi|Aspni_NRRL3_1|2612|NRRL3_02612	NRRL3_02612
jgi|Aspni_NRRL3_1|2613|NRRL3_02613	NRRL3_02613
jgi|Aspni_NRRL3_1|2614|NRRL3_02614	NRRL3_02614
jgi|Aspni_NRRL3_1|2615|NRRL3_02615	NRRL3_02615
jgi|Aspni_NRRL3_1|2616|NRRL3_02616	NRRL3_02616
jgi|Aspni_NRRL3_1|2617|NRRL3_02617	NRRL3_02617
jgi|Aspni_NRRL3_1|2618|NRRL3_02618	NRRL3_02618
jgi|Aspni_NRRL3_1|2619|NRRL3_02619	NRRL3_02619
jgi|Aspni_NRRL3_1|2620|NRRL3_02620	NRRL3_02620
jgi|Aspni_NRRL3_1|2621|NRRL3_02621	NRRL3_02621
jgi|Aspni_NRRL3_1|2622|NRRL3_02622	NRRL3_02622
jgi|Aspni_NRRL3_1|2623|NRRL3_02623	NRRL3_02623
jgi|Aspni_NRRL3_1|2624|NRRL3_02624	NRRL3_02624
jgi|Aspni_NRRL3_1|2625|NRRL3_02625	NRRL3_02625
jgi|Aspni_NRRL3_1|2626|NRRL3_02626	NRRL3_02626
jgi|Aspni_NRRL3_1|2627|NRRL3_02627	NRRL3_02627
jgi|Aspni_NRRL3_1|2628|NRRL3_02628	NRRL3_02628
jgi|Aspni_NRRL3_1|2629|NRRL3_02629	NRRL3_02629
jgi|Aspni_NRRL3_1|2630|NRRL3_02630	NRRL3_02630
jgi|Aspni_NRRL3_1|2631|NRRL3_02631	NRRL3_02631
jgi|Aspni_NRRL3_1|2632|NRRL3_02632	NRRL3_02632
jgi|Aspni_NRRL3_1|2633|NRRL3_02633	NRRL3_02633
jgi|Aspni_NRRL3_1|2634|NRRL3_02634	NRRL3_02634
jgi|Aspni_NRRL3_1|2635|NRRL3_02635	NRRL3_02635
jgi|Aspni_NRRL3_1|2636|NRRL3_02636	NRRL3_02636
jgi|Aspni_NRRL3_1|2637|NRRL3_02637	NRRL3_02637
jgi|Aspni_NRRL3_1|2638|NRRL3_02638	NRRL3_02638
jgi|Aspni_NRRL3_1|2639|NRRL3_02639	NRRL3_02639
jgi|Aspni_NRRL3_1|2640|NRRL3_02640	NRRL3_02640
jgi|Aspni_NRRL3_1|2641|NRRL3_02641	NRRL3_02641
jgi|Aspni_NRRL3_1|2642|NRRL3_02642	NRRL3_02642
jgi|Aspni_NRRL3_1|2643|NRRL3_02643	NRRL3_02643
jgi|Aspni_NRRL3_1|2644|NRRL3_02644	NRRL3_02644
jgi|Aspni_NRRL3_1|2645|NRRL3_02645	NRRL3_02645
jgi|Aspni_NRRL3_1|2646|NRRL3_02646	NRRL3_02646
jgi|Aspni_NRRL3_1|2647|NRRL3_02647	NRRL3_02647
jgi|Aspni_NRRL3_1|2648|NRRL3_02648	NRRL3_02648
jgi|Aspni_NRRL3_1|2649|NRRL3_02649	NRRL3_02649
jgi|Aspni_NRRL3_1|2650|NRRL3_02650	NRRL3_02650
jgi|Aspni_NRRL3_1|2651|NRRL3_02651	NRRL3_02651
jgi|Aspni_NRRL3_1|2652|NRRL3_02652	NRRL3_02652
jgi|Aspni_NRRL3_1|2653|NRRL3_02653	NRRL3_02653
jgi|Aspni_NRRL3_1|2654|NRRL3_02654	NRRL3_02654
jgi|Aspni_NRRL3_1|2655|NRRL3_02655	NRRL3_02655
jgi|Aspni_NRRL3_1|2656|NRRL3_02656	NRRL3_02656
jgi|Aspni_NRRL3_1|2657|NRRL3_02657	NRRL3_02657
jgi|Aspni_NRRL3_1|2658|NRRL3_02658	NRRL3_02658
jgi|Aspni_NRRL3_1|2659|NRRL3_02659	NRRL3_02659
jgi|Aspni_NRRL3_1|2660|NRRL3_02660	NRRL3_02660
jgi|Aspni_NRRL3_1|2661|NRRL3_02661	NRRL3_02661
jgi|Aspni_NRRL3_1|2662|NRRL3_02662	NRRL3_02662
jgi|Aspni_NRRL3_1|2663|NRRL3_02663	NRRL3_02663
jgi|Aspni_NRRL3_1|2664|NRRL3_02664	NRRL3_02664
jgi|Aspni_NRRL3_1|2665|NRRL3_02665	NRRL3_02665
jgi|Aspni_NRRL3_1|2666|NRRL3_02666	NRRL3_02666
jgi|Aspni_NRRL3_1|2667|NRRL3_02667	NRRL3_02667
jgi|Aspni_NRRL3_1|2668|NRRL3_02668	NRRL3_02668
jgi|Aspni_NRRL3_1|2669|NRRL3_02669	NRRL3_02669
jgi|Aspni_NRRL3_1|2670|NRRL3_02670	NRRL3_02670
jgi|Aspni_NRRL3_1|2671|NRRL3_02671	NRRL3_02671
jgi|Aspni_NRRL3_1|2672|NRRL3_02672	NRRL3_02672
jgi|Aspni_NRRL3_1|2673|NRRL3_02673	NRRL3_02673
jgi|Aspni_NRRL3_1|2674|NRRL3_02674	NRRL3_02674
jgi|Aspni_NRRL3_1|2675|NRRL3_02675	NRRL3_02675
jgi|Aspni_NRRL3_1|2676|NRRL3_02676	NRRL3_02676
jgi|Aspni_NRRL3_1|2677|NRRL3_02677	NRRL3_02677
jgi|Aspni_NRRL3_1|2678|NRRL3_02678	NRRL3_02678
jgi|Aspni_NRRL3_1|2679|NRRL3_02679	NRRL3_02679
jgi|Aspni_NRRL3_1|2680|NRRL3_02680	NRRL3_02680
jgi|Aspni_NRRL3_1|2681|NRRL3_02681	NRRL3_02681
jgi|Aspni_NRRL3_1|2682|NRRL3_02682	NRRL3_02682
jgi|Aspni_NRRL3_1|2683|NRRL3_02683	NRRL3_02683
jgi|Aspni_NRRL3_1|2684|NRRL3_02684	NRRL3_02684
jgi|Aspni_NRRL3_1|2685|NRRL3_02685	NRRL3_02685
jgi|Aspni_NRRL3_1|2686|NRRL3_02686	NRRL3_02686
jgi|Aspni_NRRL3_1|2687|NRRL3_02687	NRRL3_02687
jgi|Aspni_NRRL3_1|2688|NRRL3_02688	NRRL3_02688
jgi|Aspni_NRRL3_1|2689|NRRL3_02689	NRRL3_02689
jgi|Aspni_NRRL3_1|2690|NRRL3_02690	NRRL3_02690
jgi|Aspni_NRRL3_1|2691|NRRL3_02691	NRRL3_02691
jgi|Aspni_NRRL3_1|2692|NRRL3_02692	NRRL3_02692
jgi|Aspni_NRRL3_1|2693|NRRL3_02693	NRRL3_02693
jgi|Aspni_NRRL3_1|2694|NRRL3_02694	NRRL3_02694
jgi|Aspni_NRRL3_1|2695|NRRL3_02695	NRRL3_02695
jgi|Aspni_NRRL3_1|2696|NRRL3_02696	NRRL3_02696
jgi|Aspni_NRRL3_1|2697|NRRL3_02697	NRRL3_02697
jgi|Aspni_NRRL3_1|2698|NRRL3_02698	NRRL3_02698
jgi|Aspni_NRRL3_1|2699|NRRL3_02699	NRRL3_02699
jgi|Aspni_NRRL3_1|2700|NRRL3_02700	NRRL3_02700
jgi|Aspni_NRRL3_1|2701|NRRL3_02701	NRRL3_02701
jgi|Aspni_NRRL3_1|2702|NRRL3_02702	NRRL3_02702
jgi|Aspni_NRRL3_1|2703|NRRL3_02703	NRRL3_02703
jgi|Aspni_NRRL3_1|2704|NRRL3_02704	NRRL3_02704
jgi|Aspni_NRRL3_1|2705|NRRL3_02705	NRRL3_02705
jgi|Aspni_NRRL3_1|2706|NRRL3_02706	NRRL3_02706
jgi|Aspni_NRRL3_1|2707|NRRL3_02707	NRRL3_02707
jgi|Aspni_NRRL3_1|2708|NRRL3_02708	NRRL3_02708
jgi|Aspni_NRRL3_1|2709|NRRL3_02709	NRRL3_02709
jgi|Aspni_NRRL3_1|2710|NRRL3_02710	NRRL3_02710
jgi|Aspni_NRRL3_1|2711|NRRL3_02711	NRRL3_02711
jgi|Aspni_NRRL3_1|2712|NRRL3_02712	NRRL3_02712
jgi|Aspni_NRRL3_1|2713|NRRL3_02713	NRRL3_02713
jgi|Aspni_NRRL3_1|2714|NRRL3_02714	NRRL3_02714
jgi|Aspni_NRRL3_1|2715|NRRL3_02715	NRRL3_02715
jgi|Aspni_NRRL3_1|2716|NRRL3_02716	NRRL3_02716
jgi|Aspni_NRRL3_1|2717|NRRL3_02717	NRRL3_02717
jgi|Aspni_NRRL3_1|2718|NRRL3_02718	NRRL3_02718
jgi|Aspni_NRRL3_1|2719|NRRL3_02719	NRRL3_02719
jgi|Aspni_NRRL3_1|2720|NRRL3_02720	NRRL3_02720
jgi|Aspni_NRRL3_1|2721|NRRL3_02721	NRRL3_02721
jgi|Aspni_NRRL3_1|2722|NRRL3_02722	NRRL3_02722
jgi|Aspni_NRRL3_1|2723|NRRL3_02723	NRRL3_02723
jgi|Aspni_NRRL3_1|2724|NRRL3_02724	NRRL3_02724
jgi|Aspni_NRRL3_1|2725|NRRL3_02725	NRRL3_02725
jgi|Aspni_NRRL3_1|2726|NRRL3_02726	NRRL3_02726
jgi|Aspni_NRRL3_1|2727|NRRL3_02727	NRRL3_02727
jgi|Aspni_NRRL3_1|2728|NRRL3_02728	NRRL3_02728
jgi|Aspni_NRRL3_1|2729|NRRL3_02729	NRRL3_02729
jgi|Aspni_NRRL3_1|2730|NRRL3_02730	NRRL3_02730
jgi|Aspni_NRRL3_1|2731|NRRL3_02731	NRRL3_02731
jgi|Aspni_NRRL3_1|2732|NRRL3_02732	NRRL3_02732
jgi|Aspni_NRRL3_1|2733|NRRL3_02733	NRRL3_02733
jgi|Aspni_NRRL3_1|2734|NRRL3_02734	NRRL3_02734
jgi|Aspni_NRRL3_1|2735|NRRL3_02735	NRRL3_02735
jgi|Aspni_NRRL3_1|2736|NRRL3_02736	NRRL3_02736
jgi|Aspni_NRRL3_1|2737|NRRL3_02737	NRRL3_02737
jgi|Aspni_NRRL3_1|2738|NRRL3_02738	NRRL3_02738
jgi|Aspni_NRRL3_1|2739|NRRL3_02739	NRRL3_02739
jgi|Aspni_NRRL3_1|2740|NRRL3_02740	NRRL3_02740
jgi|Aspni_NRRL3_1|2741|NRRL3_02741	NRRL3_02741
jgi|Aspni_NRRL3_1|2742|NRRL3_02742	NRRL3_02742
jgi|Aspni_NRRL3_1|2743|NRRL3_02743	NRRL3_02743
jgi|Aspni_NRRL3_1|2744|NRRL3_02744	NRRL3_02744
jgi|Aspni_NRRL3_1|2745|NRRL3_02745	NRRL3_02745
jgi|Aspni_NRRL3_1|2746|NRRL3_02746	NRRL3_02746
jgi|Aspni_NRRL3_1|2747|NRRL3_02747	NRRL3_02747
jgi|Aspni_NRRL3_1|2748|NRRL3_02748	NRRL3_02748
jgi|Aspni_NRRL3_1|2749|NRRL3_02749	NRRL3_02749
jgi|Aspni_NRRL3_1|2750|NRRL3_02750	NRRL3_02750
jgi|Aspni_NRRL3_1|2751|NRRL3_02751	NRRL3_02751
jgi|Aspni_NRRL3_1|2752|NRRL3_02752	NRRL3_02752
jgi|Aspni_NRRL3_1|2753|NRRL3_02753	NRRL3_02753
jgi|Aspni_NRRL3_1|2754|NRRL3_02754	NRRL3_02754
jgi|Aspni_NRRL3_1|2755|NRRL3_02755	NRRL3_02755
jgi|Aspni_NRRL3_1|2756|NRRL3_02756	NRRL3_02756
jgi|Aspni_NRRL3_1|2757|NRRL3_02757	NRRL3_02757
jgi|Aspni_NRRL3_1|2758|NRRL3_02758	NRRL3_02758
jgi|Aspni_NRRL3_1|2759|NRRL3_02759	NRRL3_02759
jgi|Aspni_NRRL3_1|2760|NRRL3_02760	NRRL3_02760
jgi|Aspni_NRRL3_1|2761|NRRL3_02761	NRRL3_02761
jgi|Aspni_NRRL3_1|2762|NRRL3_02762	NRRL3_02762
jgi|Aspni_NRRL3_1|2763|NRRL3_02763	NRRL3_02763
jgi|Aspni_NRRL3_1|2764|NRRL3_02764	NRRL3_02764
jgi|Aspni_NRRL3_1|2765|NRRL3_02765	NRRL3_02765
jgi|Aspni_NRRL3_1|2766|NRRL3_02766	NRRL3_02766
jgi|Aspni_NRRL3_1|2767|NRRL3_02767	NRRL3_02767
jgi|Aspni_NRRL3_1|2768|NRRL3_02768	NRRL3_02768
jgi|Aspni_NRRL3_1|2769|NRRL3_02769	NRRL3_02769
jgi|Aspni_NRRL3_1|2770|NRRL3_02770	NRRL3_02770
jgi|Aspni_NRRL3_1|2771|NRRL3_02771	NRRL3_02771
jgi|Aspni_NRRL3_1|2772|NRRL3_02772	NRRL3_02772
jgi|Aspni_NRRL3_1|2773|NRRL3_02773	NRRL3_02773
jgi|Aspni_NRRL3_1|2774|NRRL3_02774	NRRL3_02774
jgi|Aspni_NRRL3_1|2775|NRRL3_02775	NRRL3_02775
jgi|Aspni_NRRL3_1|2776|NRRL3_02776	NRRL3_02776
jgi|Aspni_NRRL3_1|2777|NRRL3_02777	NRRL3_02777
jgi|Aspni_NRRL3_1|2778|NRRL3_02778	NRRL3_02778
jgi|Aspni_NRRL3_1|2779|NRRL3_02779	NRRL3_02779
jgi|Aspni_NRRL3_1|2780|NRRL3_02780	NRRL3_02780
jgi|Aspni_NRRL3_1|2781|NRRL3_02781	NRRL3_02781
jgi|Aspni_NRRL3_1|2782|NRRL3_02782	NRRL3_02782
jgi|Aspni_NRRL3_1|2783|NRRL3_02783	NRRL3_02783
jgi|Aspni_NRRL3_1|2784|NRRL3_02784	NRRL3_02784
jgi|Aspni_NRRL3_1|2785|NRRL3_02785	NRRL3_02785
jgi|Aspni_NRRL3_1|2786|NRRL3_02786	NRRL3_02786
jgi|Aspni_NRRL3_1|2787|NRRL3_02787	NRRL3_02787
jgi|Aspni_NRRL3_1|2788|NRRL3_02788	NRRL3_02788
jgi|Aspni_NRRL3_1|2789|NRRL3_02789	NRRL3_02789
jgi|Aspni_NRRL3_1|2790|NRRL3_02790	NRRL3_02790
jgi|Aspni_NRRL3_1|2791|NRRL3_02791	NRRL3_02791
jgi|Aspni_NRRL3_1|2792|NRRL3_02792	NRRL3_02792
jgi|Aspni_NRRL3_1|2793|NRRL3_02793	NRRL3_02793
jgi|Aspni_NRRL3_1|2794|NRRL3_02794	NRRL3_02794
jgi|Aspni_NRRL3_1|2795|NRRL3_02795	NRRL3_02795
jgi|Aspni_NRRL3_1|2796|NRRL3_02796	NRRL3_02796
jgi|Aspni_NRRL3_1|2797|NRRL3_02797	NRRL3_02797
jgi|Aspni_NRRL3_1|2798|NRRL3_02798	NRRL3_02798
jgi|Aspni_NRRL3_1|2799|NRRL3_02799	NRRL3_02799
jgi|Aspni_NRRL3_1|2800|NRRL3_02800	NRRL3_02800
jgi|Aspni_NRRL3_1|2801|NRRL3_02801	NRRL3_02801
jgi|Aspni_NRRL3_1|2802|NRRL3_02802	NRRL3_02802
jgi|Aspni_NRRL3_1|2803|NRRL3_02803	NRRL3_02803
jgi|Aspni_NRRL3_1|2804|NRRL3_02804	NRRL3_02804
jgi|Aspni_NRRL3_1|2805|NRRL3_02805	NRRL3_02805
jgi|Aspni_NRRL3_1|2806|NRRL3_02806	NRRL3_02806
jgi|Aspni_NRRL3_1|2807|NRRL3_02807	NRRL3_02807
jgi|Aspni_NRRL3_1|2808|NRRL3_02808	NRRL3_02808
jgi|Aspni_NRRL3_1|2809|NRRL3_02809	NRRL3_02809
jgi|Aspni_NRRL3_1|2810|NRRL3_02810	NRRL3_02810
jgi|Aspni_NRRL3_1|2811|NRRL3_02811	NRRL3_02811
jgi|Aspni_NRRL3_1|2812|NRRL3_02812	NRRL3_02812
jgi|Aspni_NRRL3_1|2813|NRRL3_02813	NRRL3_02813
jgi|Aspni_NRRL3_1|2814|NRRL3_02814	NRRL3_02814
jgi|Aspni_NRRL3_1|2815|NRRL3_02815	NRRL3_02815
jgi|Aspni_NRRL3_1|2816|NRRL3_02816	NRRL3_02816
jgi|Aspni_NRRL3_1|2817|NRRL3_02817	NRRL3_02817
jgi|Aspni_NRRL3_1|2818|NRRL3_02818	NRRL3_02818
jgi|Aspni_NRRL3_1|2819|NRRL3_02819	NRRL3_02819
jgi|Aspni_NRRL3_1|2820|NRRL3_02820	NRRL3_02820
jgi|Aspni_NRRL3_1|2821|NRRL3_02821	NRRL3_02821
jgi|Aspni_NRRL3_1|2822|NRRL3_02822	NRRL3_02822
jgi|Aspni_NRRL3_1|2823|NRRL3_02823	NRRL3_02823
jgi|Aspni_NRRL3_1|2824|NRRL3_02824	NRRL3_02824
jgi|Aspni_NRRL3_1|2825|NRRL3_02825	NRRL3_02825
jgi|Aspni_NRRL3_1|2826|NRRL3_02826	NRRL3_02826
jgi|Aspni_NRRL3_1|2827|NRRL3_02827	NRRL3_02827
jgi|Aspni_NRRL3_1|2828|NRRL3_02828	NRRL3_02828
jgi|Aspni_NRRL3_1|2829|NRRL3_02829	NRRL3_02829
jgi|Aspni_NRRL3_1|2830|NRRL3_02830	NRRL3_02830
jgi|Aspni_NRRL3_1|2831|NRRL3_02831	NRRL3_02831
jgi|Aspni_NRRL3_1|2832|NRRL3_02832	NRRL3_02832
jgi|Aspni_NRRL3_1|2833|NRRL3_02833	NRRL3_02833
jgi|Aspni_NRRL3_1|2834|NRRL3_02834	NRRL3_02834
jgi|Aspni_NRRL3_1|2835|NRRL3_02835	NRRL3_02835
jgi|Aspni_NRRL3_1|2836|NRRL3_02836	NRRL3_02836
jgi|Aspni_NRRL3_1|2837|NRRL3_02837	NRRL3_02837
jgi|Aspni_NRRL3_1|2838|NRRL3_02838	NRRL3_02838
jgi|Aspni_NRRL3_1|2839|NRRL3_02839	NRRL3_02839
jgi|Aspni_NRRL3_1|2840|NRRL3_02840	NRRL3_02840
jgi|Aspni_NRRL3_1|2841|NRRL3_02841	NRRL3_02841
jgi|Aspni_NRRL3_1|2842|NRRL3_02842	NRRL3_02842
jgi|Aspni_NRRL3_1|2843|NRRL3_02843	NRRL3_02843
jgi|Aspni_NRRL3_1|2844|NRRL3_02844	NRRL3_02844
jgi|Aspni_NRRL3_1|2845|NRRL3_02845	NRRL3_02845
jgi|Aspni_NRRL3_1|2846|NRRL3_02846	NRRL3_02846
jgi|Aspni_NRRL3_1|2847|NRRL3_02847	NRRL3_02847
jgi|Aspni_NRRL3_1|2848|NRRL3_02848	NRRL3_02848
jgi|Aspni_NRRL3_1|2849|NRRL3_02849	NRRL3_02849
jgi|Aspni_NRRL3_1|2850|NRRL3_02850	NRRL3_02850
jgi|Aspni_NRRL3_1|2851|NRRL3_02851	NRRL3_02851
jgi|Aspni_NRRL3_1|2852|NRRL3_02852	NRRL3_02852
jgi|Aspni_NRRL3_1|2853|NRRL3_02853	NRRL3_02853
jgi|Aspni_NRRL3_1|2854|NRRL3_02854	NRRL3_02854
jgi|Aspni_NRRL3_1|2855|NRRL3_02855	NRRL3_02855
jgi|Aspni_NRRL3_1|2856|NRRL3_02856	NRRL3_02856
jgi|Aspni_NRRL3_1|2857|NRRL3_02857	NRRL3_02857
jgi|Aspni_NRRL3_1|2858|NRRL3_02858	NRRL3_02858
jgi|Aspni_NRRL3_1|2859|NRRL3_02859	NRRL3_02859
jgi|Aspni_NRRL3_1|2860|NRRL3_02860	NRRL3_02860
jgi|Aspni_NRRL3_1|2861|NRRL3_02861	NRRL3_02861
jgi|Aspni_NRRL3_1|2862|NRRL3_02862	NRRL3_02862
jgi|Aspni_NRRL3_1|2863|NRRL3_02863	NRRL3_02863
jgi|Aspni_NRRL3_1|2864|NRRL3_02864	NRRL3_02864
jgi|Aspni_NRRL3_1|2865|NRRL3_02865	NRRL3_02865
jgi|Aspni_NRRL3_1|2866|NRRL3_02866	NRRL3_02866
jgi|Aspni_NRRL3_1|2867|NRRL3_02867	NRRL3_02867
jgi|Aspni_NRRL3_1|2868|NRRL3_02868	NRRL3_02868
jgi|Aspni_NRRL3_1|2869|NRRL3_02869	NRRL3_02869
jgi|Aspni_NRRL3_1|2870|NRRL3_02870	NRRL3_02870
jgi|Aspni_NRRL3_1|2871|NRRL3_02871	NRRL3_02871
jgi|Aspni_NRRL3_1|2872|NRRL3_02872	NRRL3_02872
jgi|Aspni_NRRL3_1|2873|NRRL3_02873	NRRL3_02873
jgi|Aspni_NRRL3_1|2874|NRRL3_02874	NRRL3_02874
jgi|Aspni_NRRL3_1|2875|NRRL3_02875	NRRL3_02875
jgi|Aspni_NRRL3_1|2876|NRRL3_02876	NRRL3_02876
jgi|Aspni_NRRL3_1|2877|NRRL3_02877	NRRL3_02877
jgi|Aspni_NRRL3_1|2878|NRRL3_02878	NRRL3_02878
jgi|Aspni_NRRL3_1|2879|NRRL3_02879	NRRL3_02879
jgi|Aspni_NRRL3_1|2880|NRRL3_02880	NRRL3_02880
jgi|Aspni_NRRL3_1|2881|NRRL3_02881	NRRL3_02881
jgi|Aspni_NRRL3_1|2882|NRRL3_02882	NRRL3_02882
jgi|Aspni_NRRL3_1|2883|NRRL3_02883	NRRL3_02883
jgi|Aspni_NRRL3_1|2884|NRRL3_02884	NRRL3_02884
jgi|Aspni_NRRL3_1|2885|NRRL3_02885	NRRL3_02885
jgi|Aspni_NRRL3_1|2886|NRRL3_02886	NRRL3_02886
jgi|Aspni_NRRL3_1|2887|NRRL3_02887	NRRL3_02887
jgi|Aspni_NRRL3_1|2888|NRRL3_02888	NRRL3_02888
jgi|Aspni_NRRL3_1|2889|NRRL3_02889	NRRL3_02889
jgi|Aspni_NRRL3_1|2890|NRRL3_02890	NRRL3_02890
jgi|Aspni_NRRL3_1|2891|NRRL3_02891	NRRL3_02891
jgi|Aspni_NRRL3_1|2892|NRRL3_02892	NRRL3_02892
jgi|Aspni_NRRL3_1|2893|NRRL3_02893	NRRL3_02893
jgi|Aspni_NRRL3_1|2894|NRRL3_02894	NRRL3_02894
jgi|Aspni_NRRL3_1|2895|NRRL3_02895	NRRL3_02895
jgi|Aspni_NRRL3_1|2896|NRRL3_02896	NRRL3_02896
jgi|Aspni_NRRL3_1|2897|NRRL3_02897	NRRL3_02897
jgi|Aspni_NRRL3_1|2898|NRRL3_02898	NRRL3_02898
jgi|Aspni_NRRL3_1|2899|NRRL3_02899	NRRL3_02899
jgi|Aspni_NRRL3_1|2900|NRRL3_02900	NRRL3_02900
jgi|Aspni_NRRL3_1|2901|NRRL3_02901	NRRL3_02901
jgi|Aspni_NRRL3_1|2902|NRRL3_02902	NRRL3_02902
jgi|Aspni_NRRL3_1|2903|NRRL3_02903	NRRL3_02903
jgi|Aspni_NRRL3_1|2904|NRRL3_02904	NRRL3_02904
jgi|Aspni_NRRL3_1|2905|NRRL3_02905	NRRL3_02905
jgi|Aspni_NRRL3_1|2906|NRRL3_02906	NRRL3_02906
jgi|Aspni_NRRL3_1|2907|NRRL3_02907	NRRL3_02907
jgi|Aspni_NRRL3_1|2908|NRRL3_02908	NRRL3_02908
jgi|Aspni_NRRL3_1|2909|NRRL3_02909	NRRL3_02909
jgi|Aspni_NRRL3_1|2910|NRRL3_02910	NRRL3_02910
jgi|Aspni_NRRL3_1|2911|NRRL3_02911	NRRL3_02911
jgi|Aspni_NRRL3_1|2912|NRRL3_02912	NRRL3_02912
jgi|Aspni_NRRL3_1|2913|NRRL3_02913	NRRL3_02913
jgi|Aspni_NRRL3_1|2914|NRRL3_02914	NRRL3_02914
jgi|Aspni_NRRL3_1|2915|NRRL3_02915	NRRL3_02915
jgi|Aspni_NRRL3_1|2916|NRRL3_02916	NRRL3_02916
jgi|Aspni_NRRL3_1|2917|NRRL3_02917	NRRL3_02917
jgi|Aspni_NRRL3_1|2918|NRRL3_02918	NRRL3_02918
jgi|Aspni_NRRL3_1|2919|NRRL3_02919	NRRL3_02919
jgi|Aspni_NRRL3_1|2920|NRRL3_02920	NRRL3_02920
jgi|Aspni_NRRL3_1|2921|NRRL3_02921	NRRL3_02921
jgi|Aspni_NRRL3_1|2922|NRRL3_02922	NRRL3_02922
jgi|Aspni_NRRL3_1|2923|NRRL3_02923	NRRL3_02923
jgi|Aspni_NRRL3_1|2924|NRRL3_02924	NRRL3_02924
jgi|Aspni_NRRL3_1|2925|NRRL3_02925	NRRL3_02925
jgi|Aspni_NRRL3_1|2926|NRRL3_02926	NRRL3_02926
jgi|Aspni_NRRL3_1|2927|NRRL3_02927	NRRL3_02927
jgi|Aspni_NRRL3_1|2928|NRRL3_02928	NRRL3_02928
jgi|Aspni_NRRL3_1|2929|NRRL3_02929	NRRL3_02929
jgi|Aspni_NRRL3_1|2930|NRRL3_02930	NRRL3_02930
jgi|Aspni_NRRL3_1|2931|NRRL3_02931	NRRL3_02931
jgi|Aspni_NRRL3_1|2932|NRRL3_02932	NRRL3_02932
jgi|Aspni_NRRL3_1|2933|NRRL3_02933	NRRL3_02933
jgi|Aspni_NRRL3_1|2934|NRRL3_02934	NRRL3_02934
jgi|Aspni_NRRL3_1|2935|NRRL3_02935	NRRL3_02935
jgi|Aspni_NRRL3_1|2936|NRRL3_02936	NRRL3_02936
jgi|Aspni_NRRL3_1|2937|NRRL3_02937	NRRL3_02937
jgi|Aspni_NRRL3_1|2938|NRRL3_02938	NRRL3_02938
jgi|Aspni_NRRL3_1|2939|NRRL3_02939	NRRL3_02939
jgi|Aspni_NRRL3_1|2940|NRRL3_02940	NRRL3_02940
jgi|Aspni_NRRL3_1|2941|NRRL3_02941	NRRL3_02941
jgi|Aspni_NRRL3_1|2942|NRRL3_02942	NRRL3_02942
jgi|Aspni_NRRL3_1|2943|NRRL3_02943	NRRL3_02943
jgi|Aspni_NRRL3_1|2944|NRRL3_02944	NRRL3_02944
jgi|Aspni_NRRL3_1|2945|NRRL3_02945	NRRL3_02945
jgi|Aspni_NRRL3_1|2946|NRRL3_02946	NRRL3_02946
jgi|Aspni_NRRL3_1|2947|NRRL3_02947	NRRL3_02947
jgi|Aspni_NRRL3_1|2948|NRRL3_02948	NRRL3_02948
jgi|Aspni_NRRL3_1|2949|NRRL3_02949	NRRL3_02949
jgi|Aspni_NRRL3_1|2950|NRRL3_02950	NRRL3_02950
jgi|Aspni_NRRL3_1|2951|NRRL3_02951	NRRL3_02951
jgi|Aspni_NRRL3_1|2952|NRRL3_02952	NRRL3_02952
jgi|Aspni_NRRL3_1|2953|NRRL3_02953	NRRL3_02953
jgi|Aspni_NRRL3_1|2954|NRRL3_02954	NRRL3_02954
jgi|Aspni_NRRL3_1|2955|NRRL3_02955	NRRL3_02955
jgi|Aspni_NRRL3_1|2956|NRRL3_02956	NRRL3_02956
jgi|Aspni_NRRL3_1|2957|NRRL3_02957	NRRL3_02957
jgi|Aspni_NRRL3_1|2958|NRRL3_02958	NRRL3_02958
jgi|Aspni_NRRL3_1|2959|NRRL3_02959	NRRL3_02959
jgi|Aspni_NRRL3_1|2960|NRRL3_02960	NRRL3_02960
jgi|Aspni_NRRL3_1|2961|NRRL3_02961	NRRL3_02961
jgi|Aspni_NRRL3_1|2962|NRRL3_02962	NRRL3_02962
jgi|Aspni_NRRL3_1|2963|NRRL3_02963	NRRL3_02963
jgi|Aspni_NRRL3_1|2964|NRRL3_02964	NRRL3_02964
jgi|Aspni_NRRL3_1|2965|NRRL3_02965	NRRL3_02965
jgi|Aspni_NRRL3_1|2966|NRRL3_02966	NRRL3_02966
jgi|Aspni_NRRL3_1|2967|NRRL3_02967	NRRL3_02967
jgi|Aspni_NRRL3_1|2968|NRRL3_02968	NRRL3_02968
jgi|Aspni_NRRL3_1|2969|NRRL3_02969	NRRL3_02969
jgi|Aspni_NRRL3_1|2970|NRRL3_02970	NRRL3_02970
jgi|Aspni_NRRL3_1|2971|NRRL3_02971	NRRL3_02971
jgi|Aspni_NRRL3_1|2972|NRRL3_02972	NRRL3_02972
jgi|Aspni_NRRL3_1|2973|NRRL3_02973	NRRL3_02973
jgi|Aspni_NRRL3_1|2974|NRRL3_02974	NRRL3_02974
jgi|Aspni_NRRL3_1|2975|NRRL3_02975	NRRL3_02975
jgi|Aspni_NRRL3_1|2976|NRRL3_02976	NRRL3_02976
jgi|Aspni_NRRL3_1|2977|NRRL3_02977	NRRL3_02977
jgi|Aspni_NRRL3_1|2978|NRRL3_02978	NRRL3_02978
jgi|Aspni_NRRL3_1|2979|NRRL3_02979	NRRL3_02979
jgi|Aspni_NRRL3_1|2980|NRRL3_02980	NRRL3_02980
jgi|Aspni_NRRL3_1|2981|NRRL3_02981	NRRL3_02981
jgi|Aspni_NRRL3_1|2982|NRRL3_02982	NRRL3_02982
jgi|Aspni_NRRL3_1|2983|NRRL3_02983	NRRL3_02983
jgi|Aspni_NRRL3_1|2984|NRRL3_02984	NRRL3_02984
jgi|Aspni_NRRL3_1|2985|NRRL3_02985	NRRL3_02985
jgi|Aspni_NRRL3_1|2986|NRRL3_02986	NRRL3_02986
jgi|Aspni_NRRL3_1|2987|NRRL3_02987	NRRL3_02987
jgi|Aspni_NRRL3_1|2988|NRRL3_02988	NRRL3_02988
jgi|Aspni_NRRL3_1|2989|NRRL3_02989	NRRL3_02989
jgi|Aspni_NRRL3_1|2990|NRRL3_02990	NRRL3_02990
jgi|Aspni_NRRL3_1|2991|NRRL3_02991	NRRL3_02991
jgi|Aspni_NRRL3_1|2992|NRRL3_02992	NRRL3_02992
jgi|Aspni_NRRL3_1|2993|NRRL3_02993	NRRL3_02993
jgi|Aspni_NRRL3_1|2994|NRRL3_02994	NRRL3_02994
jgi|Aspni_NRRL3_1|2995|NRRL3_02995	NRRL3_02995
jgi|Aspni_NRRL3_1|2996|NRRL3_02996	NRRL3_02996
jgi|Aspni_NRRL3_1|2997|NRRL3_02997	NRRL3_02997
jgi|Aspni_NRRL3_1|2998|NRRL3_02998	NRRL3_02998
jgi|Aspni_NRRL3_1|2999|NRRL3_02999	NRRL3_02999
jgi|Aspni_NRRL3_1|3000|NRRL3_03000	NRRL3_03000
jgi|Aspni_NRRL3_1|3001|NRRL3_03001	NRRL3_03001
jgi|Aspni_NRRL3_1|3002|NRRL3_03002	NRRL3_03002
jgi|Aspni_NRRL3_1|3003|NRRL3_03003	NRRL3_03003
jgi|Aspni_NRRL3_1|3004|NRRL3_03004	NRRL3_03004
jgi|Aspni_NRRL3_1|3005|NRRL3_03005	NRRL3_03005
jgi|Aspni_NRRL3_1|3006|NRRL3_03006	NRRL3_03006
jgi|Aspni_NRRL3_1|3007|NRRL3_03007	NRRL3_03007
jgi|Aspni_NRRL3_1|3008|NRRL3_03008	NRRL3_03008
jgi|Aspni_NRRL3_1|3009|NRRL3_03009	NRRL3_03009
jgi|Aspni_NRRL3_1|3010|NRRL3_03010	NRRL3_03010
jgi|Aspni_NRRL3_1|3011|NRRL3_03011	NRRL3_03011
jgi|Aspni_NRRL3_1|3012|NRRL3_03012	NRRL3_03012
jgi|Aspni_NRRL3_1|3013|NRRL3_03013	NRRL3_03013
jgi|Aspni_NRRL3_1|3014|NRRL3_03014	NRRL3_03014
jgi|Aspni_NRRL3_1|3015|NRRL3_03015	NRRL3_03015
jgi|Aspni_NRRL3_1|3016|NRRL3_03016	NRRL3_03016
jgi|Aspni_NRRL3_1|3017|NRRL3_03017	NRRL3_03017
jgi|Aspni_NRRL3_1|3018|NRRL3_03018	NRRL3_03018
jgi|Aspni_NRRL3_1|3019|NRRL3_03019	NRRL3_03019
jgi|Aspni_NRRL3_1|3020|NRRL3_03020	NRRL3_03020
jgi|Aspni_NRRL3_1|3021|NRRL3_03021	NRRL3_03021
jgi|Aspni_NRRL3_1|3022|NRRL3_03022	NRRL3_03022
jgi|Aspni_NRRL3_1|3023|NRRL3_03023	NRRL3_03023
jgi|Aspni_NRRL3_1|3024|NRRL3_03024	NRRL3_03024
jgi|Aspni_NRRL3_1|3025|NRRL3_03025	NRRL3_03025
jgi|Aspni_NRRL3_1|3026|NRRL3_03026	NRRL3_03026
jgi|Aspni_NRRL3_1|3027|NRRL3_03027	NRRL3_03027
jgi|Aspni_NRRL3_1|3028|NRRL3_03028	NRRL3_03028
jgi|Aspni_NRRL3_1|3029|NRRL3_03029	NRRL3_03029
jgi|Aspni_NRRL3_1|3030|NRRL3_03030	NRRL3_03030
jgi|Aspni_NRRL3_1|3031|NRRL3_03031	NRRL3_03031
jgi|Aspni_NRRL3_1|3032|NRRL3_03032	NRRL3_03032
jgi|Aspni_NRRL3_1|3033|NRRL3_03033	NRRL3_03033
jgi|Aspni_NRRL3_1|3034|NRRL3_03034	NRRL3_03034
jgi|Aspni_NRRL3_1|3035|NRRL3_03035	NRRL3_03035
jgi|Aspni_NRRL3_1|3036|NRRL3_03036	NRRL3_03036
jgi|Aspni_NRRL3_1|3037|NRRL3_03037	NRRL3_03037
jgi|Aspni_NRRL3_1|3038|NRRL3_03038	NRRL3_03038
jgi|Aspni_NRRL3_1|3039|NRRL3_03039	NRRL3_03039
jgi|Aspni_NRRL3_1|3040|NRRL3_03040	NRRL3_03040
jgi|Aspni_NRRL3_1|3041|NRRL3_03041	NRRL3_03041
jgi|Aspni_NRRL3_1|3042|NRRL3_03042	NRRL3_03042
jgi|Aspni_NRRL3_1|3043|NRRL3_03043	NRRL3_03043
jgi|Aspni_NRRL3_1|3044|NRRL3_03044	NRRL3_03044
jgi|Aspni_NRRL3_1|3045|NRRL3_03045	NRRL3_03045
jgi|Aspni_NRRL3_1|3046|NRRL3_03046	NRRL3_03046
jgi|Aspni_NRRL3_1|3047|NRRL3_03047	NRRL3_03047
jgi|Aspni_NRRL3_1|3048|NRRL3_03048	NRRL3_03048
jgi|Aspni_NRRL3_1|3049|NRRL3_03049	NRRL3_03049
jgi|Aspni_NRRL3_1|3050|NRRL3_03050	NRRL3_03050
jgi|Aspni_NRRL3_1|3051|NRRL3_03051	NRRL3_03051
jgi|Aspni_NRRL3_1|3052|NRRL3_03052	NRRL3_03052
jgi|Aspni_NRRL3_1|3053|NRRL3_03053	NRRL3_03053
jgi|Aspni_NRRL3_1|3054|NRRL3_03054	NRRL3_03054
jgi|Aspni_NRRL3_1|3055|NRRL3_03055	NRRL3_03055
jgi|Aspni_NRRL3_1|3056|NRRL3_03056	NRRL3_03056
jgi|Aspni_NRRL3_1|3057|NRRL3_03057	NRRL3_03057
jgi|Aspni_NRRL3_1|3058|NRRL3_03058	NRRL3_03058
jgi|Aspni_NRRL3_1|3059|NRRL3_03059	NRRL3_03059
jgi|Aspni_NRRL3_1|3060|NRRL3_03060	NRRL3_03060
jgi|Aspni_NRRL3_1|3061|NRRL3_03061	NRRL3_03061
jgi|Aspni_NRRL3_1|3062|NRRL3_03062	NRRL3_03062
jgi|Aspni_NRRL3_1|3063|NRRL3_03063	NRRL3_03063
jgi|Aspni_NRRL3_1|3064|NRRL3_03064	NRRL3_03064
jgi|Aspni_NRRL3_1|3065|NRRL3_03065	NRRL3_03065
jgi|Aspni_NRRL3_1|3066|NRRL3_03066	NRRL3_03066
jgi|Aspni_NRRL3_1|3067|NRRL3_03067	NRRL3_03067
jgi|Aspni_NRRL3_1|3068|NRRL3_03068	NRRL3_03068
jgi|Aspni_NRRL3_1|3069|NRRL3_03069	NRRL3_03069
jgi|Aspni_NRRL3_1|3070|NRRL3_03070	NRRL3_03070
jgi|Aspni_NRRL3_1|3071|NRRL3_03071	NRRL3_03071
jgi|Aspni_NRRL3_1|3072|NRRL3_03072	NRRL3_03072
jgi|Aspni_NRRL3_1|3073|NRRL3_03073	NRRL3_03073
jgi|Aspni_NRRL3_1|3074|NRRL3_03074	NRRL3_03074
jgi|Aspni_NRRL3_1|3075|NRRL3_03075	NRRL3_03075
jgi|Aspni_NRRL3_1|3076|NRRL3_03076	NRRL3_03076
jgi|Aspni_NRRL3_1|3077|NRRL3_03077	NRRL3_03077
jgi|Aspni_NRRL3_1|3078|NRRL3_03078	NRRL3_03078
jgi|Aspni_NRRL3_1|3079|NRRL3_03079	NRRL3_03079
jgi|Aspni_NRRL3_1|3080|NRRL3_03080	NRRL3_03080
jgi|Aspni_NRRL3_1|3081|NRRL3_03081	NRRL3_03081
jgi|Aspni_NRRL3_1|3082|NRRL3_03082	NRRL3_03082
jgi|Aspni_NRRL3_1|3083|NRRL3_03083	NRRL3_03083
jgi|Aspni_NRRL3_1|3084|NRRL3_03084	NRRL3_03084
jgi|Aspni_NRRL3_1|3085|NRRL3_03085	NRRL3_03085
jgi|Aspni_NRRL3_1|3086|NRRL3_03086	NRRL3_03086
jgi|Aspni_NRRL3_1|3087|NRRL3_03087	NRRL3_03087
jgi|Aspni_NRRL3_1|3088|NRRL3_03088	NRRL3_03088
jgi|Aspni_NRRL3_1|3089|NRRL3_03089	NRRL3_03089
jgi|Aspni_NRRL3_1|3090|NRRL3_03090	NRRL3_03090
jgi|Aspni_NRRL3_1|3091|NRRL3_03091	NRRL3_03091
jgi|Aspni_NRRL3_1|3092|NRRL3_03092	NRRL3_03092
jgi|Aspni_NRRL3_1|3093|NRRL3_03093	NRRL3_03093
jgi|Aspni_NRRL3_1|3094|NRRL3_03094	NRRL3_03094
jgi|Aspni_NRRL3_1|3095|NRRL3_03095	NRRL3_03095
jgi|Aspni_NRRL3_1|3096|NRRL3_03096	NRRL3_03096
jgi|Aspni_NRRL3_1|3097|NRRL3_03097	NRRL3_03097
jgi|Aspni_NRRL3_1|3098|NRRL3_03098	NRRL3_03098
jgi|Aspni_NRRL3_1|3099|NRRL3_03099	NRRL3_03099
jgi|Aspni_NRRL3_1|3100|NRRL3_03100	NRRL3_03100
jgi|Aspni_NRRL3_1|3101|NRRL3_03101	NRRL3_03101
jgi|Aspni_NRRL3_1|3102|NRRL3_03102	NRRL3_03102
jgi|Aspni_NRRL3_1|3103|NRRL3_03103	NRRL3_03103
jgi|Aspni_NRRL3_1|3104|NRRL3_03104	NRRL3_03104
jgi|Aspni_NRRL3_1|3105|NRRL3_03105	NRRL3_03105
jgi|Aspni_NRRL3_1|3106|NRRL3_03106	NRRL3_03106
jgi|Aspni_NRRL3_1|3107|NRRL3_03107	NRRL3_03107
jgi|Aspni_NRRL3_1|3108|NRRL3_03108	NRRL3_03108
jgi|Aspni_NRRL3_1|3109|NRRL3_03109	NRRL3_03109
jgi|Aspni_NRRL3_1|3110|NRRL3_03110	NRRL3_03110
jgi|Aspni_NRRL3_1|3111|NRRL3_03111	NRRL3_03111
jgi|Aspni_NRRL3_1|3112|NRRL3_03112	NRRL3_03112
jgi|Aspni_NRRL3_1|3113|NRRL3_03113	NRRL3_03113
jgi|Aspni_NRRL3_1|3114|NRRL3_03114	NRRL3_03114
jgi|Aspni_NRRL3_1|3115|NRRL3_03115	NRRL3_03115
jgi|Aspni_NRRL3_1|3116|NRRL3_03116	NRRL3_03116
jgi|Aspni_NRRL3_1|3117|NRRL3_03117	NRRL3_03117
jgi|Aspni_NRRL3_1|3118|NRRL3_03118	NRRL3_03118
jgi|Aspni_NRRL3_1|3119|NRRL3_03119	NRRL3_03119
jgi|Aspni_NRRL3_1|3120|NRRL3_03120	NRRL3_03120
jgi|Aspni_NRRL3_1|3121|NRRL3_03121	NRRL3_03121
jgi|Aspni_NRRL3_1|3122|NRRL3_03122	NRRL3_03122
jgi|Aspni_NRRL3_1|3123|NRRL3_03123	NRRL3_03123
jgi|Aspni_NRRL3_1|3124|NRRL3_03124	NRRL3_03124
jgi|Aspni_NRRL3_1|3125|NRRL3_03125	NRRL3_03125
jgi|Aspni_NRRL3_1|3126|NRRL3_03126	NRRL3_03126
jgi|Aspni_NRRL3_1|3127|NRRL3_03127	NRRL3_03127
jgi|Aspni_NRRL3_1|3128|NRRL3_03128	NRRL3_03128
jgi|Aspni_NRRL3_1|3129|NRRL3_03129	NRRL3_03129
jgi|Aspni_NRRL3_1|3130|NRRL3_03130	NRRL3_03130
jgi|Aspni_NRRL3_1|3131|NRRL3_03131	NRRL3_03131
jgi|Aspni_NRRL3_1|3132|NRRL3_03132	NRRL3_03132
jgi|Aspni_NRRL3_1|3133|NRRL3_03133	NRRL3_03133
jgi|Aspni_NRRL3_1|3134|NRRL3_03134	NRRL3_03134
jgi|Aspni_NRRL3_1|3135|NRRL3_03135	NRRL3_03135
jgi|Aspni_NRRL3_1|3136|NRRL3_03136	NRRL3_03136
jgi|Aspni_NRRL3_1|3137|NRRL3_03137	NRRL3_03137
jgi|Aspni_NRRL3_1|3138|NRRL3_03138	NRRL3_03138
jgi|Aspni_NRRL3_1|3139|NRRL3_03139	NRRL3_03139
jgi|Aspni_NRRL3_1|3140|NRRL3_03140	NRRL3_03140
jgi|Aspni_NRRL3_1|3141|NRRL3_03141	NRRL3_03141
jgi|Aspni_NRRL3_1|3142|NRRL3_03142	NRRL3_03142
jgi|Aspni_NRRL3_1|3143|NRRL3_03143	NRRL3_03143
jgi|Aspni_NRRL3_1|3144|NRRL3_03144	NRRL3_03144
jgi|Aspni_NRRL3_1|3145|NRRL3_03145	NRRL3_03145
jgi|Aspni_NRRL3_1|3146|NRRL3_03146	NRRL3_03146
jgi|Aspni_NRRL3_1|3147|NRRL3_03147	NRRL3_03147
jgi|Aspni_NRRL3_1|3148|NRRL3_03148	NRRL3_03148
jgi|Aspni_NRRL3_1|3149|NRRL3_03149	NRRL3_03149
jgi|Aspni_NRRL3_1|3150|NRRL3_03150	NRRL3_03150
jgi|Aspni_NRRL3_1|3151|NRRL3_03151	NRRL3_03151
jgi|Aspni_NRRL3_1|3152|NRRL3_03152	NRRL3_03152
jgi|Aspni_NRRL3_1|3153|NRRL3_03153	NRRL3_03153
jgi|Aspni_NRRL3_1|3154|NRRL3_03154	NRRL3_03154
jgi|Aspni_NRRL3_1|3155|NRRL3_03155	NRRL3_03155
jgi|Aspni_NRRL3_1|3156|NRRL3_03156	NRRL3_03156
jgi|Aspni_NRRL3_1|3157|NRRL3_03157	NRRL3_03157
jgi|Aspni_NRRL3_1|3158|NRRL3_03158	NRRL3_03158
jgi|Aspni_NRRL3_1|3159|NRRL3_03159	NRRL3_03159
jgi|Aspni_NRRL3_1|3160|NRRL3_03160	NRRL3_03160
jgi|Aspni_NRRL3_1|3161|NRRL3_03161	NRRL3_03161
jgi|Aspni_NRRL3_1|3162|NRRL3_03162	NRRL3_03162
jgi|Aspni_NRRL3_1|3163|NRRL3_03163	NRRL3_03163
jgi|Aspni_NRRL3_1|3164|NRRL3_03164	NRRL3_03164
jgi|Aspni_NRRL3_1|3165|NRRL3_03165	NRRL3_03165
jgi|Aspni_NRRL3_1|3166|NRRL3_03166	NRRL3_03166
jgi|Aspni_NRRL3_1|3167|NRRL3_03167	NRRL3_03167
jgi|Aspni_NRRL3_1|3168|NRRL3_03168	NRRL3_03168
jgi|Aspni_NRRL3_1|3169|NRRL3_03169	NRRL3_03169
jgi|Aspni_NRRL3_1|3170|NRRL3_03170	NRRL3_03170
jgi|Aspni_NRRL3_1|3171|NRRL3_03171	NRRL3_03171
jgi|Aspni_NRRL3_1|3172|NRRL3_03172	NRRL3_03172
jgi|Aspni_NRRL3_1|3173|NRRL3_03173	NRRL3_03173
jgi|Aspni_NRRL3_1|3174|NRRL3_03174	NRRL3_03174
jgi|Aspni_NRRL3_1|3175|NRRL3_03175	NRRL3_03175
jgi|Aspni_NRRL3_1|3176|NRRL3_03176	NRRL3_03176
jgi|Aspni_NRRL3_1|3177|NRRL3_03177	NRRL3_03177
jgi|Aspni_NRRL3_1|3178|NRRL3_03178	NRRL3_03178
jgi|Aspni_NRRL3_1|3179|NRRL3_03179	NRRL3_03179
jgi|Aspni_NRRL3_1|3180|NRRL3_03180	NRRL3_03180
jgi|Aspni_NRRL3_1|3181|NRRL3_03181	NRRL3_03181
jgi|Aspni_NRRL3_1|3182|NRRL3_03182	NRRL3_03182
jgi|Aspni_NRRL3_1|3183|NRRL3_03183	NRRL3_03183
jgi|Aspni_NRRL3_1|3184|NRRL3_03184	NRRL3_03184
jgi|Aspni_NRRL3_1|3185|NRRL3_03185	NRRL3_03185
jgi|Aspni_NRRL3_1|3186|NRRL3_03186	NRRL3_03186
jgi|Aspni_NRRL3_1|3187|NRRL3_03187	NRRL3_03187
jgi|Aspni_NRRL3_1|3188|NRRL3_03188	NRRL3_03188
jgi|Aspni_NRRL3_1|3189|NRRL3_03189	NRRL3_03189
jgi|Aspni_NRRL3_1|3190|NRRL3_03190	NRRL3_03190
jgi|Aspni_NRRL3_1|3191|NRRL3_03191	NRRL3_03191
jgi|Aspni_NRRL3_1|3192|NRRL3_03192	NRRL3_03192
jgi|Aspni_NRRL3_1|3193|NRRL3_03193	NRRL3_03193
jgi|Aspni_NRRL3_1|3194|NRRL3_03194	NRRL3_03194
jgi|Aspni_NRRL3_1|3195|NRRL3_03195	NRRL3_03195
jgi|Aspni_NRRL3_1|3196|NRRL3_03196	NRRL3_03196
jgi|Aspni_NRRL3_1|3197|NRRL3_03197	NRRL3_03197
jgi|Aspni_NRRL3_1|3198|NRRL3_03198	NRRL3_03198
jgi|Aspni_NRRL3_1|3199|NRRL3_03199	NRRL3_03199
jgi|Aspni_NRRL3_1|3200|NRRL3_03200	NRRL3_03200
jgi|Aspni_NRRL3_1|3201|NRRL3_03201	NRRL3_03201
jgi|Aspni_NRRL3_1|3202|NRRL3_03202	NRRL3_03202
jgi|Aspni_NRRL3_1|3203|NRRL3_03203	NRRL3_03203
jgi|Aspni_NRRL3_1|3204|NRRL3_03204	NRRL3_03204
jgi|Aspni_NRRL3_1|3205|NRRL3_03205	NRRL3_03205
jgi|Aspni_NRRL3_1|3206|NRRL3_03206	NRRL3_03206
jgi|Aspni_NRRL3_1|3207|NRRL3_03207	NRRL3_03207
jgi|Aspni_NRRL3_1|3208|NRRL3_03208	NRRL3_03208
jgi|Aspni_NRRL3_1|3209|NRRL3_03209	NRRL3_03209
jgi|Aspni_NRRL3_1|3210|NRRL3_03210	NRRL3_03210
jgi|Aspni_NRRL3_1|3211|NRRL3_03211	NRRL3_03211
jgi|Aspni_NRRL3_1|3212|NRRL3_03212	NRRL3_03212
jgi|Aspni_NRRL3_1|3213|NRRL3_03213	NRRL3_03213
jgi|Aspni_NRRL3_1|3214|NRRL3_03214	NRRL3_03214
jgi|Aspni_NRRL3_1|3215|NRRL3_03215	NRRL3_03215
jgi|Aspni_NRRL3_1|3216|NRRL3_03216	NRRL3_03216
jgi|Aspni_NRRL3_1|3217|NRRL3_03217	NRRL3_03217
jgi|Aspni_NRRL3_1|3218|NRRL3_03218	NRRL3_03218
jgi|Aspni_NRRL3_1|3219|NRRL3_03219	NRRL3_03219
jgi|Aspni_NRRL3_1|3220|NRRL3_03220	NRRL3_03220
jgi|Aspni_NRRL3_1|3221|NRRL3_03221	NRRL3_03221
jgi|Aspni_NRRL3_1|3222|NRRL3_03222	NRRL3_03222
jgi|Aspni_NRRL3_1|3223|NRRL3_03223	NRRL3_03223
jgi|Aspni_NRRL3_1|3224|NRRL3_03224	NRRL3_03224
jgi|Aspni_NRRL3_1|3225|NRRL3_03225	NRRL3_03225
jgi|Aspni_NRRL3_1|3226|NRRL3_03226	NRRL3_03226
jgi|Aspni_NRRL3_1|3227|NRRL3_03227	NRRL3_03227
jgi|Aspni_NRRL3_1|3228|NRRL3_03228	NRRL3_03228
jgi|Aspni_NRRL3_1|3229|NRRL3_03229	NRRL3_03229
jgi|Aspni_NRRL3_1|3230|NRRL3_03230	NRRL3_03230
jgi|Aspni_NRRL3_1|3231|NRRL3_03231	NRRL3_03231
jgi|Aspni_NRRL3_1|3232|NRRL3_03232	NRRL3_03232
jgi|Aspni_NRRL3_1|3233|NRRL3_03233	NRRL3_03233
jgi|Aspni_NRRL3_1|3234|NRRL3_03234	NRRL3_03234
jgi|Aspni_NRRL3_1|3235|NRRL3_03235	NRRL3_03235
jgi|Aspni_NRRL3_1|3236|NRRL3_03236	NRRL3_03236
jgi|Aspni_NRRL3_1|3237|NRRL3_03237	NRRL3_03237
jgi|Aspni_NRRL3_1|3238|NRRL3_03238	NRRL3_03238
jgi|Aspni_NRRL3_1|3239|NRRL3_03239	NRRL3_03239
jgi|Aspni_NRRL3_1|3240|NRRL3_03240	NRRL3_03240
jgi|Aspni_NRRL3_1|3241|NRRL3_03241	NRRL3_03241
jgi|Aspni_NRRL3_1|3242|NRRL3_03242	NRRL3_03242
jgi|Aspni_NRRL3_1|3243|NRRL3_03243	NRRL3_03243
jgi|Aspni_NRRL3_1|3244|NRRL3_03244	NRRL3_03244
jgi|Aspni_NRRL3_1|3245|NRRL3_03245	NRRL3_03245
jgi|Aspni_NRRL3_1|3246|NRRL3_03246	NRRL3_03246
jgi|Aspni_NRRL3_1|3247|NRRL3_03247	NRRL3_03247
jgi|Aspni_NRRL3_1|3248|NRRL3_03248	NRRL3_03248
jgi|Aspni_NRRL3_1|3249|NRRL3_03249	NRRL3_03249
jgi|Aspni_NRRL3_1|3250|NRRL3_03250	NRRL3_03250
jgi|Aspni_NRRL3_1|3251|NRRL3_03251	NRRL3_03251
jgi|Aspni_NRRL3_1|3252|NRRL3_03252	NRRL3_03252
jgi|Aspni_NRRL3_1|3253|NRRL3_03253	NRRL3_03253
jgi|Aspni_NRRL3_1|3254|NRRL3_03254	NRRL3_03254
jgi|Aspni_NRRL3_1|3255|NRRL3_03255	NRRL3_03255
jgi|Aspni_NRRL3_1|3256|NRRL3_03256	NRRL3_03256
jgi|Aspni_NRRL3_1|3257|NRRL3_03257	NRRL3_03257
jgi|Aspni_NRRL3_1|3258|NRRL3_03258	NRRL3_03258
jgi|Aspni_NRRL3_1|3259|NRRL3_03259	NRRL3_03259
jgi|Aspni_NRRL3_1|3260|NRRL3_03260	NRRL3_03260
jgi|Aspni_NRRL3_1|3261|NRRL3_03261	NRRL3_03261
jgi|Aspni_NRRL3_1|3262|NRRL3_03262	NRRL3_03262
jgi|Aspni_NRRL3_1|3263|NRRL3_03263	NRRL3_03263
jgi|Aspni_NRRL3_1|3264|NRRL3_03264	NRRL3_03264
jgi|Aspni_NRRL3_1|3265|NRRL3_03265	NRRL3_03265
jgi|Aspni_NRRL3_1|3266|NRRL3_03266	NRRL3_03266
jgi|Aspni_NRRL3_1|3267|NRRL3_03267	NRRL3_03267
jgi|Aspni_NRRL3_1|3268|NRRL3_03268	NRRL3_03268
jgi|Aspni_NRRL3_1|3269|NRRL3_03269	NRRL3_03269
jgi|Aspni_NRRL3_1|3270|NRRL3_03270	NRRL3_03270
jgi|Aspni_NRRL3_1|3271|NRRL3_03271	NRRL3_03271
jgi|Aspni_NRRL3_1|3272|NRRL3_03272	NRRL3_03272
jgi|Aspni_NRRL3_1|3273|NRRL3_03273	NRRL3_03273
jgi|Aspni_NRRL3_1|3274|NRRL3_03274	NRRL3_03274
jgi|Aspni_NRRL3_1|3275|NRRL3_03275	NRRL3_03275
jgi|Aspni_NRRL3_1|3276|NRRL3_03276	NRRL3_03276
jgi|Aspni_NRRL3_1|3277|NRRL3_03277	NRRL3_03277
jgi|Aspni_NRRL3_1|3278|NRRL3_03278	NRRL3_03278
jgi|Aspni_NRRL3_1|3279|NRRL3_03279	NRRL3_03279
jgi|Aspni_NRRL3_1|3280|NRRL3_03280	NRRL3_03280
jgi|Aspni_NRRL3_1|3281|NRRL3_03281	NRRL3_03281
jgi|Aspni_NRRL3_1|3282|NRRL3_03282	NRRL3_03282
jgi|Aspni_NRRL3_1|3283|NRRL3_03283	NRRL3_03283
jgi|Aspni_NRRL3_1|3284|NRRL3_03284	NRRL3_03284
jgi|Aspni_NRRL3_1|3285|NRRL3_03285	NRRL3_03285
jgi|Aspni_NRRL3_1|3286|NRRL3_03286	NRRL3_03286
jgi|Aspni_NRRL3_1|3287|NRRL3_03287	NRRL3_03287
jgi|Aspni_NRRL3_1|3288|NRRL3_03288	NRRL3_03288
jgi|Aspni_NRRL3_1|3289|NRRL3_03289	NRRL3_03289
jgi|Aspni_NRRL3_1|3290|NRRL3_03290	NRRL3_03290
jgi|Aspni_NRRL3_1|3291|NRRL3_03291	NRRL3_03291
jgi|Aspni_NRRL3_1|3292|NRRL3_03292	NRRL3_03292
jgi|Aspni_NRRL3_1|3293|NRRL3_03293	NRRL3_03293
jgi|Aspni_NRRL3_1|3294|NRRL3_03294	NRRL3_03294
jgi|Aspni_NRRL3_1|3295|NRRL3_03295	NRRL3_03295
jgi|Aspni_NRRL3_1|3296|NRRL3_03296	NRRL3_03296
jgi|Aspni_NRRL3_1|3297|NRRL3_03297	NRRL3_03297
jgi|Aspni_NRRL3_1|3298|NRRL3_03298	NRRL3_03298
jgi|Aspni_NRRL3_1|3299|NRRL3_03299	NRRL3_03299
jgi|Aspni_NRRL3_1|3300|NRRL3_03300	NRRL3_03300
jgi|Aspni_NRRL3_1|3301|NRRL3_03301	NRRL3_03301
jgi|Aspni_NRRL3_1|3302|NRRL3_03302	NRRL3_03302
jgi|Aspni_NRRL3_1|3303|NRRL3_03303	NRRL3_03303
jgi|Aspni_NRRL3_1|3304|NRRL3_03304	NRRL3_03304
jgi|Aspni_NRRL3_1|3305|NRRL3_03305	NRRL3_03305
jgi|Aspni_NRRL3_1|3306|NRRL3_03306	NRRL3_03306
jgi|Aspni_NRRL3_1|3307|NRRL3_03307	NRRL3_03307
jgi|Aspni_NRRL3_1|3308|NRRL3_03308	NRRL3_03308
jgi|Aspni_NRRL3_1|3309|NRRL3_03309	NRRL3_03309
jgi|Aspni_NRRL3_1|3310|NRRL3_03310	NRRL3_03310
jgi|Aspni_NRRL3_1|3311|NRRL3_03311	NRRL3_03311
jgi|Aspni_NRRL3_1|3312|NRRL3_03312	NRRL3_03312
jgi|Aspni_NRRL3_1|3313|NRRL3_03313	NRRL3_03313
jgi|Aspni_NRRL3_1|3314|NRRL3_03314	NRRL3_03314
jgi|Aspni_NRRL3_1|3315|NRRL3_03315	NRRL3_03315
jgi|Aspni_NRRL3_1|3316|NRRL3_03316	NRRL3_03316
jgi|Aspni_NRRL3_1|3317|NRRL3_03317	NRRL3_03317
jgi|Aspni_NRRL3_1|3318|NRRL3_03318	NRRL3_03318
jgi|Aspni_NRRL3_1|3319|NRRL3_03319	NRRL3_03319
jgi|Aspni_NRRL3_1|3320|NRRL3_03320	NRRL3_03320
jgi|Aspni_NRRL3_1|3321|NRRL3_03321	NRRL3_03321
jgi|Aspni_NRRL3_1|3322|NRRL3_03322	NRRL3_03322
jgi|Aspni_NRRL3_1|3323|NRRL3_03323	NRRL3_03323
jgi|Aspni_NRRL3_1|3324|NRRL3_03324	NRRL3_03324
jgi|Aspni_NRRL3_1|3325|NRRL3_03325	NRRL3_03325
jgi|Aspni_NRRL3_1|3326|NRRL3_03326	NRRL3_03326
jgi|Aspni_NRRL3_1|3327|NRRL3_03327	NRRL3_03327
jgi|Aspni_NRRL3_1|3328|NRRL3_03328	NRRL3_03328
jgi|Aspni_NRRL3_1|3329|NRRL3_03329	NRRL3_03329
jgi|Aspni_NRRL3_1|3330|NRRL3_03330	NRRL3_03330
jgi|Aspni_NRRL3_1|3331|NRRL3_03331	NRRL3_03331
jgi|Aspni_NRRL3_1|3332|NRRL3_03332	NRRL3_03332
jgi|Aspni_NRRL3_1|3333|NRRL3_03333	NRRL3_03333
jgi|Aspni_NRRL3_1|3334|NRRL3_03334	NRRL3_03334
jgi|Aspni_NRRL3_1|3335|NRRL3_03335	NRRL3_03335
jgi|Aspni_NRRL3_1|3336|NRRL3_03336	NRRL3_03336
jgi|Aspni_NRRL3_1|3337|NRRL3_03337	NRRL3_03337
jgi|Aspni_NRRL3_1|3338|NRRL3_03338	NRRL3_03338
jgi|Aspni_NRRL3_1|3339|NRRL3_03339	NRRL3_03339
jgi|Aspni_NRRL3_1|3340|NRRL3_03340	NRRL3_03340
jgi|Aspni_NRRL3_1|3341|NRRL3_03341	NRRL3_03341
jgi|Aspni_NRRL3_1|3342|NRRL3_03342	NRRL3_03342
jgi|Aspni_NRRL3_1|3343|NRRL3_03343	NRRL3_03343
jgi|Aspni_NRRL3_1|3344|NRRL3_03344	NRRL3_03344
jgi|Aspni_NRRL3_1|3345|NRRL3_03345	NRRL3_03345
jgi|Aspni_NRRL3_1|3346|NRRL3_03346	NRRL3_03346
jgi|Aspni_NRRL3_1|3347|NRRL3_03347	NRRL3_03347
jgi|Aspni_NRRL3_1|3348|NRRL3_03348	NRRL3_03348
jgi|Aspni_NRRL3_1|3349|NRRL3_03349	NRRL3_03349
jgi|Aspni_NRRL3_1|3350|NRRL3_03350	NRRL3_03350
jgi|Aspni_NRRL3_1|3351|NRRL3_03351	NRRL3_03351
jgi|Aspni_NRRL3_1|3352|NRRL3_03352	NRRL3_03352
jgi|Aspni_NRRL3_1|3353|NRRL3_03353	NRRL3_03353
jgi|Aspni_NRRL3_1|3354|NRRL3_03354	NRRL3_03354
jgi|Aspni_NRRL3_1|3355|NRRL3_03355	NRRL3_03355
jgi|Aspni_NRRL3_1|3356|NRRL3_03356	NRRL3_03356
jgi|Aspni_NRRL3_1|3357|NRRL3_03357	NRRL3_03357
jgi|Aspni_NRRL3_1|3358|NRRL3_03358	NRRL3_03358
jgi|Aspni_NRRL3_1|3359|NRRL3_03359	NRRL3_03359
jgi|Aspni_NRRL3_1|3360|NRRL3_03360	NRRL3_03360
jgi|Aspni_NRRL3_1|3361|NRRL3_03361	NRRL3_03361
jgi|Aspni_NRRL3_1|3362|NRRL3_03362	NRRL3_03362
jgi|Aspni_NRRL3_1|3363|NRRL3_03363	NRRL3_03363
jgi|Aspni_NRRL3_1|3364|NRRL3_03364	NRRL3_03364
jgi|Aspni_NRRL3_1|3365|NRRL3_03365	NRRL3_03365
jgi|Aspni_NRRL3_1|3366|NRRL3_03366	NRRL3_03366
jgi|Aspni_NRRL3_1|3367|NRRL3_03367	NRRL3_03367
jgi|Aspni_NRRL3_1|3368|NRRL3_03368	NRRL3_03368
jgi|Aspni_NRRL3_1|3369|NRRL3_03369	NRRL3_03369
jgi|Aspni_NRRL3_1|3370|NRRL3_03370	NRRL3_03370
jgi|Aspni_NRRL3_1|3371|NRRL3_03371	NRRL3_03371
jgi|Aspni_NRRL3_1|3372|NRRL3_03372	NRRL3_03372
jgi|Aspni_NRRL3_1|3373|NRRL3_03373	NRRL3_03373
jgi|Aspni_NRRL3_1|3374|NRRL3_03374	NRRL3_03374
jgi|Aspni_NRRL3_1|3375|NRRL3_03375	NRRL3_03375
jgi|Aspni_NRRL3_1|3376|NRRL3_03376	NRRL3_03376
jgi|Aspni_NRRL3_1|3377|NRRL3_03377	NRRL3_03377
jgi|Aspni_NRRL3_1|3378|NRRL3_03378	NRRL3_03378
jgi|Aspni_NRRL3_1|3379|NRRL3_03379	NRRL3_03379
jgi|Aspni_NRRL3_1|3380|NRRL3_03380	NRRL3_03380
jgi|Aspni_NRRL3_1|3381|NRRL3_03381	NRRL3_03381
jgi|Aspni_NRRL3_1|3382|NRRL3_03382	NRRL3_03382
jgi|Aspni_NRRL3_1|3383|NRRL3_03383	NRRL3_03383
jgi|Aspni_NRRL3_1|3384|NRRL3_03384	NRRL3_03384
jgi|Aspni_NRRL3_1|3385|NRRL3_03385	NRRL3_03385
jgi|Aspni_NRRL3_1|3386|NRRL3_03386	NRRL3_03386
jgi|Aspni_NRRL3_1|3387|NRRL3_03387	NRRL3_03387
jgi|Aspni_NRRL3_1|3388|NRRL3_03388	NRRL3_03388
jgi|Aspni_NRRL3_1|3389|NRRL3_03389	NRRL3_03389
jgi|Aspni_NRRL3_1|3390|NRRL3_03390	NRRL3_03390
jgi|Aspni_NRRL3_1|3391|NRRL3_03391	NRRL3_03391
jgi|Aspni_NRRL3_1|3392|NRRL3_03392	NRRL3_03392
jgi|Aspni_NRRL3_1|3393|NRRL3_03393	NRRL3_03393
jgi|Aspni_NRRL3_1|3394|NRRL3_03394	NRRL3_03394
jgi|Aspni_NRRL3_1|3395|NRRL3_03395	NRRL3_03395
jgi|Aspni_NRRL3_1|3396|NRRL3_03396	NRRL3_03396
jgi|Aspni_NRRL3_1|3397|NRRL3_03397	NRRL3_03397
jgi|Aspni_NRRL3_1|3398|NRRL3_03398	NRRL3_03398
jgi|Aspni_NRRL3_1|3399|NRRL3_03399	NRRL3_03399
jgi|Aspni_NRRL3_1|3400|NRRL3_03400	NRRL3_03400
jgi|Aspni_NRRL3_1|3401|NRRL3_03401	NRRL3_03401
jgi|Aspni_NRRL3_1|3402|NRRL3_03402	NRRL3_03402
jgi|Aspni_NRRL3_1|3403|NRRL3_03403	NRRL3_03403
jgi|Aspni_NRRL3_1|3404|NRRL3_03404	NRRL3_03404
jgi|Aspni_NRRL3_1|3405|NRRL3_03405	NRRL3_03405
jgi|Aspni_NRRL3_1|3406|NRRL3_03406	NRRL3_03406
jgi|Aspni_NRRL3_1|3407|NRRL3_03407	NRRL3_03407
jgi|Aspni_NRRL3_1|3408|NRRL3_03408	NRRL3_03408
jgi|Aspni_NRRL3_1|3409|NRRL3_03409	NRRL3_03409
jgi|Aspni_NRRL3_1|3410|NRRL3_03410	NRRL3_03410
jgi|Aspni_NRRL3_1|3411|NRRL3_03411	NRRL3_03411
jgi|Aspni_NRRL3_1|3412|NRRL3_03412	NRRL3_03412
jgi|Aspni_NRRL3_1|3413|NRRL3_03413	NRRL3_03413
jgi|Aspni_NRRL3_1|3414|NRRL3_03414	NRRL3_03414
jgi|Aspni_NRRL3_1|3415|NRRL3_03415	NRRL3_03415
jgi|Aspni_NRRL3_1|3416|NRRL3_03416	NRRL3_03416
jgi|Aspni_NRRL3_1|3417|NRRL3_03417	NRRL3_03417
jgi|Aspni_NRRL3_1|3418|NRRL3_03418	NRRL3_03418
jgi|Aspni_NRRL3_1|3419|NRRL3_03419	NRRL3_03419
jgi|Aspni_NRRL3_1|3420|NRRL3_03420	NRRL3_03420
jgi|Aspni_NRRL3_1|3421|NRRL3_03421	NRRL3_03421
jgi|Aspni_NRRL3_1|3422|NRRL3_03422	NRRL3_03422
jgi|Aspni_NRRL3_1|3423|NRRL3_03423	NRRL3_03423
jgi|Aspni_NRRL3_1|3424|NRRL3_03424	NRRL3_03424
jgi|Aspni_NRRL3_1|3425|NRRL3_03425	NRRL3_03425
jgi|Aspni_NRRL3_1|3426|NRRL3_03426	NRRL3_03426
jgi|Aspni_NRRL3_1|3427|NRRL3_03427	NRRL3_03427
jgi|Aspni_NRRL3_1|3428|NRRL3_03428	NRRL3_03428
jgi|Aspni_NRRL3_1|3429|NRRL3_03429	NRRL3_03429
jgi|Aspni_NRRL3_1|3430|NRRL3_03430	NRRL3_03430
jgi|Aspni_NRRL3_1|3431|NRRL3_03431	NRRL3_03431
jgi|Aspni_NRRL3_1|3432|NRRL3_03432	NRRL3_03432
jgi|Aspni_NRRL3_1|3433|NRRL3_03433	NRRL3_03433
jgi|Aspni_NRRL3_1|3434|NRRL3_03434	NRRL3_03434
jgi|Aspni_NRRL3_1|3435|NRRL3_03435	NRRL3_03435
jgi|Aspni_NRRL3_1|3436|NRRL3_03436	NRRL3_03436
jgi|Aspni_NRRL3_1|3437|NRRL3_03437	NRRL3_03437
jgi|Aspni_NRRL3_1|3438|NRRL3_03438	NRRL3_03438
jgi|Aspni_NRRL3_1|3439|NRRL3_03439	NRRL3_03439
jgi|Aspni_NRRL3_1|3440|NRRL3_03440	NRRL3_03440
jgi|Aspni_NRRL3_1|3441|NRRL3_03441	NRRL3_03441
jgi|Aspni_NRRL3_1|3442|NRRL3_03442	NRRL3_03442
jgi|Aspni_NRRL3_1|3443|NRRL3_03443	NRRL3_03443
jgi|Aspni_NRRL3_1|3444|NRRL3_03444	NRRL3_03444
jgi|Aspni_NRRL3_1|3445|NRRL3_03445	NRRL3_03445
jgi|Aspni_NRRL3_1|3446|NRRL3_03446	NRRL3_03446
jgi|Aspni_NRRL3_1|3447|NRRL3_03447	NRRL3_03447
jgi|Aspni_NRRL3_1|3448|NRRL3_03448	NRRL3_03448
jgi|Aspni_NRRL3_1|3449|NRRL3_03449	NRRL3_03449
jgi|Aspni_NRRL3_1|3450|NRRL3_03450	NRRL3_03450
jgi|Aspni_NRRL3_1|3451|NRRL3_03451	NRRL3_03451
jgi|Aspni_NRRL3_1|3452|NRRL3_03452	NRRL3_03452
jgi|Aspni_NRRL3_1|3453|NRRL3_03453	NRRL3_03453
jgi|Aspni_NRRL3_1|3454|NRRL3_03454	NRRL3_03454
jgi|Aspni_NRRL3_1|3455|NRRL3_03455	NRRL3_03455
jgi|Aspni_NRRL3_1|3456|NRRL3_03456	NRRL3_03456
jgi|Aspni_NRRL3_1|3457|NRRL3_03457	NRRL3_03457
jgi|Aspni_NRRL3_1|3458|NRRL3_03458	NRRL3_03458
jgi|Aspni_NRRL3_1|3459|NRRL3_03459	NRRL3_03459
jgi|Aspni_NRRL3_1|3460|NRRL3_03460	NRRL3_03460
jgi|Aspni_NRRL3_1|3461|NRRL3_03461	NRRL3_03461
jgi|Aspni_NRRL3_1|3462|NRRL3_03462	NRRL3_03462
jgi|Aspni_NRRL3_1|3463|NRRL3_03463	NRRL3_03463
jgi|Aspni_NRRL3_1|3464|NRRL3_03464	NRRL3_03464
jgi|Aspni_NRRL3_1|3465|NRRL3_03465	NRRL3_03465
jgi|Aspni_NRRL3_1|3466|NRRL3_03466	NRRL3_03466
jgi|Aspni_NRRL3_1|3467|NRRL3_03467	NRRL3_03467
jgi|Aspni_NRRL3_1|3468|NRRL3_03468	NRRL3_03468
jgi|Aspni_NRRL3_1|3469|NRRL3_03469	NRRL3_03469
jgi|Aspni_NRRL3_1|3470|NRRL3_03470	NRRL3_03470
jgi|Aspni_NRRL3_1|3471|NRRL3_03471	NRRL3_03471
jgi|Aspni_NRRL3_1|3472|NRRL3_03472	NRRL3_03472
jgi|Aspni_NRRL3_1|3473|NRRL3_03473	NRRL3_03473
jgi|Aspni_NRRL3_1|3474|NRRL3_03474	NRRL3_03474
jgi|Aspni_NRRL3_1|3475|NRRL3_03475	NRRL3_03475
jgi|Aspni_NRRL3_1|3476|NRRL3_03476	NRRL3_03476
jgi|Aspni_NRRL3_1|3477|NRRL3_03477	NRRL3_03477
jgi|Aspni_NRRL3_1|3478|NRRL3_03478	NRRL3_03478
jgi|Aspni_NRRL3_1|3479|NRRL3_03479	NRRL3_03479
jgi|Aspni_NRRL3_1|3480|NRRL3_03480	NRRL3_03480
jgi|Aspni_NRRL3_1|3481|NRRL3_03481	NRRL3_03481
jgi|Aspni_NRRL3_1|3482|NRRL3_03482	NRRL3_03482
jgi|Aspni_NRRL3_1|3483|NRRL3_03483	NRRL3_03483
jgi|Aspni_NRRL3_1|3484|NRRL3_03484	NRRL3_03484
jgi|Aspni_NRRL3_1|3485|NRRL3_03485	NRRL3_03485
jgi|Aspni_NRRL3_1|3486|NRRL3_03486	NRRL3_03486
jgi|Aspni_NRRL3_1|3487|NRRL3_03487	NRRL3_03487
jgi|Aspni_NRRL3_1|3488|NRRL3_03488	NRRL3_03488
jgi|Aspni_NRRL3_1|3489|NRRL3_03489	NRRL3_03489
jgi|Aspni_NRRL3_1|3490|NRRL3_03490	NRRL3_03490
jgi|Aspni_NRRL3_1|3491|NRRL3_03491	NRRL3_03491
jgi|Aspni_NRRL3_1|3492|NRRL3_03492	NRRL3_03492
jgi|Aspni_NRRL3_1|3493|NRRL3_03493	NRRL3_03493
jgi|Aspni_NRRL3_1|3494|NRRL3_03494	NRRL3_03494
jgi|Aspni_NRRL3_1|3495|NRRL3_03495	NRRL3_03495
jgi|Aspni_NRRL3_1|3496|NRRL3_03496	NRRL3_03496
jgi|Aspni_NRRL3_1|3497|NRRL3_03497	NRRL3_03497
jgi|Aspni_NRRL3_1|3498|NRRL3_03498	NRRL3_03498
jgi|Aspni_NRRL3_1|3499|NRRL3_03499	NRRL3_03499
jgi|Aspni_NRRL3_1|3500|NRRL3_03500	NRRL3_03500
jgi|Aspni_NRRL3_1|3501|NRRL3_03501	NRRL3_03501
jgi|Aspni_NRRL3_1|3502|NRRL3_03502	NRRL3_03502
jgi|Aspni_NRRL3_1|3503|NRRL3_03503	NRRL3_03503
jgi|Aspni_NRRL3_1|3504|NRRL3_03504	NRRL3_03504
jgi|Aspni_NRRL3_1|3505|NRRL3_03505	NRRL3_03505
jgi|Aspni_NRRL3_1|3506|NRRL3_03506	NRRL3_03506
jgi|Aspni_NRRL3_1|3507|NRRL3_03507	NRRL3_03507
jgi|Aspni_NRRL3_1|3508|NRRL3_03508	NRRL3_03508
jgi|Aspni_NRRL3_1|3509|NRRL3_03509	NRRL3_03509
jgi|Aspni_NRRL3_1|3510|NRRL3_03510	NRRL3_03510
jgi|Aspni_NRRL3_1|3511|NRRL3_03511	NRRL3_03511
jgi|Aspni_NRRL3_1|3512|NRRL3_03512	NRRL3_03512
jgi|Aspni_NRRL3_1|3513|NRRL3_03513	NRRL3_03513
jgi|Aspni_NRRL3_1|3514|NRRL3_03514	NRRL3_03514
jgi|Aspni_NRRL3_1|3515|NRRL3_03515	NRRL3_03515
jgi|Aspni_NRRL3_1|3516|NRRL3_03516	NRRL3_03516
jgi|Aspni_NRRL3_1|3517|NRRL3_03517	NRRL3_03517
jgi|Aspni_NRRL3_1|3518|NRRL3_03518	NRRL3_03518
jgi|Aspni_NRRL3_1|3519|NRRL3_03519	NRRL3_03519
jgi|Aspni_NRRL3_1|3520|NRRL3_03520	NRRL3_03520
jgi|Aspni_NRRL3_1|3521|NRRL3_03521	NRRL3_03521
jgi|Aspni_NRRL3_1|3522|NRRL3_03522	NRRL3_03522
jgi|Aspni_NRRL3_1|3523|NRRL3_03523	NRRL3_03523
jgi|Aspni_NRRL3_1|3524|NRRL3_03524	NRRL3_03524
jgi|Aspni_NRRL3_1|3525|NRRL3_03525	NRRL3_03525
jgi|Aspni_NRRL3_1|3526|NRRL3_03526	NRRL3_03526
jgi|Aspni_NRRL3_1|3527|NRRL3_03527	NRRL3_03527
jgi|Aspni_NRRL3_1|3528|NRRL3_03528	NRRL3_03528
jgi|Aspni_NRRL3_1|3529|NRRL3_03529	NRRL3_03529
jgi|Aspni_NRRL3_1|3530|NRRL3_03530	NRRL3_03530
jgi|Aspni_NRRL3_1|3531|NRRL3_03531	NRRL3_03531
jgi|Aspni_NRRL3_1|3532|NRRL3_03532	NRRL3_03532
jgi|Aspni_NRRL3_1|3533|NRRL3_03533	NRRL3_03533
jgi|Aspni_NRRL3_1|3534|NRRL3_03534	NRRL3_03534
jgi|Aspni_NRRL3_1|3535|NRRL3_03535	NRRL3_03535
jgi|Aspni_NRRL3_1|3536|NRRL3_03536	NRRL3_03536
jgi|Aspni_NRRL3_1|3537|NRRL3_03537	NRRL3_03537
jgi|Aspni_NRRL3_1|3538|NRRL3_03538	NRRL3_03538
jgi|Aspni_NRRL3_1|3539|NRRL3_03539	NRRL3_03539
jgi|Aspni_NRRL3_1|3540|NRRL3_03540	NRRL3_03540
jgi|Aspni_NRRL3_1|3541|NRRL3_03541	NRRL3_03541
jgi|Aspni_NRRL3_1|3542|NRRL3_03542	NRRL3_03542
jgi|Aspni_NRRL3_1|3543|NRRL3_03543	NRRL3_03543
jgi|Aspni_NRRL3_1|3544|NRRL3_03544	NRRL3_03544
jgi|Aspni_NRRL3_1|3545|NRRL3_03545	NRRL3_03545
jgi|Aspni_NRRL3_1|3546|NRRL3_03546	NRRL3_03546
jgi|Aspni_NRRL3_1|3547|NRRL3_03547	NRRL3_03547
jgi|Aspni_NRRL3_1|3548|NRRL3_03548	NRRL3_03548
jgi|Aspni_NRRL3_1|3549|NRRL3_03549	NRRL3_03549
jgi|Aspni_NRRL3_1|3550|NRRL3_03550	NRRL3_03550
jgi|Aspni_NRRL3_1|3551|NRRL3_03551	NRRL3_03551
jgi|Aspni_NRRL3_1|3552|NRRL3_03552	NRRL3_03552
jgi|Aspni_NRRL3_1|3553|NRRL3_03553	NRRL3_03553
jgi|Aspni_NRRL3_1|3554|NRRL3_03554	NRRL3_03554
jgi|Aspni_NRRL3_1|3555|NRRL3_03555	NRRL3_03555
jgi|Aspni_NRRL3_1|3556|NRRL3_03556	NRRL3_03556
jgi|Aspni_NRRL3_1|3557|NRRL3_03557	NRRL3_03557
jgi|Aspni_NRRL3_1|3558|NRRL3_03558	NRRL3_03558
jgi|Aspni_NRRL3_1|3559|NRRL3_03559	NRRL3_03559
jgi|Aspni_NRRL3_1|3560|NRRL3_03560	NRRL3_03560
jgi|Aspni_NRRL3_1|3561|NRRL3_03561	NRRL3_03561
jgi|Aspni_NRRL3_1|3562|NRRL3_03562	NRRL3_03562
jgi|Aspni_NRRL3_1|3563|NRRL3_03563	NRRL3_03563
jgi|Aspni_NRRL3_1|3564|NRRL3_03564	NRRL3_03564
jgi|Aspni_NRRL3_1|3565|NRRL3_03565	NRRL3_03565
jgi|Aspni_NRRL3_1|3566|NRRL3_03566	NRRL3_03566
jgi|Aspni_NRRL3_1|3567|NRRL3_03567	NRRL3_03567
jgi|Aspni_NRRL3_1|3568|NRRL3_03568	NRRL3_03568
jgi|Aspni_NRRL3_1|3569|NRRL3_03569	NRRL3_03569
jgi|Aspni_NRRL3_1|3570|NRRL3_03570	NRRL3_03570
jgi|Aspni_NRRL3_1|3571|NRRL3_03571	NRRL3_03571
jgi|Aspni_NRRL3_1|3572|NRRL3_03572	NRRL3_03572
jgi|Aspni_NRRL3_1|3573|NRRL3_03573	NRRL3_03573
jgi|Aspni_NRRL3_1|3574|NRRL3_03574	NRRL3_03574
jgi|Aspni_NRRL3_1|3575|NRRL3_03575	NRRL3_03575
jgi|Aspni_NRRL3_1|3576|NRRL3_03576	NRRL3_03576
jgi|Aspni_NRRL3_1|3577|NRRL3_03577	NRRL3_03577
jgi|Aspni_NRRL3_1|3578|NRRL3_03578	NRRL3_03578
jgi|Aspni_NRRL3_1|3579|NRRL3_03579	NRRL3_03579
jgi|Aspni_NRRL3_1|3580|NRRL3_03580	NRRL3_03580
jgi|Aspni_NRRL3_1|3581|NRRL3_03581	NRRL3_03581
jgi|Aspni_NRRL3_1|3582|NRRL3_03582	NRRL3_03582
jgi|Aspni_NRRL3_1|3583|NRRL3_03583	NRRL3_03583
jgi|Aspni_NRRL3_1|3584|NRRL3_03584	NRRL3_03584
jgi|Aspni_NRRL3_1|3585|NRRL3_03585	NRRL3_03585
jgi|Aspni_NRRL3_1|3586|NRRL3_03586	NRRL3_03586
jgi|Aspni_NRRL3_1|3587|NRRL3_03587	NRRL3_03587
jgi|Aspni_NRRL3_1|3588|NRRL3_03588	NRRL3_03588
jgi|Aspni_NRRL3_1|3589|NRRL3_03589	NRRL3_03589
jgi|Aspni_NRRL3_1|3590|NRRL3_03590	NRRL3_03590
jgi|Aspni_NRRL3_1|3591|NRRL3_03591	NRRL3_03591
jgi|Aspni_NRRL3_1|3592|NRRL3_03592	NRRL3_03592
jgi|Aspni_NRRL3_1|3593|NRRL3_03593	NRRL3_03593
jgi|Aspni_NRRL3_1|3594|NRRL3_03594	NRRL3_03594
jgi|Aspni_NRRL3_1|3595|NRRL3_03595	NRRL3_03595
jgi|Aspni_NRRL3_1|3596|NRRL3_03596	NRRL3_03596
jgi|Aspni_NRRL3_1|3597|NRRL3_03597	NRRL3_03597
jgi|Aspni_NRRL3_1|3598|NRRL3_03598	NRRL3_03598
jgi|Aspni_NRRL3_1|3599|NRRL3_03599	NRRL3_03599
jgi|Aspni_NRRL3_1|3600|NRRL3_03600	NRRL3_03600
jgi|Aspni_NRRL3_1|3601|NRRL3_03601	NRRL3_03601
jgi|Aspni_NRRL3_1|3602|NRRL3_03602	NRRL3_03602
jgi|Aspni_NRRL3_1|3603|NRRL3_03603	NRRL3_03603
jgi|Aspni_NRRL3_1|3604|NRRL3_03604	NRRL3_03604
jgi|Aspni_NRRL3_1|3605|NRRL3_03605	NRRL3_03605
jgi|Aspni_NRRL3_1|3606|NRRL3_03606	NRRL3_03606
jgi|Aspni_NRRL3_1|3607|NRRL3_03607	NRRL3_03607
jgi|Aspni_NRRL3_1|3608|NRRL3_03608	NRRL3_03608
jgi|Aspni_NRRL3_1|3609|NRRL3_03609	NRRL3_03609
jgi|Aspni_NRRL3_1|3610|NRRL3_03610	NRRL3_03610
jgi|Aspni_NRRL3_1|3611|NRRL3_03611	NRRL3_03611
jgi|Aspni_NRRL3_1|3612|NRRL3_03612	NRRL3_03612
jgi|Aspni_NRRL3_1|3613|NRRL3_03613	NRRL3_03613
jgi|Aspni_NRRL3_1|3614|NRRL3_03614	NRRL3_03614
jgi|Aspni_NRRL3_1|3615|NRRL3_03615	NRRL3_03615
jgi|Aspni_NRRL3_1|3616|NRRL3_03616	NRRL3_03616
jgi|Aspni_NRRL3_1|3617|NRRL3_03617	NRRL3_03617
jgi|Aspni_NRRL3_1|3618|NRRL3_03618	NRRL3_03618
jgi|Aspni_NRRL3_1|3619|NRRL3_03619	NRRL3_03619
jgi|Aspni_NRRL3_1|3620|NRRL3_03620	NRRL3_03620
jgi|Aspni_NRRL3_1|3621|NRRL3_03621	NRRL3_03621
jgi|Aspni_NRRL3_1|3622|NRRL3_03622	NRRL3_03622
jgi|Aspni_NRRL3_1|3623|NRRL3_03623	NRRL3_03623
jgi|Aspni_NRRL3_1|3624|NRRL3_03624	NRRL3_03624
jgi|Aspni_NRRL3_1|3625|NRRL3_03625	NRRL3_03625
jgi|Aspni_NRRL3_1|3626|NRRL3_03626	NRRL3_03626
jgi|Aspni_NRRL3_1|3627|NRRL3_03627	NRRL3_03627
jgi|Aspni_NRRL3_1|3628|NRRL3_03628	NRRL3_03628
jgi|Aspni_NRRL3_1|3629|NRRL3_03629	NRRL3_03629
jgi|Aspni_NRRL3_1|3630|NRRL3_03630	NRRL3_03630
jgi|Aspni_NRRL3_1|3631|NRRL3_03631	NRRL3_03631
jgi|Aspni_NRRL3_1|3632|NRRL3_03632	NRRL3_03632
jgi|Aspni_NRRL3_1|3633|NRRL3_03633	NRRL3_03633
jgi|Aspni_NRRL3_1|3634|NRRL3_03634	NRRL3_03634
jgi|Aspni_NRRL3_1|3635|NRRL3_03635	NRRL3_03635
jgi|Aspni_NRRL3_1|3636|NRRL3_03636	NRRL3_03636
jgi|Aspni_NRRL3_1|3637|NRRL3_03637	NRRL3_03637
jgi|Aspni_NRRL3_1|3638|NRRL3_03638	NRRL3_03638
jgi|Aspni_NRRL3_1|3639|NRRL3_03639	NRRL3_03639
jgi|Aspni_NRRL3_1|3640|NRRL3_03640	NRRL3_03640
jgi|Aspni_NRRL3_1|3641|NRRL3_03641	NRRL3_03641
jgi|Aspni_NRRL3_1|3642|NRRL3_03642	NRRL3_03642
jgi|Aspni_NRRL3_1|3643|NRRL3_03643	NRRL3_03643
jgi|Aspni_NRRL3_1|3644|NRRL3_03644	NRRL3_03644
jgi|Aspni_NRRL3_1|3645|NRRL3_03645	NRRL3_03645
jgi|Aspni_NRRL3_1|3646|NRRL3_03646	NRRL3_03646
jgi|Aspni_NRRL3_1|3647|NRRL3_03647	NRRL3_03647
jgi|Aspni_NRRL3_1|3648|NRRL3_03648	NRRL3_03648
jgi|Aspni_NRRL3_1|3649|NRRL3_03649	NRRL3_03649
jgi|Aspni_NRRL3_1|3650|NRRL3_03650	NRRL3_03650
jgi|Aspni_NRRL3_1|3651|NRRL3_03651	NRRL3_03651
jgi|Aspni_NRRL3_1|3652|NRRL3_03652	NRRL3_03652
jgi|Aspni_NRRL3_1|3653|NRRL3_03653	NRRL3_03653
jgi|Aspni_NRRL3_1|3654|NRRL3_03654	NRRL3_03654
jgi|Aspni_NRRL3_1|3655|NRRL3_03655	NRRL3_03655
jgi|Aspni_NRRL3_1|3656|NRRL3_03656	NRRL3_03656
jgi|Aspni_NRRL3_1|3657|NRRL3_03657	NRRL3_03657
jgi|Aspni_NRRL3_1|3658|NRRL3_03658	NRRL3_03658
jgi|Aspni_NRRL3_1|3659|NRRL3_03659	NRRL3_03659
jgi|Aspni_NRRL3_1|3660|NRRL3_03660	NRRL3_03660
jgi|Aspni_NRRL3_1|3661|NRRL3_03661	NRRL3_03661
jgi|Aspni_NRRL3_1|3662|NRRL3_03662	NRRL3_03662
jgi|Aspni_NRRL3_1|3663|NRRL3_03663	NRRL3_03663
jgi|Aspni_NRRL3_1|3664|NRRL3_03664	NRRL3_03664
jgi|Aspni_NRRL3_1|3665|NRRL3_03665	NRRL3_03665
jgi|Aspni_NRRL3_1|3666|NRRL3_03666	NRRL3_03666
jgi|Aspni_NRRL3_1|3667|NRRL3_03667	NRRL3_03667
jgi|Aspni_NRRL3_1|3668|NRRL3_03668	NRRL3_03668
jgi|Aspni_NRRL3_1|3669|NRRL3_03669	NRRL3_03669
jgi|Aspni_NRRL3_1|3670|NRRL3_03670	NRRL3_03670
jgi|Aspni_NRRL3_1|3671|NRRL3_03671	NRRL3_03671
jgi|Aspni_NRRL3_1|3672|NRRL3_03672	NRRL3_03672
jgi|Aspni_NRRL3_1|3673|NRRL3_03673	NRRL3_03673
jgi|Aspni_NRRL3_1|3674|NRRL3_03674	NRRL3_03674
jgi|Aspni_NRRL3_1|3675|NRRL3_03675	NRRL3_03675
jgi|Aspni_NRRL3_1|3676|NRRL3_03676	NRRL3_03676
jgi|Aspni_NRRL3_1|3677|NRRL3_03677	NRRL3_03677
jgi|Aspni_NRRL3_1|3678|NRRL3_03678	NRRL3_03678
jgi|Aspni_NRRL3_1|3679|NRRL3_03679	NRRL3_03679
jgi|Aspni_NRRL3_1|3680|NRRL3_03680	NRRL3_03680
jgi|Aspni_NRRL3_1|3681|NRRL3_03681	NRRL3_03681
jgi|Aspni_NRRL3_1|3682|NRRL3_03682	NRRL3_03682
jgi|Aspni_NRRL3_1|3683|NRRL3_03683	NRRL3_03683
jgi|Aspni_NRRL3_1|3684|NRRL3_03684	NRRL3_03684
jgi|Aspni_NRRL3_1|3685|NRRL3_03685	NRRL3_03685
jgi|Aspni_NRRL3_1|3686|NRRL3_03686	NRRL3_03686
jgi|Aspni_NRRL3_1|3687|NRRL3_03687	NRRL3_03687
jgi|Aspni_NRRL3_1|3688|NRRL3_03688	NRRL3_03688
jgi|Aspni_NRRL3_1|3689|NRRL3_03689	NRRL3_03689
jgi|Aspni_NRRL3_1|3690|NRRL3_03690	NRRL3_03690
jgi|Aspni_NRRL3_1|3691|NRRL3_03691	NRRL3_03691
jgi|Aspni_NRRL3_1|3692|NRRL3_03692	NRRL3_03692
jgi|Aspni_NRRL3_1|3693|NRRL3_03693	NRRL3_03693
jgi|Aspni_NRRL3_1|3694|NRRL3_03694	NRRL3_03694
jgi|Aspni_NRRL3_1|3695|NRRL3_03695	NRRL3_03695
jgi|Aspni_NRRL3_1|3696|NRRL3_03696	NRRL3_03696
jgi|Aspni_NRRL3_1|3697|NRRL3_03697	NRRL3_03697
jgi|Aspni_NRRL3_1|3698|NRRL3_03698	NRRL3_03698
jgi|Aspni_NRRL3_1|3699|NRRL3_03699	NRRL3_03699
jgi|Aspni_NRRL3_1|3700|NRRL3_03700	NRRL3_03700
jgi|Aspni_NRRL3_1|3701|NRRL3_03701	NRRL3_03701
jgi|Aspni_NRRL3_1|3702|NRRL3_03702	NRRL3_03702
jgi|Aspni_NRRL3_1|3703|NRRL3_03703	NRRL3_03703
jgi|Aspni_NRRL3_1|3704|NRRL3_03704	NRRL3_03704
jgi|Aspni_NRRL3_1|3705|NRRL3_03705	NRRL3_03705
jgi|Aspni_NRRL3_1|3706|NRRL3_03706	NRRL3_03706
jgi|Aspni_NRRL3_1|3707|NRRL3_03707	NRRL3_03707
jgi|Aspni_NRRL3_1|3708|NRRL3_03708	NRRL3_03708
jgi|Aspni_NRRL3_1|3709|NRRL3_03709	NRRL3_03709
jgi|Aspni_NRRL3_1|3710|NRRL3_03710	NRRL3_03710
jgi|Aspni_NRRL3_1|3711|NRRL3_03711	NRRL3_03711
jgi|Aspni_NRRL3_1|3712|NRRL3_03712	NRRL3_03712
jgi|Aspni_NRRL3_1|3713|NRRL3_03713	NRRL3_03713
jgi|Aspni_NRRL3_1|3714|NRRL3_03714	NRRL3_03714
jgi|Aspni_NRRL3_1|3715|NRRL3_03715	NRRL3_03715
jgi|Aspni_NRRL3_1|3716|NRRL3_03716	NRRL3_03716
jgi|Aspni_NRRL3_1|3717|NRRL3_03717	NRRL3_03717
jgi|Aspni_NRRL3_1|3718|NRRL3_03718	NRRL3_03718
jgi|Aspni_NRRL3_1|3719|NRRL3_03719	NRRL3_03719
jgi|Aspni_NRRL3_1|3720|NRRL3_03720	NRRL3_03720
jgi|Aspni_NRRL3_1|3721|NRRL3_03721	NRRL3_03721
jgi|Aspni_NRRL3_1|3722|NRRL3_03722	NRRL3_03722
jgi|Aspni_NRRL3_1|3723|NRRL3_03723	NRRL3_03723
jgi|Aspni_NRRL3_1|3724|NRRL3_03724	NRRL3_03724
jgi|Aspni_NRRL3_1|3725|NRRL3_03725	NRRL3_03725
jgi|Aspni_NRRL3_1|3726|NRRL3_03726	NRRL3_03726
jgi|Aspni_NRRL3_1|3727|NRRL3_03727	NRRL3_03727
jgi|Aspni_NRRL3_1|3728|NRRL3_03728	NRRL3_03728
jgi|Aspni_NRRL3_1|3729|NRRL3_03729	NRRL3_03729
jgi|Aspni_NRRL3_1|3730|NRRL3_03730	NRRL3_03730
jgi|Aspni_NRRL3_1|3731|NRRL3_03731	NRRL3_03731
jgi|Aspni_NRRL3_1|3732|NRRL3_03732	NRRL3_03732
jgi|Aspni_NRRL3_1|3733|NRRL3_03733	NRRL3_03733
jgi|Aspni_NRRL3_1|3734|NRRL3_03734	NRRL3_03734
jgi|Aspni_NRRL3_1|3735|NRRL3_03735	NRRL3_03735
jgi|Aspni_NRRL3_1|3736|NRRL3_03736	NRRL3_03736
jgi|Aspni_NRRL3_1|3737|NRRL3_03737	NRRL3_03737
jgi|Aspni_NRRL3_1|3738|NRRL3_03738	NRRL3_03738
jgi|Aspni_NRRL3_1|3739|NRRL3_03739	NRRL3_03739
jgi|Aspni_NRRL3_1|3740|NRRL3_03740	NRRL3_03740
jgi|Aspni_NRRL3_1|3741|NRRL3_03741	NRRL3_03741
jgi|Aspni_NRRL3_1|3742|NRRL3_03742	NRRL3_03742
jgi|Aspni_NRRL3_1|3743|NRRL3_03743	NRRL3_03743
jgi|Aspni_NRRL3_1|3744|NRRL3_03744	NRRL3_03744
jgi|Aspni_NRRL3_1|3745|NRRL3_03745	NRRL3_03745
jgi|Aspni_NRRL3_1|3746|NRRL3_03746	NRRL3_03746
jgi|Aspni_NRRL3_1|3747|NRRL3_03747	NRRL3_03747
jgi|Aspni_NRRL3_1|3748|NRRL3_03748	NRRL3_03748
jgi|Aspni_NRRL3_1|3749|NRRL3_03749	NRRL3_03749
jgi|Aspni_NRRL3_1|3750|NRRL3_03750	NRRL3_03750
jgi|Aspni_NRRL3_1|3751|NRRL3_03751	NRRL3_03751
jgi|Aspni_NRRL3_1|3752|NRRL3_03752	NRRL3_03752
jgi|Aspni_NRRL3_1|3753|NRRL3_03753	NRRL3_03753
jgi|Aspni_NRRL3_1|3754|NRRL3_03754	NRRL3_03754
jgi|Aspni_NRRL3_1|3755|NRRL3_03755	NRRL3_03755
jgi|Aspni_NRRL3_1|3756|NRRL3_03756	NRRL3_03756
jgi|Aspni_NRRL3_1|3757|NRRL3_03757	NRRL3_03757
jgi|Aspni_NRRL3_1|3758|NRRL3_03758	NRRL3_03758
jgi|Aspni_NRRL3_1|3759|NRRL3_03759	NRRL3_03759
jgi|Aspni_NRRL3_1|3760|NRRL3_03760	NRRL3_03760
jgi|Aspni_NRRL3_1|3761|NRRL3_03761	NRRL3_03761
jgi|Aspni_NRRL3_1|3762|NRRL3_03762	NRRL3_03762
jgi|Aspni_NRRL3_1|3763|NRRL3_03763	NRRL3_03763
jgi|Aspni_NRRL3_1|3764|NRRL3_03764	NRRL3_03764
jgi|Aspni_NRRL3_1|3765|NRRL3_03765	NRRL3_03765
jgi|Aspni_NRRL3_1|3766|NRRL3_03766	NRRL3_03766
jgi|Aspni_NRRL3_1|3767|NRRL3_03767	NRRL3_03767
jgi|Aspni_NRRL3_1|3768|NRRL3_03768	NRRL3_03768
jgi|Aspni_NRRL3_1|3769|NRRL3_03769	NRRL3_03769
jgi|Aspni_NRRL3_1|3770|NRRL3_03770	NRRL3_03770
jgi|Aspni_NRRL3_1|3771|NRRL3_03771	NRRL3_03771
jgi|Aspni_NRRL3_1|3772|NRRL3_03772	NRRL3_03772
jgi|Aspni_NRRL3_1|3773|NRRL3_03773	NRRL3_03773
jgi|Aspni_NRRL3_1|3774|NRRL3_03774	NRRL3_03774
jgi|Aspni_NRRL3_1|3775|NRRL3_03775	NRRL3_03775
jgi|Aspni_NRRL3_1|3776|NRRL3_03776	NRRL3_03776
jgi|Aspni_NRRL3_1|3777|NRRL3_03777	NRRL3_03777
jgi|Aspni_NRRL3_1|3778|NRRL3_03778	NRRL3_03778
jgi|Aspni_NRRL3_1|3779|NRRL3_03779	NRRL3_03779
jgi|Aspni_NRRL3_1|3780|NRRL3_03780	NRRL3_03780
jgi|Aspni_NRRL3_1|3781|NRRL3_03781	NRRL3_03781
jgi|Aspni_NRRL3_1|3782|NRRL3_03782	NRRL3_03782
jgi|Aspni_NRRL3_1|3783|NRRL3_03783	NRRL3_03783
jgi|Aspni_NRRL3_1|3784|NRRL3_03784	NRRL3_03784
jgi|Aspni_NRRL3_1|3785|NRRL3_03785	NRRL3_03785
jgi|Aspni_NRRL3_1|3786|NRRL3_03786	NRRL3_03786
jgi|Aspni_NRRL3_1|3787|NRRL3_03787	NRRL3_03787
jgi|Aspni_NRRL3_1|3788|NRRL3_03788	NRRL3_03788
jgi|Aspni_NRRL3_1|3789|NRRL3_03789	NRRL3_03789
jgi|Aspni_NRRL3_1|3790|NRRL3_03790	NRRL3_03790
jgi|Aspni_NRRL3_1|3791|NRRL3_03791	NRRL3_03791
jgi|Aspni_NRRL3_1|3792|NRRL3_03792	NRRL3_03792
jgi|Aspni_NRRL3_1|3793|NRRL3_03793	NRRL3_03793
jgi|Aspni_NRRL3_1|3794|NRRL3_03794	NRRL3_03794
jgi|Aspni_NRRL3_1|3795|NRRL3_03795	NRRL3_03795
jgi|Aspni_NRRL3_1|3796|NRRL3_03796	NRRL3_03796
jgi|Aspni_NRRL3_1|3797|NRRL3_03797	NRRL3_03797
jgi|Aspni_NRRL3_1|3798|NRRL3_03798	NRRL3_03798
jgi|Aspni_NRRL3_1|3799|NRRL3_03799	NRRL3_03799
jgi|Aspni_NRRL3_1|3800|NRRL3_03800	NRRL3_03800
jgi|Aspni_NRRL3_1|3801|NRRL3_03801	NRRL3_03801
jgi|Aspni_NRRL3_1|3802|NRRL3_03802	NRRL3_03802
jgi|Aspni_NRRL3_1|3803|NRRL3_03803	NRRL3_03803
jgi|Aspni_NRRL3_1|3804|NRRL3_03804	NRRL3_03804
jgi|Aspni_NRRL3_1|3805|NRRL3_03805	NRRL3_03805
jgi|Aspni_NRRL3_1|3806|NRRL3_03806	NRRL3_03806
jgi|Aspni_NRRL3_1|3807|NRRL3_03807	NRRL3_03807
jgi|Aspni_NRRL3_1|3808|NRRL3_03808	NRRL3_03808
jgi|Aspni_NRRL3_1|3809|NRRL3_03809	NRRL3_03809
jgi|Aspni_NRRL3_1|3810|NRRL3_03810	NRRL3_03810
jgi|Aspni_NRRL3_1|3811|NRRL3_03811	NRRL3_03811
jgi|Aspni_NRRL3_1|3812|NRRL3_03812	NRRL3_03812
jgi|Aspni_NRRL3_1|3813|NRRL3_03813	NRRL3_03813
jgi|Aspni_NRRL3_1|3814|NRRL3_03814	NRRL3_03814
jgi|Aspni_NRRL3_1|3815|NRRL3_03815	NRRL3_03815
jgi|Aspni_NRRL3_1|3816|NRRL3_03816	NRRL3_03816
jgi|Aspni_NRRL3_1|3817|NRRL3_03817	NRRL3_03817
jgi|Aspni_NRRL3_1|3818|NRRL3_03818	NRRL3_03818
jgi|Aspni_NRRL3_1|3819|NRRL3_03819	NRRL3_03819
jgi|Aspni_NRRL3_1|3820|NRRL3_03820	NRRL3_03820
jgi|Aspni_NRRL3_1|3821|NRRL3_03821	NRRL3_03821
jgi|Aspni_NRRL3_1|3822|NRRL3_03822	NRRL3_03822
jgi|Aspni_NRRL3_1|3823|NRRL3_03823	NRRL3_03823
jgi|Aspni_NRRL3_1|3824|NRRL3_03824	NRRL3_03824
jgi|Aspni_NRRL3_1|3825|NRRL3_03825	NRRL3_03825
jgi|Aspni_NRRL3_1|3826|NRRL3_03826	NRRL3_03826
jgi|Aspni_NRRL3_1|3827|NRRL3_03827	NRRL3_03827
jgi|Aspni_NRRL3_1|3828|NRRL3_03828	NRRL3_03828
jgi|Aspni_NRRL3_1|3829|NRRL3_03829	NRRL3_03829
jgi|Aspni_NRRL3_1|3830|NRRL3_03830	NRRL3_03830
jgi|Aspni_NRRL3_1|3831|NRRL3_03831	NRRL3_03831
jgi|Aspni_NRRL3_1|3832|NRRL3_03832	NRRL3_03832
jgi|Aspni_NRRL3_1|3833|NRRL3_03833	NRRL3_03833
jgi|Aspni_NRRL3_1|3834|NRRL3_03834	NRRL3_03834
jgi|Aspni_NRRL3_1|3835|NRRL3_03835	NRRL3_03835
jgi|Aspni_NRRL3_1|3836|NRRL3_03836	NRRL3_03836
jgi|Aspni_NRRL3_1|3837|NRRL3_03837	NRRL3_03837
jgi|Aspni_NRRL3_1|3838|NRRL3_03838	NRRL3_03838
jgi|Aspni_NRRL3_1|3839|NRRL3_03839	NRRL3_03839
jgi|Aspni_NRRL3_1|3840|NRRL3_03840	NRRL3_03840
jgi|Aspni_NRRL3_1|3841|NRRL3_03841	NRRL3_03841
jgi|Aspni_NRRL3_1|3842|NRRL3_03842	NRRL3_03842
jgi|Aspni_NRRL3_1|3843|NRRL3_03843	NRRL3_03843
jgi|Aspni_NRRL3_1|3844|NRRL3_03844	NRRL3_03844
jgi|Aspni_NRRL3_1|3845|NRRL3_03845	NRRL3_03845
jgi|Aspni_NRRL3_1|3846|NRRL3_03846	NRRL3_03846
jgi|Aspni_NRRL3_1|3847|NRRL3_03847	NRRL3_03847
jgi|Aspni_NRRL3_1|3848|NRRL3_03848	NRRL3_03848
jgi|Aspni_NRRL3_1|3849|NRRL3_03849	NRRL3_03849
jgi|Aspni_NRRL3_1|3850|NRRL3_03850	NRRL3_03850
jgi|Aspni_NRRL3_1|3851|NRRL3_03851	NRRL3_03851
jgi|Aspni_NRRL3_1|3852|NRRL3_03852	NRRL3_03852
jgi|Aspni_NRRL3_1|3853|NRRL3_03853	NRRL3_03853
jgi|Aspni_NRRL3_1|3854|NRRL3_03854	NRRL3_03854
jgi|Aspni_NRRL3_1|3855|NRRL3_03855	NRRL3_03855
jgi|Aspni_NRRL3_1|3856|NRRL3_03856	NRRL3_03856
jgi|Aspni_NRRL3_1|3857|NRRL3_03857	NRRL3_03857
jgi|Aspni_NRRL3_1|3858|NRRL3_03858	NRRL3_03858
jgi|Aspni_NRRL3_1|3859|NRRL3_03859	NRRL3_03859
jgi|Aspni_NRRL3_1|3860|NRRL3_03860	NRRL3_03860
jgi|Aspni_NRRL3_1|3861|NRRL3_03861	NRRL3_03861
jgi|Aspni_NRRL3_1|3862|NRRL3_03862	NRRL3_03862
jgi|Aspni_NRRL3_1|3863|NRRL3_03863	NRRL3_03863
jgi|Aspni_NRRL3_1|3864|NRRL3_03864	NRRL3_03864
jgi|Aspni_NRRL3_1|3865|NRRL3_03865	NRRL3_03865
jgi|Aspni_NRRL3_1|3866|NRRL3_03866	NRRL3_03866
jgi|Aspni_NRRL3_1|3867|NRRL3_03867	NRRL3_03867
jgi|Aspni_NRRL3_1|3868|NRRL3_03868	NRRL3_03868
jgi|Aspni_NRRL3_1|3869|NRRL3_03869	NRRL3_03869
jgi|Aspni_NRRL3_1|3870|NRRL3_03870	NRRL3_03870
jgi|Aspni_NRRL3_1|3871|NRRL3_03871	NRRL3_03871
jgi|Aspni_NRRL3_1|3872|NRRL3_03872	NRRL3_03872
jgi|Aspni_NRRL3_1|3873|NRRL3_03873	NRRL3_03873
jgi|Aspni_NRRL3_1|3874|NRRL3_03874	NRRL3_03874
jgi|Aspni_NRRL3_1|3875|NRRL3_03875	NRRL3_03875
jgi|Aspni_NRRL3_1|3876|NRRL3_03876	NRRL3_03876
jgi|Aspni_NRRL3_1|3877|NRRL3_03877	NRRL3_03877
jgi|Aspni_NRRL3_1|3878|NRRL3_03878	NRRL3_03878
jgi|Aspni_NRRL3_1|3879|NRRL3_03879	NRRL3_03879
jgi|Aspni_NRRL3_1|3880|NRRL3_03880	NRRL3_03880
jgi|Aspni_NRRL3_1|3881|NRRL3_03881	NRRL3_03881
jgi|Aspni_NRRL3_1|3882|NRRL3_03882	NRRL3_03882
jgi|Aspni_NRRL3_1|3883|NRRL3_03883	NRRL3_03883
jgi|Aspni_NRRL3_1|3884|NRRL3_03884	NRRL3_03884
jgi|Aspni_NRRL3_1|3885|NRRL3_03885	NRRL3_03885
jgi|Aspni_NRRL3_1|3886|NRRL3_03886	NRRL3_03886
jgi|Aspni_NRRL3_1|3887|NRRL3_03887	NRRL3_03887
jgi|Aspni_NRRL3_1|3888|NRRL3_03888	NRRL3_03888
jgi|Aspni_NRRL3_1|3889|NRRL3_03889	NRRL3_03889
jgi|Aspni_NRRL3_1|3890|NRRL3_03890	NRRL3_03890
jgi|Aspni_NRRL3_1|3891|NRRL3_03891	NRRL3_03891
jgi|Aspni_NRRL3_1|3892|NRRL3_03892	NRRL3_03892
jgi|Aspni_NRRL3_1|3893|NRRL3_03893	NRRL3_03893
jgi|Aspni_NRRL3_1|3894|NRRL3_03894	NRRL3_03894
jgi|Aspni_NRRL3_1|3895|NRRL3_03895	NRRL3_03895
jgi|Aspni_NRRL3_1|3896|NRRL3_03896	NRRL3_03896
jgi|Aspni_NRRL3_1|3897|NRRL3_03897	NRRL3_03897
jgi|Aspni_NRRL3_1|3898|NRRL3_03898	NRRL3_03898
jgi|Aspni_NRRL3_1|3899|NRRL3_03899	NRRL3_03899
jgi|Aspni_NRRL3_1|3900|NRRL3_03900	NRRL3_03900
jgi|Aspni_NRRL3_1|3901|NRRL3_03901	NRRL3_03901
jgi|Aspni_NRRL3_1|3902|NRRL3_03902	NRRL3_03902
jgi|Aspni_NRRL3_1|3903|NRRL3_03903	NRRL3_03903
jgi|Aspni_NRRL3_1|3904|NRRL3_03904	NRRL3_03904
jgi|Aspni_NRRL3_1|3905|NRRL3_03905	NRRL3_03905
jgi|Aspni_NRRL3_1|3906|NRRL3_03906	NRRL3_03906
jgi|Aspni_NRRL3_1|3907|NRRL3_03907	NRRL3_03907
jgi|Aspni_NRRL3_1|3908|NRRL3_03908	NRRL3_03908
jgi|Aspni_NRRL3_1|3909|NRRL3_03909	NRRL3_03909
jgi|Aspni_NRRL3_1|3910|NRRL3_03910	NRRL3_03910
jgi|Aspni_NRRL3_1|3911|NRRL3_03911	NRRL3_03911
jgi|Aspni_NRRL3_1|3912|NRRL3_03912	NRRL3_03912
jgi|Aspni_NRRL3_1|3913|NRRL3_03913	NRRL3_03913
jgi|Aspni_NRRL3_1|3914|NRRL3_03914	NRRL3_03914
jgi|Aspni_NRRL3_1|3915|NRRL3_03915	NRRL3_03915
jgi|Aspni_NRRL3_1|3916|NRRL3_03916	NRRL3_03916
jgi|Aspni_NRRL3_1|3917|NRRL3_03917	NRRL3_03917
jgi|Aspni_NRRL3_1|3918|NRRL3_03918	NRRL3_03918
jgi|Aspni_NRRL3_1|3919|NRRL3_03919	NRRL3_03919
jgi|Aspni_NRRL3_1|3920|NRRL3_03920	NRRL3_03920
jgi|Aspni_NRRL3_1|3921|NRRL3_03921	NRRL3_03921
jgi|Aspni_NRRL3_1|3922|NRRL3_03922	NRRL3_03922
jgi|Aspni_NRRL3_1|3923|NRRL3_03923	NRRL3_03923
jgi|Aspni_NRRL3_1|3924|NRRL3_03924	NRRL3_03924
jgi|Aspni_NRRL3_1|3925|NRRL3_03925	NRRL3_03925
jgi|Aspni_NRRL3_1|3926|NRRL3_03926	NRRL3_03926
jgi|Aspni_NRRL3_1|3927|NRRL3_03927	NRRL3_03927
jgi|Aspni_NRRL3_1|3928|NRRL3_03928	NRRL3_03928
jgi|Aspni_NRRL3_1|3929|NRRL3_03929	NRRL3_03929
jgi|Aspni_NRRL3_1|3930|NRRL3_03930	NRRL3_03930
jgi|Aspni_NRRL3_1|3931|NRRL3_03931	NRRL3_03931
jgi|Aspni_NRRL3_1|3932|NRRL3_03932	NRRL3_03932
jgi|Aspni_NRRL3_1|3933|NRRL3_03933	NRRL3_03933
jgi|Aspni_NRRL3_1|3934|NRRL3_03934	NRRL3_03934
jgi|Aspni_NRRL3_1|3935|NRRL3_03935	NRRL3_03935
jgi|Aspni_NRRL3_1|3936|NRRL3_03936	NRRL3_03936
jgi|Aspni_NRRL3_1|3937|NRRL3_03937	NRRL3_03937
jgi|Aspni_NRRL3_1|3938|NRRL3_03938	NRRL3_03938
jgi|Aspni_NRRL3_1|3939|NRRL3_03939	NRRL3_03939
jgi|Aspni_NRRL3_1|3940|NRRL3_03940	NRRL3_03940
jgi|Aspni_NRRL3_1|3941|NRRL3_03941	NRRL3_03941
jgi|Aspni_NRRL3_1|3942|NRRL3_03942	NRRL3_03942
jgi|Aspni_NRRL3_1|3943|NRRL3_03943	NRRL3_03943
jgi|Aspni_NRRL3_1|3944|NRRL3_03944	NRRL3_03944
jgi|Aspni_NRRL3_1|3945|NRRL3_03945	NRRL3_03945
jgi|Aspni_NRRL3_1|3946|NRRL3_03946	NRRL3_03946
jgi|Aspni_NRRL3_1|3947|NRRL3_03947	NRRL3_03947
jgi|Aspni_NRRL3_1|3948|NRRL3_03948	NRRL3_03948
jgi|Aspni_NRRL3_1|3949|NRRL3_03949	NRRL3_03949
jgi|Aspni_NRRL3_1|3950|NRRL3_03950	NRRL3_03950
jgi|Aspni_NRRL3_1|3951|NRRL3_03951	NRRL3_03951
jgi|Aspni_NRRL3_1|3952|NRRL3_03952	NRRL3_03952
jgi|Aspni_NRRL3_1|3953|NRRL3_03953	NRRL3_03953
jgi|Aspni_NRRL3_1|3954|NRRL3_03954	NRRL3_03954
jgi|Aspni_NRRL3_1|3955|NRRL3_03955	NRRL3_03955
jgi|Aspni_NRRL3_1|3956|NRRL3_03956	NRRL3_03956
jgi|Aspni_NRRL3_1|3957|NRRL3_03957	NRRL3_03957
jgi|Aspni_NRRL3_1|3958|NRRL3_03958	NRRL3_03958
jgi|Aspni_NRRL3_1|3959|NRRL3_03959	NRRL3_03959
jgi|Aspni_NRRL3_1|3960|NRRL3_03960	NRRL3_03960
jgi|Aspni_NRRL3_1|3961|NRRL3_03961	NRRL3_03961
jgi|Aspni_NRRL3_1|3962|NRRL3_03962	NRRL3_03962
jgi|Aspni_NRRL3_1|3963|NRRL3_03963	NRRL3_03963
jgi|Aspni_NRRL3_1|3964|NRRL3_03964	NRRL3_03964
jgi|Aspni_NRRL3_1|3965|NRRL3_03965	NRRL3_03965
jgi|Aspni_NRRL3_1|3966|NRRL3_03966	NRRL3_03966
jgi|Aspni_NRRL3_1|3967|NRRL3_03967	NRRL3_03967
jgi|Aspni_NRRL3_1|3968|NRRL3_03968	NRRL3_03968
jgi|Aspni_NRRL3_1|3969|NRRL3_03969	NRRL3_03969
jgi|Aspni_NRRL3_1|3970|NRRL3_03970	NRRL3_03970
jgi|Aspni_NRRL3_1|3971|NRRL3_03971	NRRL3_03971
jgi|Aspni_NRRL3_1|3972|NRRL3_03972	NRRL3_03972
jgi|Aspni_NRRL3_1|3973|NRRL3_03973	NRRL3_03973
jgi|Aspni_NRRL3_1|3974|NRRL3_03974	NRRL3_03974
jgi|Aspni_NRRL3_1|3975|NRRL3_03975	NRRL3_03975
jgi|Aspni_NRRL3_1|3976|NRRL3_03976	NRRL3_03976
jgi|Aspni_NRRL3_1|3977|NRRL3_03977	NRRL3_03977
jgi|Aspni_NRRL3_1|3978|NRRL3_03978	NRRL3_03978
jgi|Aspni_NRRL3_1|3979|NRRL3_03979	NRRL3_03979
jgi|Aspni_NRRL3_1|3980|NRRL3_03980	NRRL3_03980
jgi|Aspni_NRRL3_1|3981|NRRL3_03981	NRRL3_03981
jgi|Aspni_NRRL3_1|3982|NRRL3_03982	NRRL3_03982
jgi|Aspni_NRRL3_1|3983|NRRL3_03983	NRRL3_03983
jgi|Aspni_NRRL3_1|3984|NRRL3_03984	NRRL3_03984
jgi|Aspni_NRRL3_1|3985|NRRL3_03985	NRRL3_03985
jgi|Aspni_NRRL3_1|3986|NRRL3_03986	NRRL3_03986
jgi|Aspni_NRRL3_1|3987|NRRL3_03987	NRRL3_03987
jgi|Aspni_NRRL3_1|3988|NRRL3_03988	NRRL3_03988
jgi|Aspni_NRRL3_1|3989|NRRL3_03989	NRRL3_03989
jgi|Aspni_NRRL3_1|3990|NRRL3_03990	NRRL3_03990
jgi|Aspni_NRRL3_1|3991|NRRL3_03991	NRRL3_03991
jgi|Aspni_NRRL3_1|3992|NRRL3_03992	NRRL3_03992
jgi|Aspni_NRRL3_1|3993|NRRL3_03993	NRRL3_03993
jgi|Aspni_NRRL3_1|3994|NRRL3_03994	NRRL3_03994
jgi|Aspni_NRRL3_1|3995|NRRL3_03995	NRRL3_03995
jgi|Aspni_NRRL3_1|3996|NRRL3_03996	NRRL3_03996
jgi|Aspni_NRRL3_1|3997|NRRL3_03997	NRRL3_03997
jgi|Aspni_NRRL3_1|3998|NRRL3_03998	NRRL3_03998
jgi|Aspni_NRRL3_1|3999|NRRL3_03999	NRRL3_03999
jgi|Aspni_NRRL3_1|4000|NRRL3_04000	NRRL3_04000
jgi|Aspni_NRRL3_1|4001|NRRL3_04001	NRRL3_04001
jgi|Aspni_NRRL3_1|4002|NRRL3_04002	NRRL3_04002
jgi|Aspni_NRRL3_1|4003|NRRL3_04003	NRRL3_04003
jgi|Aspni_NRRL3_1|4004|NRRL3_04004	NRRL3_04004
jgi|Aspni_NRRL3_1|4005|NRRL3_04005	NRRL3_04005
jgi|Aspni_NRRL3_1|4006|NRRL3_04006	NRRL3_04006
jgi|Aspni_NRRL3_1|4007|NRRL3_04007	NRRL3_04007
jgi|Aspni_NRRL3_1|4008|NRRL3_04008	NRRL3_04008
jgi|Aspni_NRRL3_1|4009|NRRL3_04009	NRRL3_04009
jgi|Aspni_NRRL3_1|4010|NRRL3_04010	NRRL3_04010
jgi|Aspni_NRRL3_1|4011|NRRL3_04011	NRRL3_04011
jgi|Aspni_NRRL3_1|4012|NRRL3_04012	NRRL3_04012
jgi|Aspni_NRRL3_1|4013|NRRL3_04013	NRRL3_04013
jgi|Aspni_NRRL3_1|4014|NRRL3_04014	NRRL3_04014
jgi|Aspni_NRRL3_1|4015|NRRL3_04015	NRRL3_04015
jgi|Aspni_NRRL3_1|4016|NRRL3_04016	NRRL3_04016
jgi|Aspni_NRRL3_1|4017|NRRL3_04017	NRRL3_04017
jgi|Aspni_NRRL3_1|4018|NRRL3_04018	NRRL3_04018
jgi|Aspni_NRRL3_1|4019|NRRL3_04019	NRRL3_04019
jgi|Aspni_NRRL3_1|4020|NRRL3_04020	NRRL3_04020
jgi|Aspni_NRRL3_1|4021|NRRL3_04021	NRRL3_04021
jgi|Aspni_NRRL3_1|4022|NRRL3_04022	NRRL3_04022
jgi|Aspni_NRRL3_1|4023|NRRL3_04023	NRRL3_04023
jgi|Aspni_NRRL3_1|4024|NRRL3_04024	NRRL3_04024
jgi|Aspni_NRRL3_1|4025|NRRL3_04025	NRRL3_04025
jgi|Aspni_NRRL3_1|4026|NRRL3_04026	NRRL3_04026
jgi|Aspni_NRRL3_1|4027|NRRL3_04027	NRRL3_04027
jgi|Aspni_NRRL3_1|4028|NRRL3_04028	NRRL3_04028
jgi|Aspni_NRRL3_1|4029|NRRL3_04029	NRRL3_04029
jgi|Aspni_NRRL3_1|4030|NRRL3_04030	NRRL3_04030
jgi|Aspni_NRRL3_1|4031|NRRL3_04031	NRRL3_04031
jgi|Aspni_NRRL3_1|4032|NRRL3_04032	NRRL3_04032
jgi|Aspni_NRRL3_1|4033|NRRL3_04033	NRRL3_04033
jgi|Aspni_NRRL3_1|4034|NRRL3_04034	NRRL3_04034
jgi|Aspni_NRRL3_1|4035|NRRL3_04035	NRRL3_04035
jgi|Aspni_NRRL3_1|4036|NRRL3_04036	NRRL3_04036
jgi|Aspni_NRRL3_1|4037|NRRL3_04037	NRRL3_04037
jgi|Aspni_NRRL3_1|4038|NRRL3_04038	NRRL3_04038
jgi|Aspni_NRRL3_1|4039|NRRL3_04039	NRRL3_04039
jgi|Aspni_NRRL3_1|4040|NRRL3_04040	NRRL3_04040
jgi|Aspni_NRRL3_1|4041|NRRL3_04041	NRRL3_04041
jgi|Aspni_NRRL3_1|4042|NRRL3_04042	NRRL3_04042
jgi|Aspni_NRRL3_1|4043|NRRL3_04043	NRRL3_04043
jgi|Aspni_NRRL3_1|4044|NRRL3_04044	NRRL3_04044
jgi|Aspni_NRRL3_1|4045|NRRL3_04045	NRRL3_04045
jgi|Aspni_NRRL3_1|4046|NRRL3_04046	NRRL3_04046
jgi|Aspni_NRRL3_1|4047|NRRL3_04047	NRRL3_04047
jgi|Aspni_NRRL3_1|4048|NRRL3_04048	NRRL3_04048
jgi|Aspni_NRRL3_1|4049|NRRL3_04049	NRRL3_04049
jgi|Aspni_NRRL3_1|4050|NRRL3_04050	NRRL3_04050
jgi|Aspni_NRRL3_1|4051|NRRL3_04051	NRRL3_04051
jgi|Aspni_NRRL3_1|4052|NRRL3_04052	NRRL3_04052
jgi|Aspni_NRRL3_1|4053|NRRL3_04053	NRRL3_04053
jgi|Aspni_NRRL3_1|4054|NRRL3_04054	NRRL3_04054
jgi|Aspni_NRRL3_1|4055|NRRL3_04055	NRRL3_04055
jgi|Aspni_NRRL3_1|4056|NRRL3_04056	NRRL3_04056
jgi|Aspni_NRRL3_1|4057|NRRL3_04057	NRRL3_04057
jgi|Aspni_NRRL3_1|4058|NRRL3_04058	NRRL3_04058
jgi|Aspni_NRRL3_1|4059|NRRL3_04059	NRRL3_04059
jgi|Aspni_NRRL3_1|4060|NRRL3_04060	NRRL3_04060
jgi|Aspni_NRRL3_1|4061|NRRL3_04061	NRRL3_04061
jgi|Aspni_NRRL3_1|4062|NRRL3_04062	NRRL3_04062
jgi|Aspni_NRRL3_1|4063|NRRL3_04063	NRRL3_04063
jgi|Aspni_NRRL3_1|4064|NRRL3_04064	NRRL3_04064
jgi|Aspni_NRRL3_1|4065|NRRL3_04065	NRRL3_04065
jgi|Aspni_NRRL3_1|4066|NRRL3_04066	NRRL3_04066
jgi|Aspni_NRRL3_1|4067|NRRL3_04067	NRRL3_04067
jgi|Aspni_NRRL3_1|4068|NRRL3_04068	NRRL3_04068
jgi|Aspni_NRRL3_1|4069|NRRL3_04069	NRRL3_04069
jgi|Aspni_NRRL3_1|4070|NRRL3_04070	NRRL3_04070
jgi|Aspni_NRRL3_1|4071|NRRL3_04071	NRRL3_04071
jgi|Aspni_NRRL3_1|4072|NRRL3_04072	NRRL3_04072
jgi|Aspni_NRRL3_1|4073|NRRL3_04073	NRRL3_04073
jgi|Aspni_NRRL3_1|4074|NRRL3_04074	NRRL3_04074
jgi|Aspni_NRRL3_1|4075|NRRL3_04075	NRRL3_04075
jgi|Aspni_NRRL3_1|4076|NRRL3_04076	NRRL3_04076
jgi|Aspni_NRRL3_1|4077|NRRL3_04077	NRRL3_04077
jgi|Aspni_NRRL3_1|4078|NRRL3_04078	NRRL3_04078
jgi|Aspni_NRRL3_1|4079|NRRL3_04079	NRRL3_04079
jgi|Aspni_NRRL3_1|4080|NRRL3_04080	NRRL3_04080
jgi|Aspni_NRRL3_1|4081|NRRL3_04081	NRRL3_04081
jgi|Aspni_NRRL3_1|4082|NRRL3_04082	NRRL3_04082
jgi|Aspni_NRRL3_1|4083|NRRL3_04083	NRRL3_04083
jgi|Aspni_NRRL3_1|4084|NRRL3_04084	NRRL3_04084
jgi|Aspni_NRRL3_1|4085|NRRL3_04085	NRRL3_04085
jgi|Aspni_NRRL3_1|4086|NRRL3_04086	NRRL3_04086
jgi|Aspni_NRRL3_1|4087|NRRL3_04087	NRRL3_04087
jgi|Aspni_NRRL3_1|4088|NRRL3_04088	NRRL3_04088
jgi|Aspni_NRRL3_1|4089|NRRL3_04089	NRRL3_04089
jgi|Aspni_NRRL3_1|4090|NRRL3_04090	NRRL3_04090
jgi|Aspni_NRRL3_1|4091|NRRL3_04091	NRRL3_04091
jgi|Aspni_NRRL3_1|4092|NRRL3_04092	NRRL3_04092
jgi|Aspni_NRRL3_1|4093|NRRL3_04093	NRRL3_04093
jgi|Aspni_NRRL3_1|4094|NRRL3_04094	NRRL3_04094
jgi|Aspni_NRRL3_1|4095|NRRL3_04095	NRRL3_04095
jgi|Aspni_NRRL3_1|4096|NRRL3_04096	NRRL3_04096
jgi|Aspni_NRRL3_1|4097|NRRL3_04097	NRRL3_04097
jgi|Aspni_NRRL3_1|4098|NRRL3_04098	NRRL3_04098
jgi|Aspni_NRRL3_1|4099|NRRL3_04099	NRRL3_04099
jgi|Aspni_NRRL3_1|4100|NRRL3_04100	NRRL3_04100
jgi|Aspni_NRRL3_1|4101|NRRL3_04101	NRRL3_04101
jgi|Aspni_NRRL3_1|4102|NRRL3_04102	NRRL3_04102
jgi|Aspni_NRRL3_1|4103|NRRL3_04103	NRRL3_04103
jgi|Aspni_NRRL3_1|4104|NRRL3_04104	NRRL3_04104
jgi|Aspni_NRRL3_1|4105|NRRL3_04105	NRRL3_04105
jgi|Aspni_NRRL3_1|4106|NRRL3_04106	NRRL3_04106
jgi|Aspni_NRRL3_1|4107|NRRL3_04107	NRRL3_04107
jgi|Aspni_NRRL3_1|4108|NRRL3_04108	NRRL3_04108
jgi|Aspni_NRRL3_1|4109|NRRL3_04109	NRRL3_04109
jgi|Aspni_NRRL3_1|4110|NRRL3_04110	NRRL3_04110
jgi|Aspni_NRRL3_1|4111|NRRL3_04111	NRRL3_04111
jgi|Aspni_NRRL3_1|4112|NRRL3_04112	NRRL3_04112
jgi|Aspni_NRRL3_1|4113|NRRL3_04113	NRRL3_04113
jgi|Aspni_NRRL3_1|4114|NRRL3_04114	NRRL3_04114
jgi|Aspni_NRRL3_1|4115|NRRL3_04115	NRRL3_04115
jgi|Aspni_NRRL3_1|4116|NRRL3_04116	NRRL3_04116
jgi|Aspni_NRRL3_1|4117|NRRL3_04117	NRRL3_04117
jgi|Aspni_NRRL3_1|4118|NRRL3_04118	NRRL3_04118
jgi|Aspni_NRRL3_1|4119|NRRL3_04119	NRRL3_04119
jgi|Aspni_NRRL3_1|4120|NRRL3_04120	NRRL3_04120
jgi|Aspni_NRRL3_1|4121|NRRL3_04121	NRRL3_04121
jgi|Aspni_NRRL3_1|4122|NRRL3_04122	NRRL3_04122
jgi|Aspni_NRRL3_1|4123|NRRL3_04123	NRRL3_04123
jgi|Aspni_NRRL3_1|4124|NRRL3_04124	NRRL3_04124
jgi|Aspni_NRRL3_1|4125|NRRL3_04125	NRRL3_04125
jgi|Aspni_NRRL3_1|4126|NRRL3_04126	NRRL3_04126
jgi|Aspni_NRRL3_1|4127|NRRL3_04127	NRRL3_04127
jgi|Aspni_NRRL3_1|4128|NRRL3_04128	NRRL3_04128
jgi|Aspni_NRRL3_1|4129|NRRL3_04129	NRRL3_04129
jgi|Aspni_NRRL3_1|4130|NRRL3_04130	NRRL3_04130
jgi|Aspni_NRRL3_1|4131|NRRL3_04131	NRRL3_04131
jgi|Aspni_NRRL3_1|4132|NRRL3_04132	NRRL3_04132
jgi|Aspni_NRRL3_1|4133|NRRL3_04133	NRRL3_04133
jgi|Aspni_NRRL3_1|4134|NRRL3_04134	NRRL3_04134
jgi|Aspni_NRRL3_1|4135|NRRL3_04135	NRRL3_04135
jgi|Aspni_NRRL3_1|4136|NRRL3_04136	NRRL3_04136
jgi|Aspni_NRRL3_1|4137|NRRL3_04137	NRRL3_04137
jgi|Aspni_NRRL3_1|4138|NRRL3_04138	NRRL3_04138
jgi|Aspni_NRRL3_1|4139|NRRL3_04139	NRRL3_04139
jgi|Aspni_NRRL3_1|4140|NRRL3_04140	NRRL3_04140
jgi|Aspni_NRRL3_1|4141|NRRL3_04141	NRRL3_04141
jgi|Aspni_NRRL3_1|4142|NRRL3_04142	NRRL3_04142
jgi|Aspni_NRRL3_1|4143|NRRL3_04143	NRRL3_04143
jgi|Aspni_NRRL3_1|4144|NRRL3_04144	NRRL3_04144
jgi|Aspni_NRRL3_1|4145|NRRL3_04145	NRRL3_04145
jgi|Aspni_NRRL3_1|4146|NRRL3_04146	NRRL3_04146
jgi|Aspni_NRRL3_1|4147|NRRL3_04147	NRRL3_04147
jgi|Aspni_NRRL3_1|4148|NRRL3_04148	NRRL3_04148
jgi|Aspni_NRRL3_1|4149|NRRL3_04149	NRRL3_04149
jgi|Aspni_NRRL3_1|4150|NRRL3_04150	NRRL3_04150
jgi|Aspni_NRRL3_1|4151|NRRL3_04151	NRRL3_04151
jgi|Aspni_NRRL3_1|4152|NRRL3_04152	NRRL3_04152
jgi|Aspni_NRRL3_1|4153|NRRL3_04153	NRRL3_04153
jgi|Aspni_NRRL3_1|4154|NRRL3_04154	NRRL3_04154
jgi|Aspni_NRRL3_1|4155|NRRL3_04155	NRRL3_04155
jgi|Aspni_NRRL3_1|4156|NRRL3_04156	NRRL3_04156
jgi|Aspni_NRRL3_1|4157|NRRL3_04157	NRRL3_04157
jgi|Aspni_NRRL3_1|4158|NRRL3_04158	NRRL3_04158
jgi|Aspni_NRRL3_1|4159|NRRL3_04159	NRRL3_04159
jgi|Aspni_NRRL3_1|4160|NRRL3_04160	NRRL3_04160
jgi|Aspni_NRRL3_1|4161|NRRL3_04161	NRRL3_04161
jgi|Aspni_NRRL3_1|4162|NRRL3_04162	NRRL3_04162
jgi|Aspni_NRRL3_1|4163|NRRL3_04163	NRRL3_04163
jgi|Aspni_NRRL3_1|4164|NRRL3_04164	NRRL3_04164
jgi|Aspni_NRRL3_1|4165|NRRL3_04165	NRRL3_04165
jgi|Aspni_NRRL3_1|4166|NRRL3_04166	NRRL3_04166
jgi|Aspni_NRRL3_1|4167|NRRL3_04167	NRRL3_04167
jgi|Aspni_NRRL3_1|4168|NRRL3_04168	NRRL3_04168
jgi|Aspni_NRRL3_1|4169|NRRL3_04169	NRRL3_04169
jgi|Aspni_NRRL3_1|4170|NRRL3_04170	NRRL3_04170
jgi|Aspni_NRRL3_1|4171|NRRL3_04171	NRRL3_04171
jgi|Aspni_NRRL3_1|4172|NRRL3_04172	NRRL3_04172
jgi|Aspni_NRRL3_1|4173|NRRL3_04173	NRRL3_04173
jgi|Aspni_NRRL3_1|4174|NRRL3_04174	NRRL3_04174
jgi|Aspni_NRRL3_1|4175|NRRL3_04175	NRRL3_04175
jgi|Aspni_NRRL3_1|4176|NRRL3_04176	NRRL3_04176
jgi|Aspni_NRRL3_1|4177|NRRL3_04177	NRRL3_04177
jgi|Aspni_NRRL3_1|4178|NRRL3_04178	NRRL3_04178
jgi|Aspni_NRRL3_1|4179|NRRL3_04179	NRRL3_04179
jgi|Aspni_NRRL3_1|4180|NRRL3_04180	NRRL3_04180
jgi|Aspni_NRRL3_1|4181|NRRL3_04181	NRRL3_04181
jgi|Aspni_NRRL3_1|4182|NRRL3_04182	NRRL3_04182
jgi|Aspni_NRRL3_1|4183|NRRL3_04183	NRRL3_04183
jgi|Aspni_NRRL3_1|4184|NRRL3_04184	NRRL3_04184
jgi|Aspni_NRRL3_1|4185|NRRL3_04185	NRRL3_04185
jgi|Aspni_NRRL3_1|4186|NRRL3_04186	NRRL3_04186
jgi|Aspni_NRRL3_1|4187|NRRL3_04187	NRRL3_04187
jgi|Aspni_NRRL3_1|4188|NRRL3_04188	NRRL3_04188
jgi|Aspni_NRRL3_1|4189|NRRL3_04189	NRRL3_04189
jgi|Aspni_NRRL3_1|4190|NRRL3_04190	NRRL3_04190
jgi|Aspni_NRRL3_1|4191|NRRL3_04191	NRRL3_04191
jgi|Aspni_NRRL3_1|4192|NRRL3_04192	NRRL3_04192
jgi|Aspni_NRRL3_1|4193|NRRL3_04193	NRRL3_04193
jgi|Aspni_NRRL3_1|4194|NRRL3_04194	NRRL3_04194
jgi|Aspni_NRRL3_1|4195|NRRL3_04195	NRRL3_04195
jgi|Aspni_NRRL3_1|4196|NRRL3_04196	NRRL3_04196
jgi|Aspni_NRRL3_1|4197|NRRL3_04197	NRRL3_04197
jgi|Aspni_NRRL3_1|4198|NRRL3_04198	NRRL3_04198
jgi|Aspni_NRRL3_1|4199|NRRL3_04199	NRRL3_04199
jgi|Aspni_NRRL3_1|4200|NRRL3_04200	NRRL3_04200
jgi|Aspni_NRRL3_1|4201|NRRL3_04201	NRRL3_04201
jgi|Aspni_NRRL3_1|4202|NRRL3_04202	NRRL3_04202
jgi|Aspni_NRRL3_1|4203|NRRL3_04203	NRRL3_04203
jgi|Aspni_NRRL3_1|4204|NRRL3_04204	NRRL3_04204
jgi|Aspni_NRRL3_1|4205|NRRL3_04205	NRRL3_04205
jgi|Aspni_NRRL3_1|4206|NRRL3_04206	NRRL3_04206
jgi|Aspni_NRRL3_1|4207|NRRL3_04207	NRRL3_04207
jgi|Aspni_NRRL3_1|4208|NRRL3_04208	NRRL3_04208
jgi|Aspni_NRRL3_1|4209|NRRL3_04209	NRRL3_04209
jgi|Aspni_NRRL3_1|4210|NRRL3_04210	NRRL3_04210
jgi|Aspni_NRRL3_1|4211|NRRL3_04211	NRRL3_04211
jgi|Aspni_NRRL3_1|4212|NRRL3_04212	NRRL3_04212
jgi|Aspni_NRRL3_1|4213|NRRL3_04213	NRRL3_04213
jgi|Aspni_NRRL3_1|4214|NRRL3_04214	NRRL3_04214
jgi|Aspni_NRRL3_1|4215|NRRL3_04215	NRRL3_04215
jgi|Aspni_NRRL3_1|4216|NRRL3_04216	NRRL3_04216
jgi|Aspni_NRRL3_1|4217|NRRL3_04217	NRRL3_04217
jgi|Aspni_NRRL3_1|4218|NRRL3_04218	NRRL3_04218
jgi|Aspni_NRRL3_1|4219|NRRL3_04219	NRRL3_04219
jgi|Aspni_NRRL3_1|4220|NRRL3_04220	NRRL3_04220
jgi|Aspni_NRRL3_1|4221|NRRL3_04221	NRRL3_04221
jgi|Aspni_NRRL3_1|4222|NRRL3_04222	NRRL3_04222
jgi|Aspni_NRRL3_1|4223|NRRL3_04223	NRRL3_04223
jgi|Aspni_NRRL3_1|4224|NRRL3_04224	NRRL3_04224
jgi|Aspni_NRRL3_1|4225|NRRL3_04225	NRRL3_04225
jgi|Aspni_NRRL3_1|4226|NRRL3_04226	NRRL3_04226
jgi|Aspni_NRRL3_1|4227|NRRL3_04227	NRRL3_04227
jgi|Aspni_NRRL3_1|4228|NRRL3_04228	NRRL3_04228
jgi|Aspni_NRRL3_1|4229|NRRL3_04229	NRRL3_04229
jgi|Aspni_NRRL3_1|4230|NRRL3_04230	NRRL3_04230
jgi|Aspni_NRRL3_1|4231|NRRL3_04231	NRRL3_04231
jgi|Aspni_NRRL3_1|4232|NRRL3_04232	NRRL3_04232
jgi|Aspni_NRRL3_1|4233|NRRL3_04233	NRRL3_04233
jgi|Aspni_NRRL3_1|4234|NRRL3_04234	NRRL3_04234
jgi|Aspni_NRRL3_1|4235|NRRL3_04235	NRRL3_04235
jgi|Aspni_NRRL3_1|4236|NRRL3_04236	NRRL3_04236
jgi|Aspni_NRRL3_1|4237|NRRL3_04237	NRRL3_04237
jgi|Aspni_NRRL3_1|4238|NRRL3_04238	NRRL3_04238
jgi|Aspni_NRRL3_1|4239|NRRL3_04239	NRRL3_04239
jgi|Aspni_NRRL3_1|4240|NRRL3_04240	NRRL3_04240
jgi|Aspni_NRRL3_1|4241|NRRL3_04241	NRRL3_04241
jgi|Aspni_NRRL3_1|4242|NRRL3_04242	NRRL3_04242
jgi|Aspni_NRRL3_1|4243|NRRL3_04243	NRRL3_04243
jgi|Aspni_NRRL3_1|4244|NRRL3_04244	NRRL3_04244
jgi|Aspni_NRRL3_1|4245|NRRL3_04245	NRRL3_04245
jgi|Aspni_NRRL3_1|4246|NRRL3_04246	NRRL3_04246
jgi|Aspni_NRRL3_1|4247|NRRL3_04247	NRRL3_04247
jgi|Aspni_NRRL3_1|4248|NRRL3_04248	NRRL3_04248
jgi|Aspni_NRRL3_1|4249|NRRL3_04249	NRRL3_04249
jgi|Aspni_NRRL3_1|4250|NRRL3_04250	NRRL3_04250
jgi|Aspni_NRRL3_1|4251|NRRL3_04251	NRRL3_04251
jgi|Aspni_NRRL3_1|4252|NRRL3_04252	NRRL3_04252
jgi|Aspni_NRRL3_1|4253|NRRL3_04253	NRRL3_04253
jgi|Aspni_NRRL3_1|4254|NRRL3_04254	NRRL3_04254
jgi|Aspni_NRRL3_1|4255|NRRL3_04255	NRRL3_04255
jgi|Aspni_NRRL3_1|4256|NRRL3_04256	NRRL3_04256
jgi|Aspni_NRRL3_1|4257|NRRL3_04257	NRRL3_04257
jgi|Aspni_NRRL3_1|4258|NRRL3_04258	NRRL3_04258
jgi|Aspni_NRRL3_1|4259|NRRL3_04259	NRRL3_04259
jgi|Aspni_NRRL3_1|4260|NRRL3_04260	NRRL3_04260
jgi|Aspni_NRRL3_1|4261|NRRL3_04261	NRRL3_04261
jgi|Aspni_NRRL3_1|4262|NRRL3_04262	NRRL3_04262
jgi|Aspni_NRRL3_1|4263|NRRL3_04263	NRRL3_04263
jgi|Aspni_NRRL3_1|4264|NRRL3_04264	NRRL3_04264
jgi|Aspni_NRRL3_1|4265|NRRL3_04265	NRRL3_04265
jgi|Aspni_NRRL3_1|4266|NRRL3_04266	NRRL3_04266
jgi|Aspni_NRRL3_1|4267|NRRL3_04267	NRRL3_04267
jgi|Aspni_NRRL3_1|4268|NRRL3_04268	NRRL3_04268
jgi|Aspni_NRRL3_1|4269|NRRL3_04269	NRRL3_04269
jgi|Aspni_NRRL3_1|4270|NRRL3_04270	NRRL3_04270
jgi|Aspni_NRRL3_1|4271|NRRL3_04271	NRRL3_04271
jgi|Aspni_NRRL3_1|4272|NRRL3_04272	NRRL3_04272
jgi|Aspni_NRRL3_1|4273|NRRL3_04273	NRRL3_04273
jgi|Aspni_NRRL3_1|4274|NRRL3_04274	NRRL3_04274
jgi|Aspni_NRRL3_1|4275|NRRL3_04275	NRRL3_04275
jgi|Aspni_NRRL3_1|4276|NRRL3_04276	NRRL3_04276
jgi|Aspni_NRRL3_1|4277|NRRL3_04277	NRRL3_04277
jgi|Aspni_NRRL3_1|4278|NRRL3_04278	NRRL3_04278
jgi|Aspni_NRRL3_1|4279|NRRL3_04279	NRRL3_04279
jgi|Aspni_NRRL3_1|4280|NRRL3_04280	NRRL3_04280
jgi|Aspni_NRRL3_1|4281|NRRL3_04281	NRRL3_04281
jgi|Aspni_NRRL3_1|4282|NRRL3_04282	NRRL3_04282
jgi|Aspni_NRRL3_1|4283|NRRL3_04283	NRRL3_04283
jgi|Aspni_NRRL3_1|4284|NRRL3_04284	NRRL3_04284
jgi|Aspni_NRRL3_1|4285|NRRL3_04285	NRRL3_04285
jgi|Aspni_NRRL3_1|4286|NRRL3_04286	NRRL3_04286
jgi|Aspni_NRRL3_1|4287|NRRL3_04287	NRRL3_04287
jgi|Aspni_NRRL3_1|4288|NRRL3_04288	NRRL3_04288
jgi|Aspni_NRRL3_1|4289|NRRL3_04289	NRRL3_04289
jgi|Aspni_NRRL3_1|4290|NRRL3_04290	NRRL3_04290
jgi|Aspni_NRRL3_1|4291|NRRL3_04291	NRRL3_04291
jgi|Aspni_NRRL3_1|4292|NRRL3_04292	NRRL3_04292
jgi|Aspni_NRRL3_1|4293|NRRL3_04293	NRRL3_04293
jgi|Aspni_NRRL3_1|4294|NRRL3_04294	NRRL3_04294
jgi|Aspni_NRRL3_1|4295|NRRL3_04295	NRRL3_04295
jgi|Aspni_NRRL3_1|4296|NRRL3_04296	NRRL3_04296
jgi|Aspni_NRRL3_1|4297|NRRL3_04297	NRRL3_04297
jgi|Aspni_NRRL3_1|4298|NRRL3_04298	NRRL3_04298
jgi|Aspni_NRRL3_1|4299|NRRL3_04299	NRRL3_04299
jgi|Aspni_NRRL3_1|4300|NRRL3_04300	NRRL3_04300
jgi|Aspni_NRRL3_1|4301|NRRL3_04301	NRRL3_04301
jgi|Aspni_NRRL3_1|4302|NRRL3_04302	NRRL3_04302
jgi|Aspni_NRRL3_1|4303|NRRL3_04303	NRRL3_04303
jgi|Aspni_NRRL3_1|4304|NRRL3_04304	NRRL3_04304
jgi|Aspni_NRRL3_1|4305|NRRL3_04305	NRRL3_04305
jgi|Aspni_NRRL3_1|4306|NRRL3_04306	NRRL3_04306
jgi|Aspni_NRRL3_1|4307|NRRL3_04307	NRRL3_04307
jgi|Aspni_NRRL3_1|4308|NRRL3_04308	NRRL3_04308
jgi|Aspni_NRRL3_1|4309|NRRL3_04309	NRRL3_04309
jgi|Aspni_NRRL3_1|4310|NRRL3_04310	NRRL3_04310
jgi|Aspni_NRRL3_1|4311|NRRL3_04311	NRRL3_04311
jgi|Aspni_NRRL3_1|4312|NRRL3_04312	NRRL3_04312
jgi|Aspni_NRRL3_1|4313|NRRL3_04313	NRRL3_04313
jgi|Aspni_NRRL3_1|4314|NRRL3_04314	NRRL3_04314
jgi|Aspni_NRRL3_1|4315|NRRL3_04315	NRRL3_04315
jgi|Aspni_NRRL3_1|4316|NRRL3_04316	NRRL3_04316
jgi|Aspni_NRRL3_1|4317|NRRL3_04317	NRRL3_04317
jgi|Aspni_NRRL3_1|4318|NRRL3_04318	NRRL3_04318
jgi|Aspni_NRRL3_1|4319|NRRL3_04319	NRRL3_04319
jgi|Aspni_NRRL3_1|4320|NRRL3_04320	NRRL3_04320
jgi|Aspni_NRRL3_1|4321|NRRL3_04321	NRRL3_04321
jgi|Aspni_NRRL3_1|4322|NRRL3_04322	NRRL3_04322
jgi|Aspni_NRRL3_1|4323|NRRL3_04323	NRRL3_04323
jgi|Aspni_NRRL3_1|4324|NRRL3_04324	NRRL3_04324
jgi|Aspni_NRRL3_1|4325|NRRL3_04325	NRRL3_04325
jgi|Aspni_NRRL3_1|4326|NRRL3_04326	NRRL3_04326
jgi|Aspni_NRRL3_1|4327|NRRL3_04327	NRRL3_04327
jgi|Aspni_NRRL3_1|4328|NRRL3_04328	NRRL3_04328
jgi|Aspni_NRRL3_1|4329|NRRL3_04329	NRRL3_04329
jgi|Aspni_NRRL3_1|4330|NRRL3_04330	NRRL3_04330
jgi|Aspni_NRRL3_1|4331|NRRL3_04331	NRRL3_04331
jgi|Aspni_NRRL3_1|4332|NRRL3_04332	NRRL3_04332
jgi|Aspni_NRRL3_1|4333|NRRL3_04333	NRRL3_04333
jgi|Aspni_NRRL3_1|4334|NRRL3_04334	NRRL3_04334
jgi|Aspni_NRRL3_1|4335|NRRL3_04335	NRRL3_04335
jgi|Aspni_NRRL3_1|4336|NRRL3_04336	NRRL3_04336
jgi|Aspni_NRRL3_1|4337|NRRL3_04337	NRRL3_04337
jgi|Aspni_NRRL3_1|4338|NRRL3_04338	NRRL3_04338
jgi|Aspni_NRRL3_1|4339|NRRL3_04339	NRRL3_04339
jgi|Aspni_NRRL3_1|4340|NRRL3_04340	NRRL3_04340
jgi|Aspni_NRRL3_1|4341|NRRL3_04341	NRRL3_04341
jgi|Aspni_NRRL3_1|4342|NRRL3_04342	NRRL3_04342
jgi|Aspni_NRRL3_1|4343|NRRL3_04343	NRRL3_04343
jgi|Aspni_NRRL3_1|4344|NRRL3_04344	NRRL3_04344
jgi|Aspni_NRRL3_1|4345|NRRL3_04345	NRRL3_04345
jgi|Aspni_NRRL3_1|4346|NRRL3_04346	NRRL3_04346
jgi|Aspni_NRRL3_1|4347|NRRL3_04347	NRRL3_04347
jgi|Aspni_NRRL3_1|4348|NRRL3_04348	NRRL3_04348
jgi|Aspni_NRRL3_1|4349|NRRL3_04349	NRRL3_04349
jgi|Aspni_NRRL3_1|4350|NRRL3_04350	NRRL3_04350
jgi|Aspni_NRRL3_1|4351|NRRL3_04351	NRRL3_04351
jgi|Aspni_NRRL3_1|4352|NRRL3_04352	NRRL3_04352
jgi|Aspni_NRRL3_1|4353|NRRL3_04353	NRRL3_04353
jgi|Aspni_NRRL3_1|4354|NRRL3_04354	NRRL3_04354
jgi|Aspni_NRRL3_1|4355|NRRL3_04355	NRRL3_04355
jgi|Aspni_NRRL3_1|4356|NRRL3_04356	NRRL3_04356
jgi|Aspni_NRRL3_1|4357|NRRL3_04357	NRRL3_04357
jgi|Aspni_NRRL3_1|4358|NRRL3_04358	NRRL3_04358
jgi|Aspni_NRRL3_1|4359|NRRL3_04359	NRRL3_04359
jgi|Aspni_NRRL3_1|4360|NRRL3_04360	NRRL3_04360
jgi|Aspni_NRRL3_1|4361|NRRL3_04361	NRRL3_04361
jgi|Aspni_NRRL3_1|4362|NRRL3_04362	NRRL3_04362
jgi|Aspni_NRRL3_1|4363|NRRL3_04363	NRRL3_04363
jgi|Aspni_NRRL3_1|4364|NRRL3_04364	NRRL3_04364
jgi|Aspni_NRRL3_1|4365|NRRL3_04365	NRRL3_04365
jgi|Aspni_NRRL3_1|4366|NRRL3_04366	NRRL3_04366
jgi|Aspni_NRRL3_1|4367|NRRL3_04367	NRRL3_04367
jgi|Aspni_NRRL3_1|4368|NRRL3_04368	NRRL3_04368
jgi|Aspni_NRRL3_1|4369|NRRL3_04369	NRRL3_04369
jgi|Aspni_NRRL3_1|4370|NRRL3_04370	NRRL3_04370
jgi|Aspni_NRRL3_1|4371|NRRL3_04371	NRRL3_04371
jgi|Aspni_NRRL3_1|4372|NRRL3_04372	NRRL3_04372
jgi|Aspni_NRRL3_1|4373|NRRL3_04373	NRRL3_04373
jgi|Aspni_NRRL3_1|4374|NRRL3_04374	NRRL3_04374
jgi|Aspni_NRRL3_1|4375|NRRL3_04375	NRRL3_04375
jgi|Aspni_NRRL3_1|4376|NRRL3_04376	NRRL3_04376
jgi|Aspni_NRRL3_1|4377|NRRL3_04377	NRRL3_04377
jgi|Aspni_NRRL3_1|4378|NRRL3_04378	NRRL3_04378
jgi|Aspni_NRRL3_1|4379|NRRL3_04379	NRRL3_04379
jgi|Aspni_NRRL3_1|4380|NRRL3_04380	NRRL3_04380
jgi|Aspni_NRRL3_1|4381|NRRL3_04381	NRRL3_04381
jgi|Aspni_NRRL3_1|4382|NRRL3_04382	NRRL3_04382
jgi|Aspni_NRRL3_1|4383|NRRL3_04383	NRRL3_04383
jgi|Aspni_NRRL3_1|4384|NRRL3_04384	NRRL3_04384
jgi|Aspni_NRRL3_1|4385|NRRL3_04385	NRRL3_04385
jgi|Aspni_NRRL3_1|4386|NRRL3_04386	NRRL3_04386
jgi|Aspni_NRRL3_1|4387|NRRL3_04387	NRRL3_04387
jgi|Aspni_NRRL3_1|4388|NRRL3_04388	NRRL3_04388
jgi|Aspni_NRRL3_1|4389|NRRL3_04389	NRRL3_04389
jgi|Aspni_NRRL3_1|4390|NRRL3_04390	NRRL3_04390
jgi|Aspni_NRRL3_1|4391|NRRL3_04391	NRRL3_04391
jgi|Aspni_NRRL3_1|4392|NRRL3_04392	NRRL3_04392
jgi|Aspni_NRRL3_1|4393|NRRL3_04393	NRRL3_04393
jgi|Aspni_NRRL3_1|4394|NRRL3_04394	NRRL3_04394
jgi|Aspni_NRRL3_1|4395|NRRL3_04395	NRRL3_04395
jgi|Aspni_NRRL3_1|4396|NRRL3_04396	NRRL3_04396
jgi|Aspni_NRRL3_1|4397|NRRL3_04397	NRRL3_04397
jgi|Aspni_NRRL3_1|4398|NRRL3_04398	NRRL3_04398
jgi|Aspni_NRRL3_1|4399|NRRL3_04399	NRRL3_04399
jgi|Aspni_NRRL3_1|4400|NRRL3_04400	NRRL3_04400
jgi|Aspni_NRRL3_1|4401|NRRL3_04401	NRRL3_04401
jgi|Aspni_NRRL3_1|4402|NRRL3_04402	NRRL3_04402
jgi|Aspni_NRRL3_1|4403|NRRL3_04403	NRRL3_04403
jgi|Aspni_NRRL3_1|4404|NRRL3_04404	NRRL3_04404
jgi|Aspni_NRRL3_1|4405|NRRL3_04405	NRRL3_04405
jgi|Aspni_NRRL3_1|4406|NRRL3_04406	NRRL3_04406
jgi|Aspni_NRRL3_1|4407|NRRL3_04407	NRRL3_04407
jgi|Aspni_NRRL3_1|4408|NRRL3_04408	NRRL3_04408
jgi|Aspni_NRRL3_1|4409|NRRL3_04409	NRRL3_04409
jgi|Aspni_NRRL3_1|4410|NRRL3_04410	NRRL3_04410
jgi|Aspni_NRRL3_1|4411|NRRL3_04411	NRRL3_04411
jgi|Aspni_NRRL3_1|4412|NRRL3_04412	NRRL3_04412
jgi|Aspni_NRRL3_1|4413|NRRL3_04413	NRRL3_04413
jgi|Aspni_NRRL3_1|4414|NRRL3_04414	NRRL3_04414
jgi|Aspni_NRRL3_1|4415|NRRL3_04415	NRRL3_04415
jgi|Aspni_NRRL3_1|4416|NRRL3_04416	NRRL3_04416
jgi|Aspni_NRRL3_1|4417|NRRL3_04417	NRRL3_04417
jgi|Aspni_NRRL3_1|4418|NRRL3_04418	NRRL3_04418
jgi|Aspni_NRRL3_1|4419|NRRL3_04419	NRRL3_04419
jgi|Aspni_NRRL3_1|4420|NRRL3_04420	NRRL3_04420
jgi|Aspni_NRRL3_1|4421|NRRL3_04421	NRRL3_04421
jgi|Aspni_NRRL3_1|4422|NRRL3_04422	NRRL3_04422
jgi|Aspni_NRRL3_1|4423|NRRL3_04423	NRRL3_04423
jgi|Aspni_NRRL3_1|4424|NRRL3_04424	NRRL3_04424
jgi|Aspni_NRRL3_1|4425|NRRL3_04425	NRRL3_04425
jgi|Aspni_NRRL3_1|4426|NRRL3_04426	NRRL3_04426
jgi|Aspni_NRRL3_1|4427|NRRL3_04427	NRRL3_04427
jgi|Aspni_NRRL3_1|4428|NRRL3_04428	NRRL3_04428
jgi|Aspni_NRRL3_1|4429|NRRL3_04429	NRRL3_04429
jgi|Aspni_NRRL3_1|4430|NRRL3_04430	NRRL3_04430
jgi|Aspni_NRRL3_1|4431|NRRL3_04431	NRRL3_04431
jgi|Aspni_NRRL3_1|4432|NRRL3_04432	NRRL3_04432
jgi|Aspni_NRRL3_1|4433|NRRL3_04433	NRRL3_04433
jgi|Aspni_NRRL3_1|4434|NRRL3_04434	NRRL3_04434
jgi|Aspni_NRRL3_1|4435|NRRL3_04435	NRRL3_04435
jgi|Aspni_NRRL3_1|4436|NRRL3_04436	NRRL3_04436
jgi|Aspni_NRRL3_1|4437|NRRL3_04437	NRRL3_04437
jgi|Aspni_NRRL3_1|4438|NRRL3_04438	NRRL3_04438
jgi|Aspni_NRRL3_1|4439|NRRL3_04439	NRRL3_04439
jgi|Aspni_NRRL3_1|4440|NRRL3_04440	NRRL3_04440
jgi|Aspni_NRRL3_1|4441|NRRL3_04441	NRRL3_04441
jgi|Aspni_NRRL3_1|4442|NRRL3_04442	NRRL3_04442
jgi|Aspni_NRRL3_1|4443|NRRL3_04443	NRRL3_04443
jgi|Aspni_NRRL3_1|4444|NRRL3_04444	NRRL3_04444
jgi|Aspni_NRRL3_1|4445|NRRL3_04445	NRRL3_04445
jgi|Aspni_NRRL3_1|4446|NRRL3_04446	NRRL3_04446
jgi|Aspni_NRRL3_1|4447|NRRL3_04447	NRRL3_04447
jgi|Aspni_NRRL3_1|4448|NRRL3_04448	NRRL3_04448
jgi|Aspni_NRRL3_1|4449|NRRL3_04449	NRRL3_04449
jgi|Aspni_NRRL3_1|4450|NRRL3_04450	NRRL3_04450
jgi|Aspni_NRRL3_1|4451|NRRL3_04451	NRRL3_04451
jgi|Aspni_NRRL3_1|4452|NRRL3_04452	NRRL3_04452
jgi|Aspni_NRRL3_1|4453|NRRL3_04453	NRRL3_04453
jgi|Aspni_NRRL3_1|4454|NRRL3_04454	NRRL3_04454
jgi|Aspni_NRRL3_1|4455|NRRL3_04455	NRRL3_04455
jgi|Aspni_NRRL3_1|4456|NRRL3_04456	NRRL3_04456
jgi|Aspni_NRRL3_1|4457|NRRL3_04457	NRRL3_04457
jgi|Aspni_NRRL3_1|4458|NRRL3_04458	NRRL3_04458
jgi|Aspni_NRRL3_1|4459|NRRL3_04459	NRRL3_04459
jgi|Aspni_NRRL3_1|4460|NRRL3_04460	NRRL3_04460
jgi|Aspni_NRRL3_1|4461|NRRL3_04461	NRRL3_04461
jgi|Aspni_NRRL3_1|4462|NRRL3_04462	NRRL3_04462
jgi|Aspni_NRRL3_1|4463|NRRL3_04463	NRRL3_04463
jgi|Aspni_NRRL3_1|4464|NRRL3_04464	NRRL3_04464
jgi|Aspni_NRRL3_1|4465|NRRL3_04465	NRRL3_04465
jgi|Aspni_NRRL3_1|4466|NRRL3_04466	NRRL3_04466
jgi|Aspni_NRRL3_1|4467|NRRL3_04467	NRRL3_04467
jgi|Aspni_NRRL3_1|4468|NRRL3_04468	NRRL3_04468
jgi|Aspni_NRRL3_1|4469|NRRL3_04469	NRRL3_04469
jgi|Aspni_NRRL3_1|4470|NRRL3_04470	NRRL3_04470
jgi|Aspni_NRRL3_1|4471|NRRL3_04471	NRRL3_04471
jgi|Aspni_NRRL3_1|4472|NRRL3_04472	NRRL3_04472
jgi|Aspni_NRRL3_1|4473|NRRL3_04473	NRRL3_04473
jgi|Aspni_NRRL3_1|4474|NRRL3_04474	NRRL3_04474
jgi|Aspni_NRRL3_1|4475|NRRL3_04475	NRRL3_04475
jgi|Aspni_NRRL3_1|4476|NRRL3_04476	NRRL3_04476
jgi|Aspni_NRRL3_1|4477|NRRL3_04477	NRRL3_04477
jgi|Aspni_NRRL3_1|4478|NRRL3_04478	NRRL3_04478
jgi|Aspni_NRRL3_1|4479|NRRL3_04479	NRRL3_04479
jgi|Aspni_NRRL3_1|4480|NRRL3_04480	NRRL3_04480
jgi|Aspni_NRRL3_1|4481|NRRL3_04481	NRRL3_04481
jgi|Aspni_NRRL3_1|4482|NRRL3_04482	NRRL3_04482
jgi|Aspni_NRRL3_1|4483|NRRL3_04483	NRRL3_04483
jgi|Aspni_NRRL3_1|4484|NRRL3_04484	NRRL3_04484
jgi|Aspni_NRRL3_1|4485|NRRL3_04485	NRRL3_04485
jgi|Aspni_NRRL3_1|4486|NRRL3_04486	NRRL3_04486
jgi|Aspni_NRRL3_1|4487|NRRL3_04487	NRRL3_04487
jgi|Aspni_NRRL3_1|4488|NRRL3_04488	NRRL3_04488
jgi|Aspni_NRRL3_1|4489|NRRL3_04489	NRRL3_04489
jgi|Aspni_NRRL3_1|4490|NRRL3_04490	NRRL3_04490
jgi|Aspni_NRRL3_1|4491|NRRL3_04491	NRRL3_04491
jgi|Aspni_NRRL3_1|4492|NRRL3_04492	NRRL3_04492
jgi|Aspni_NRRL3_1|4493|NRRL3_04493	NRRL3_04493
jgi|Aspni_NRRL3_1|4494|NRRL3_04494	NRRL3_04494
jgi|Aspni_NRRL3_1|4495|NRRL3_04495	NRRL3_04495
jgi|Aspni_NRRL3_1|4496|NRRL3_04496	NRRL3_04496
jgi|Aspni_NRRL3_1|4497|NRRL3_04497	NRRL3_04497
jgi|Aspni_NRRL3_1|4498|NRRL3_04498	NRRL3_04498
jgi|Aspni_NRRL3_1|4499|NRRL3_04499	NRRL3_04499
jgi|Aspni_NRRL3_1|4500|NRRL3_04500	NRRL3_04500
jgi|Aspni_NRRL3_1|4501|NRRL3_04501	NRRL3_04501
jgi|Aspni_NRRL3_1|4502|NRRL3_04502	NRRL3_04502
jgi|Aspni_NRRL3_1|4503|NRRL3_04503	NRRL3_04503
jgi|Aspni_NRRL3_1|4504|NRRL3_04504	NRRL3_04504
jgi|Aspni_NRRL3_1|4505|NRRL3_04505	NRRL3_04505
jgi|Aspni_NRRL3_1|4506|NRRL3_04506	NRRL3_04506
jgi|Aspni_NRRL3_1|4507|NRRL3_04507	NRRL3_04507
jgi|Aspni_NRRL3_1|4508|NRRL3_04508	NRRL3_04508
jgi|Aspni_NRRL3_1|4509|NRRL3_04509	NRRL3_04509
jgi|Aspni_NRRL3_1|4510|NRRL3_04510	NRRL3_04510
jgi|Aspni_NRRL3_1|4511|NRRL3_04511	NRRL3_04511
jgi|Aspni_NRRL3_1|4512|NRRL3_04512	NRRL3_04512
jgi|Aspni_NRRL3_1|4513|NRRL3_04513	NRRL3_04513
jgi|Aspni_NRRL3_1|4514|NRRL3_04514	NRRL3_04514
jgi|Aspni_NRRL3_1|4515|NRRL3_04515	NRRL3_04515
jgi|Aspni_NRRL3_1|4516|NRRL3_04516	NRRL3_04516
jgi|Aspni_NRRL3_1|4517|NRRL3_04517	NRRL3_04517
jgi|Aspni_NRRL3_1|4518|NRRL3_04518	NRRL3_04518
jgi|Aspni_NRRL3_1|4519|NRRL3_04519	NRRL3_04519
jgi|Aspni_NRRL3_1|4520|NRRL3_04520	NRRL3_04520
jgi|Aspni_NRRL3_1|4521|NRRL3_04521	NRRL3_04521
jgi|Aspni_NRRL3_1|4522|NRRL3_04522	NRRL3_04522
jgi|Aspni_NRRL3_1|4523|NRRL3_04523	NRRL3_04523
jgi|Aspni_NRRL3_1|4524|NRRL3_04524	NRRL3_04524
jgi|Aspni_NRRL3_1|4525|NRRL3_04525	NRRL3_04525
jgi|Aspni_NRRL3_1|4526|NRRL3_04526	NRRL3_04526
jgi|Aspni_NRRL3_1|4527|NRRL3_04527	NRRL3_04527
jgi|Aspni_NRRL3_1|4528|NRRL3_04528	NRRL3_04528
jgi|Aspni_NRRL3_1|4529|NRRL3_04529	NRRL3_04529
jgi|Aspni_NRRL3_1|4530|NRRL3_04530	NRRL3_04530
jgi|Aspni_NRRL3_1|4531|NRRL3_04531	NRRL3_04531
jgi|Aspni_NRRL3_1|4532|NRRL3_04532	NRRL3_04532
jgi|Aspni_NRRL3_1|4533|NRRL3_04533	NRRL3_04533
jgi|Aspni_NRRL3_1|4534|NRRL3_04534	NRRL3_04534
jgi|Aspni_NRRL3_1|4535|NRRL3_04535	NRRL3_04535
jgi|Aspni_NRRL3_1|4536|NRRL3_04536	NRRL3_04536
jgi|Aspni_NRRL3_1|4537|NRRL3_04537	NRRL3_04537
jgi|Aspni_NRRL3_1|4538|NRRL3_04538	NRRL3_04538
jgi|Aspni_NRRL3_1|4539|NRRL3_04539	NRRL3_04539
jgi|Aspni_NRRL3_1|4540|NRRL3_04540	NRRL3_04540
jgi|Aspni_NRRL3_1|4541|NRRL3_04541	NRRL3_04541
jgi|Aspni_NRRL3_1|4542|NRRL3_04542	NRRL3_04542
jgi|Aspni_NRRL3_1|4543|NRRL3_04543	NRRL3_04543
jgi|Aspni_NRRL3_1|4544|NRRL3_04544	NRRL3_04544
jgi|Aspni_NRRL3_1|4545|NRRL3_04545	NRRL3_04545
jgi|Aspni_NRRL3_1|4546|NRRL3_04546	NRRL3_04546
jgi|Aspni_NRRL3_1|4547|NRRL3_04547	NRRL3_04547
jgi|Aspni_NRRL3_1|4548|NRRL3_04548	NRRL3_04548
jgi|Aspni_NRRL3_1|4549|NRRL3_04549	NRRL3_04549
jgi|Aspni_NRRL3_1|4550|NRRL3_04550	NRRL3_04550
jgi|Aspni_NRRL3_1|4551|NRRL3_04551	NRRL3_04551
jgi|Aspni_NRRL3_1|4552|NRRL3_04552	NRRL3_04552
jgi|Aspni_NRRL3_1|4553|NRRL3_04553	NRRL3_04553
jgi|Aspni_NRRL3_1|4554|NRRL3_04554	NRRL3_04554
jgi|Aspni_NRRL3_1|4555|NRRL3_04555	NRRL3_04555
jgi|Aspni_NRRL3_1|4556|NRRL3_04556	NRRL3_04556
jgi|Aspni_NRRL3_1|4557|NRRL3_04557	NRRL3_04557
jgi|Aspni_NRRL3_1|4558|NRRL3_04558	NRRL3_04558
jgi|Aspni_NRRL3_1|4559|NRRL3_04559	NRRL3_04559
jgi|Aspni_NRRL3_1|4560|NRRL3_04560	NRRL3_04560
jgi|Aspni_NRRL3_1|4561|NRRL3_04561	NRRL3_04561
jgi|Aspni_NRRL3_1|4562|NRRL3_04562	NRRL3_04562
jgi|Aspni_NRRL3_1|4563|NRRL3_04563	NRRL3_04563
jgi|Aspni_NRRL3_1|4564|NRRL3_04564	NRRL3_04564
jgi|Aspni_NRRL3_1|4565|NRRL3_04565	NRRL3_04565
jgi|Aspni_NRRL3_1|4566|NRRL3_04566	NRRL3_04566
jgi|Aspni_NRRL3_1|4567|NRRL3_04567	NRRL3_04567
jgi|Aspni_NRRL3_1|4568|NRRL3_04568	NRRL3_04568
jgi|Aspni_NRRL3_1|4569|NRRL3_04569	NRRL3_04569
jgi|Aspni_NRRL3_1|4570|NRRL3_04570	NRRL3_04570
jgi|Aspni_NRRL3_1|4571|NRRL3_04571	NRRL3_04571
jgi|Aspni_NRRL3_1|4572|NRRL3_04572	NRRL3_04572
jgi|Aspni_NRRL3_1|4573|NRRL3_04573	NRRL3_04573
jgi|Aspni_NRRL3_1|4574|NRRL3_04574	NRRL3_04574
jgi|Aspni_NRRL3_1|4575|NRRL3_04575	NRRL3_04575
jgi|Aspni_NRRL3_1|4576|NRRL3_04576	NRRL3_04576
jgi|Aspni_NRRL3_1|4577|NRRL3_04577	NRRL3_04577
jgi|Aspni_NRRL3_1|4578|NRRL3_04578	NRRL3_04578
jgi|Aspni_NRRL3_1|4579|NRRL3_04579	NRRL3_04579
jgi|Aspni_NRRL3_1|4580|NRRL3_04580	NRRL3_04580
jgi|Aspni_NRRL3_1|4581|NRRL3_04581	NRRL3_04581
jgi|Aspni_NRRL3_1|4582|NRRL3_04582	NRRL3_04582
jgi|Aspni_NRRL3_1|4583|NRRL3_04583	NRRL3_04583
jgi|Aspni_NRRL3_1|4584|NRRL3_04584	NRRL3_04584
jgi|Aspni_NRRL3_1|4585|NRRL3_04585	NRRL3_04585
jgi|Aspni_NRRL3_1|4586|NRRL3_04586	NRRL3_04586
jgi|Aspni_NRRL3_1|4587|NRRL3_04587	NRRL3_04587
jgi|Aspni_NRRL3_1|4588|NRRL3_04588	NRRL3_04588
jgi|Aspni_NRRL3_1|4589|NRRL3_04589	NRRL3_04589
jgi|Aspni_NRRL3_1|4590|NRRL3_04590	NRRL3_04590
jgi|Aspni_NRRL3_1|4591|NRRL3_04591	NRRL3_04591
jgi|Aspni_NRRL3_1|4592|NRRL3_04592	NRRL3_04592
jgi|Aspni_NRRL3_1|4593|NRRL3_04593	NRRL3_04593
jgi|Aspni_NRRL3_1|4594|NRRL3_04594	NRRL3_04594
jgi|Aspni_NRRL3_1|4595|NRRL3_04595	NRRL3_04595
jgi|Aspni_NRRL3_1|4596|NRRL3_04596	NRRL3_04596
jgi|Aspni_NRRL3_1|4597|NRRL3_04597	NRRL3_04597
jgi|Aspni_NRRL3_1|4598|NRRL3_04598	NRRL3_04598
jgi|Aspni_NRRL3_1|4599|NRRL3_04599	NRRL3_04599
jgi|Aspni_NRRL3_1|4600|NRRL3_04600	NRRL3_04600
jgi|Aspni_NRRL3_1|4601|NRRL3_04601	NRRL3_04601
jgi|Aspni_NRRL3_1|4602|NRRL3_04602	NRRL3_04602
jgi|Aspni_NRRL3_1|4603|NRRL3_04603	NRRL3_04603
jgi|Aspni_NRRL3_1|4604|NRRL3_04604	NRRL3_04604
jgi|Aspni_NRRL3_1|4605|NRRL3_04605	NRRL3_04605
jgi|Aspni_NRRL3_1|4606|NRRL3_04606	NRRL3_04606
jgi|Aspni_NRRL3_1|4607|NRRL3_04607	NRRL3_04607
jgi|Aspni_NRRL3_1|4608|NRRL3_04608	NRRL3_04608
jgi|Aspni_NRRL3_1|4609|NRRL3_04609	NRRL3_04609
jgi|Aspni_NRRL3_1|4610|NRRL3_04610	NRRL3_04610
jgi|Aspni_NRRL3_1|4611|NRRL3_04611	NRRL3_04611
jgi|Aspni_NRRL3_1|4612|NRRL3_04612	NRRL3_04612
jgi|Aspni_NRRL3_1|4613|NRRL3_04613	NRRL3_04613
jgi|Aspni_NRRL3_1|4614|NRRL3_04614	NRRL3_04614
jgi|Aspni_NRRL3_1|4615|NRRL3_04615	NRRL3_04615
jgi|Aspni_NRRL3_1|4616|NRRL3_04616	NRRL3_04616
jgi|Aspni_NRRL3_1|4617|NRRL3_04617	NRRL3_04617
jgi|Aspni_NRRL3_1|4618|NRRL3_04618	NRRL3_04618
jgi|Aspni_NRRL3_1|4619|NRRL3_04619	NRRL3_04619
jgi|Aspni_NRRL3_1|4620|NRRL3_04620	NRRL3_04620
jgi|Aspni_NRRL3_1|4621|NRRL3_04621	NRRL3_04621
jgi|Aspni_NRRL3_1|4622|NRRL3_04622	NRRL3_04622
jgi|Aspni_NRRL3_1|4623|NRRL3_04623	NRRL3_04623
jgi|Aspni_NRRL3_1|4624|NRRL3_04624	NRRL3_04624
jgi|Aspni_NRRL3_1|4625|NRRL3_04625	NRRL3_04625
jgi|Aspni_NRRL3_1|4626|NRRL3_04626	NRRL3_04626
jgi|Aspni_NRRL3_1|4627|NRRL3_04627	NRRL3_04627
jgi|Aspni_NRRL3_1|4628|NRRL3_04628	NRRL3_04628
jgi|Aspni_NRRL3_1|4629|NRRL3_04629	NRRL3_04629
jgi|Aspni_NRRL3_1|4630|NRRL3_04630	NRRL3_04630
jgi|Aspni_NRRL3_1|4631|NRRL3_04631	NRRL3_04631
jgi|Aspni_NRRL3_1|4632|NRRL3_04632	NRRL3_04632
jgi|Aspni_NRRL3_1|4633|NRRL3_04633	NRRL3_04633
jgi|Aspni_NRRL3_1|4634|NRRL3_04634	NRRL3_04634
jgi|Aspni_NRRL3_1|4635|NRRL3_04635	NRRL3_04635
jgi|Aspni_NRRL3_1|4636|NRRL3_04636	NRRL3_04636
jgi|Aspni_NRRL3_1|4637|NRRL3_04637	NRRL3_04637
jgi|Aspni_NRRL3_1|4638|NRRL3_04638	NRRL3_04638
jgi|Aspni_NRRL3_1|4639|NRRL3_04639	NRRL3_04639
jgi|Aspni_NRRL3_1|4640|NRRL3_04640	NRRL3_04640
jgi|Aspni_NRRL3_1|4641|NRRL3_04641	NRRL3_04641
jgi|Aspni_NRRL3_1|4642|NRRL3_04642	NRRL3_04642
jgi|Aspni_NRRL3_1|4643|NRRL3_04643	NRRL3_04643
jgi|Aspni_NRRL3_1|4644|NRRL3_04644	NRRL3_04644
jgi|Aspni_NRRL3_1|4645|NRRL3_04645	NRRL3_04645
jgi|Aspni_NRRL3_1|4646|NRRL3_04646	NRRL3_04646
jgi|Aspni_NRRL3_1|4647|NRRL3_04647	NRRL3_04647
jgi|Aspni_NRRL3_1|4648|NRRL3_04648	NRRL3_04648
jgi|Aspni_NRRL3_1|4649|NRRL3_04649	NRRL3_04649
jgi|Aspni_NRRL3_1|4650|NRRL3_04650	NRRL3_04650
jgi|Aspni_NRRL3_1|4651|NRRL3_04651	NRRL3_04651
jgi|Aspni_NRRL3_1|4652|NRRL3_04652	NRRL3_04652
jgi|Aspni_NRRL3_1|4653|NRRL3_04653	NRRL3_04653
jgi|Aspni_NRRL3_1|4654|NRRL3_04654	NRRL3_04654
jgi|Aspni_NRRL3_1|4655|NRRL3_04655	NRRL3_04655
jgi|Aspni_NRRL3_1|4656|NRRL3_04656	NRRL3_04656
jgi|Aspni_NRRL3_1|4657|NRRL3_04657	NRRL3_04657
jgi|Aspni_NRRL3_1|4658|NRRL3_04658	NRRL3_04658
jgi|Aspni_NRRL3_1|4659|NRRL3_04659	NRRL3_04659
jgi|Aspni_NRRL3_1|4660|NRRL3_04660	NRRL3_04660
jgi|Aspni_NRRL3_1|4661|NRRL3_04661	NRRL3_04661
jgi|Aspni_NRRL3_1|4662|NRRL3_04662	NRRL3_04662
jgi|Aspni_NRRL3_1|4663|NRRL3_04663	NRRL3_04663
jgi|Aspni_NRRL3_1|4664|NRRL3_04664	NRRL3_04664
jgi|Aspni_NRRL3_1|4665|NRRL3_04665	NRRL3_04665
jgi|Aspni_NRRL3_1|4666|NRRL3_04666	NRRL3_04666
jgi|Aspni_NRRL3_1|4667|NRRL3_04667	NRRL3_04667
jgi|Aspni_NRRL3_1|4668|NRRL3_04668	NRRL3_04668
jgi|Aspni_NRRL3_1|4669|NRRL3_04669	NRRL3_04669
jgi|Aspni_NRRL3_1|4670|NRRL3_04670	NRRL3_04670
jgi|Aspni_NRRL3_1|4671|NRRL3_04671	NRRL3_04671
jgi|Aspni_NRRL3_1|4672|NRRL3_04672	NRRL3_04672
jgi|Aspni_NRRL3_1|4673|NRRL3_04673	NRRL3_04673
jgi|Aspni_NRRL3_1|4674|NRRL3_04674	NRRL3_04674
jgi|Aspni_NRRL3_1|4675|NRRL3_04675	NRRL3_04675
jgi|Aspni_NRRL3_1|4676|NRRL3_04676	NRRL3_04676
jgi|Aspni_NRRL3_1|4677|NRRL3_04677	NRRL3_04677
jgi|Aspni_NRRL3_1|4678|NRRL3_04678	NRRL3_04678
jgi|Aspni_NRRL3_1|4679|NRRL3_04679	NRRL3_04679
jgi|Aspni_NRRL3_1|4680|NRRL3_04680	NRRL3_04680
jgi|Aspni_NRRL3_1|4681|NRRL3_04681	NRRL3_04681
jgi|Aspni_NRRL3_1|4682|NRRL3_04682	NRRL3_04682
jgi|Aspni_NRRL3_1|4683|NRRL3_04683	NRRL3_04683
jgi|Aspni_NRRL3_1|4684|NRRL3_04684	NRRL3_04684
jgi|Aspni_NRRL3_1|4685|NRRL3_04685	NRRL3_04685
jgi|Aspni_NRRL3_1|4686|NRRL3_04686	NRRL3_04686
jgi|Aspni_NRRL3_1|4687|NRRL3_04687	NRRL3_04687
jgi|Aspni_NRRL3_1|4688|NRRL3_04688	NRRL3_04688
jgi|Aspni_NRRL3_1|4689|NRRL3_04689	NRRL3_04689
jgi|Aspni_NRRL3_1|4690|NRRL3_04690	NRRL3_04690
jgi|Aspni_NRRL3_1|4691|NRRL3_04691	NRRL3_04691
jgi|Aspni_NRRL3_1|4692|NRRL3_04692	NRRL3_04692
jgi|Aspni_NRRL3_1|4693|NRRL3_04693	NRRL3_04693
jgi|Aspni_NRRL3_1|4694|NRRL3_04694	NRRL3_04694
jgi|Aspni_NRRL3_1|4695|NRRL3_04695	NRRL3_04695
jgi|Aspni_NRRL3_1|4696|NRRL3_04696	NRRL3_04696
jgi|Aspni_NRRL3_1|4697|NRRL3_04697	NRRL3_04697
jgi|Aspni_NRRL3_1|4698|NRRL3_04698	NRRL3_04698
jgi|Aspni_NRRL3_1|4699|NRRL3_04699	NRRL3_04699
jgi|Aspni_NRRL3_1|4700|NRRL3_04700	NRRL3_04700
jgi|Aspni_NRRL3_1|4701|NRRL3_04701	NRRL3_04701
jgi|Aspni_NRRL3_1|4702|NRRL3_04702	NRRL3_04702
jgi|Aspni_NRRL3_1|4703|NRRL3_04703	NRRL3_04703
jgi|Aspni_NRRL3_1|4704|NRRL3_04704	NRRL3_04704
jgi|Aspni_NRRL3_1|4705|NRRL3_04705	NRRL3_04705
jgi|Aspni_NRRL3_1|4706|NRRL3_04706	NRRL3_04706
jgi|Aspni_NRRL3_1|4707|NRRL3_04707	NRRL3_04707
jgi|Aspni_NRRL3_1|4708|NRRL3_04708	NRRL3_04708
jgi|Aspni_NRRL3_1|4709|NRRL3_04709	NRRL3_04709
jgi|Aspni_NRRL3_1|4710|NRRL3_04710	NRRL3_04710
jgi|Aspni_NRRL3_1|4711|NRRL3_04711	NRRL3_04711
jgi|Aspni_NRRL3_1|4712|NRRL3_04712	NRRL3_04712
jgi|Aspni_NRRL3_1|4713|NRRL3_04713	NRRL3_04713
jgi|Aspni_NRRL3_1|4714|NRRL3_04714	NRRL3_04714
jgi|Aspni_NRRL3_1|4715|NRRL3_04715	NRRL3_04715
jgi|Aspni_NRRL3_1|4716|NRRL3_04716	NRRL3_04716
jgi|Aspni_NRRL3_1|4717|NRRL3_04717	NRRL3_04717
jgi|Aspni_NRRL3_1|4718|NRRL3_04718	NRRL3_04718
jgi|Aspni_NRRL3_1|4719|NRRL3_04719	NRRL3_04719
jgi|Aspni_NRRL3_1|4720|NRRL3_04720	NRRL3_04720
jgi|Aspni_NRRL3_1|4721|NRRL3_04721	NRRL3_04721
jgi|Aspni_NRRL3_1|4722|NRRL3_04722	NRRL3_04722
jgi|Aspni_NRRL3_1|4723|NRRL3_04723	NRRL3_04723
jgi|Aspni_NRRL3_1|4724|NRRL3_04724	NRRL3_04724
jgi|Aspni_NRRL3_1|4725|NRRL3_04725	NRRL3_04725
jgi|Aspni_NRRL3_1|4726|NRRL3_04726	NRRL3_04726
jgi|Aspni_NRRL3_1|4727|NRRL3_04727	NRRL3_04727
jgi|Aspni_NRRL3_1|4728|NRRL3_04728	NRRL3_04728
jgi|Aspni_NRRL3_1|4729|NRRL3_04729	NRRL3_04729
jgi|Aspni_NRRL3_1|4730|NRRL3_04730	NRRL3_04730
jgi|Aspni_NRRL3_1|4731|NRRL3_04731	NRRL3_04731
jgi|Aspni_NRRL3_1|4732|NRRL3_04732	NRRL3_04732
jgi|Aspni_NRRL3_1|4733|NRRL3_04733	NRRL3_04733
jgi|Aspni_NRRL3_1|4734|NRRL3_04734	NRRL3_04734
jgi|Aspni_NRRL3_1|4735|NRRL3_04735	NRRL3_04735
jgi|Aspni_NRRL3_1|4736|NRRL3_04736	NRRL3_04736
jgi|Aspni_NRRL3_1|4737|NRRL3_04737	NRRL3_04737
jgi|Aspni_NRRL3_1|4738|NRRL3_04738	NRRL3_04738
jgi|Aspni_NRRL3_1|4739|NRRL3_04739	NRRL3_04739
jgi|Aspni_NRRL3_1|4740|NRRL3_04740	NRRL3_04740
jgi|Aspni_NRRL3_1|4741|NRRL3_04741	NRRL3_04741
jgi|Aspni_NRRL3_1|4742|NRRL3_04742	NRRL3_04742
jgi|Aspni_NRRL3_1|4743|NRRL3_04743	NRRL3_04743
jgi|Aspni_NRRL3_1|4744|NRRL3_04744	NRRL3_04744
jgi|Aspni_NRRL3_1|4745|NRRL3_04745	NRRL3_04745
jgi|Aspni_NRRL3_1|4746|NRRL3_04746	NRRL3_04746
jgi|Aspni_NRRL3_1|4747|NRRL3_04747	NRRL3_04747
jgi|Aspni_NRRL3_1|4748|NRRL3_04748	NRRL3_04748
jgi|Aspni_NRRL3_1|4749|NRRL3_04749	NRRL3_04749
jgi|Aspni_NRRL3_1|4750|NRRL3_04750	NRRL3_04750
jgi|Aspni_NRRL3_1|4751|NRRL3_04751	NRRL3_04751
jgi|Aspni_NRRL3_1|4752|NRRL3_04752	NRRL3_04752
jgi|Aspni_NRRL3_1|4753|NRRL3_04753	NRRL3_04753
jgi|Aspni_NRRL3_1|4754|NRRL3_04754	NRRL3_04754
jgi|Aspni_NRRL3_1|4755|NRRL3_04755	NRRL3_04755
jgi|Aspni_NRRL3_1|4756|NRRL3_04756	NRRL3_04756
jgi|Aspni_NRRL3_1|4757|NRRL3_04757	NRRL3_04757
jgi|Aspni_NRRL3_1|4758|NRRL3_04758	NRRL3_04758
jgi|Aspni_NRRL3_1|4759|NRRL3_04759	NRRL3_04759
jgi|Aspni_NRRL3_1|4760|NRRL3_04760	NRRL3_04760
jgi|Aspni_NRRL3_1|4761|NRRL3_04761	NRRL3_04761
jgi|Aspni_NRRL3_1|4762|NRRL3_04762	NRRL3_04762
jgi|Aspni_NRRL3_1|4763|NRRL3_04763	NRRL3_04763
jgi|Aspni_NRRL3_1|4764|NRRL3_04764	NRRL3_04764
jgi|Aspni_NRRL3_1|4765|NRRL3_04765	NRRL3_04765
jgi|Aspni_NRRL3_1|4766|NRRL3_04766	NRRL3_04766
jgi|Aspni_NRRL3_1|4767|NRRL3_04767	NRRL3_04767
jgi|Aspni_NRRL3_1|4768|NRRL3_04768	NRRL3_04768
jgi|Aspni_NRRL3_1|4769|NRRL3_04769	NRRL3_04769
jgi|Aspni_NRRL3_1|4770|NRRL3_04770	NRRL3_04770
jgi|Aspni_NRRL3_1|4771|NRRL3_04771	NRRL3_04771
jgi|Aspni_NRRL3_1|4772|NRRL3_04772	NRRL3_04772
jgi|Aspni_NRRL3_1|4773|NRRL3_04773	NRRL3_04773
jgi|Aspni_NRRL3_1|4774|NRRL3_04774	NRRL3_04774
jgi|Aspni_NRRL3_1|4775|NRRL3_04775	NRRL3_04775
jgi|Aspni_NRRL3_1|4776|NRRL3_04776	NRRL3_04776
jgi|Aspni_NRRL3_1|4777|NRRL3_04777	NRRL3_04777
jgi|Aspni_NRRL3_1|4778|NRRL3_04778	NRRL3_04778
jgi|Aspni_NRRL3_1|4779|NRRL3_04779	NRRL3_04779
jgi|Aspni_NRRL3_1|4780|NRRL3_04780	NRRL3_04780
jgi|Aspni_NRRL3_1|4781|NRRL3_04781	NRRL3_04781
jgi|Aspni_NRRL3_1|4782|NRRL3_04782	NRRL3_04782
jgi|Aspni_NRRL3_1|4783|NRRL3_04783	NRRL3_04783
jgi|Aspni_NRRL3_1|4784|NRRL3_04784	NRRL3_04784
jgi|Aspni_NRRL3_1|4785|NRRL3_04785	NRRL3_04785
jgi|Aspni_NRRL3_1|4786|NRRL3_04786	NRRL3_04786
jgi|Aspni_NRRL3_1|4787|NRRL3_04787	NRRL3_04787
jgi|Aspni_NRRL3_1|4788|NRRL3_04788	NRRL3_04788
jgi|Aspni_NRRL3_1|4789|NRRL3_04789	NRRL3_04789
jgi|Aspni_NRRL3_1|4790|NRRL3_04790	NRRL3_04790
jgi|Aspni_NRRL3_1|4791|NRRL3_04791	NRRL3_04791
jgi|Aspni_NRRL3_1|4792|NRRL3_04792	NRRL3_04792
jgi|Aspni_NRRL3_1|4793|NRRL3_04793	NRRL3_04793
jgi|Aspni_NRRL3_1|4794|NRRL3_04794	NRRL3_04794
jgi|Aspni_NRRL3_1|4795|NRRL3_04795	NRRL3_04795
jgi|Aspni_NRRL3_1|4796|NRRL3_04796	NRRL3_04796
jgi|Aspni_NRRL3_1|4797|NRRL3_04797	NRRL3_04797
jgi|Aspni_NRRL3_1|4798|NRRL3_04798	NRRL3_04798
jgi|Aspni_NRRL3_1|4799|NRRL3_04799	NRRL3_04799
jgi|Aspni_NRRL3_1|4800|NRRL3_04800	NRRL3_04800
jgi|Aspni_NRRL3_1|4801|NRRL3_04801	NRRL3_04801
jgi|Aspni_NRRL3_1|4802|NRRL3_04802	NRRL3_04802
jgi|Aspni_NRRL3_1|4803|NRRL3_04803	NRRL3_04803
jgi|Aspni_NRRL3_1|4804|NRRL3_04804	NRRL3_04804
jgi|Aspni_NRRL3_1|4805|NRRL3_04805	NRRL3_04805
jgi|Aspni_NRRL3_1|4806|NRRL3_04806	NRRL3_04806
jgi|Aspni_NRRL3_1|4807|NRRL3_04807	NRRL3_04807
jgi|Aspni_NRRL3_1|4808|NRRL3_04808	NRRL3_04808
jgi|Aspni_NRRL3_1|4809|NRRL3_04809	NRRL3_04809
jgi|Aspni_NRRL3_1|4810|NRRL3_04810	NRRL3_04810
jgi|Aspni_NRRL3_1|4811|NRRL3_04811	NRRL3_04811
jgi|Aspni_NRRL3_1|4812|NRRL3_04812	NRRL3_04812
jgi|Aspni_NRRL3_1|4813|NRRL3_04813	NRRL3_04813
jgi|Aspni_NRRL3_1|4814|NRRL3_04814	NRRL3_04814
jgi|Aspni_NRRL3_1|4815|NRRL3_04815	NRRL3_04815
jgi|Aspni_NRRL3_1|4816|NRRL3_04816	NRRL3_04816
jgi|Aspni_NRRL3_1|4817|NRRL3_04817	NRRL3_04817
jgi|Aspni_NRRL3_1|4818|NRRL3_04818	NRRL3_04818
jgi|Aspni_NRRL3_1|4819|NRRL3_04819	NRRL3_04819
jgi|Aspni_NRRL3_1|4820|NRRL3_04820	NRRL3_04820
jgi|Aspni_NRRL3_1|4821|NRRL3_04821	NRRL3_04821
jgi|Aspni_NRRL3_1|4822|NRRL3_04822	NRRL3_04822
jgi|Aspni_NRRL3_1|4823|NRRL3_04823	NRRL3_04823
jgi|Aspni_NRRL3_1|4824|NRRL3_04824	NRRL3_04824
jgi|Aspni_NRRL3_1|4825|NRRL3_04825	NRRL3_04825
jgi|Aspni_NRRL3_1|4826|NRRL3_04826	NRRL3_04826
jgi|Aspni_NRRL3_1|4827|NRRL3_04827	NRRL3_04827
jgi|Aspni_NRRL3_1|4828|NRRL3_04828	NRRL3_04828
jgi|Aspni_NRRL3_1|4829|NRRL3_04829	NRRL3_04829
jgi|Aspni_NRRL3_1|4830|NRRL3_04830	NRRL3_04830
jgi|Aspni_NRRL3_1|4831|NRRL3_04831	NRRL3_04831
jgi|Aspni_NRRL3_1|4832|NRRL3_04832	NRRL3_04832
jgi|Aspni_NRRL3_1|4833|NRRL3_04833	NRRL3_04833
jgi|Aspni_NRRL3_1|4834|NRRL3_04834	NRRL3_04834
jgi|Aspni_NRRL3_1|4835|NRRL3_04835	NRRL3_04835
jgi|Aspni_NRRL3_1|4836|NRRL3_04836	NRRL3_04836
jgi|Aspni_NRRL3_1|4837|NRRL3_04837	NRRL3_04837
jgi|Aspni_NRRL3_1|4838|NRRL3_04838	NRRL3_04838
jgi|Aspni_NRRL3_1|4839|NRRL3_04839	NRRL3_04839
jgi|Aspni_NRRL3_1|4840|NRRL3_04840	NRRL3_04840
jgi|Aspni_NRRL3_1|4841|NRRL3_04841	NRRL3_04841
jgi|Aspni_NRRL3_1|4842|NRRL3_04842	NRRL3_04842
jgi|Aspni_NRRL3_1|4843|NRRL3_04843	NRRL3_04843
jgi|Aspni_NRRL3_1|4844|NRRL3_04844	NRRL3_04844
jgi|Aspni_NRRL3_1|4845|NRRL3_04845	NRRL3_04845
jgi|Aspni_NRRL3_1|4846|NRRL3_04846	NRRL3_04846
jgi|Aspni_NRRL3_1|4847|NRRL3_04847	NRRL3_04847
jgi|Aspni_NRRL3_1|4848|NRRL3_04848	NRRL3_04848
jgi|Aspni_NRRL3_1|4849|NRRL3_04849	NRRL3_04849
jgi|Aspni_NRRL3_1|4850|NRRL3_04850	NRRL3_04850
jgi|Aspni_NRRL3_1|4851|NRRL3_04851	NRRL3_04851
jgi|Aspni_NRRL3_1|4852|NRRL3_04852	NRRL3_04852
jgi|Aspni_NRRL3_1|4853|NRRL3_04853	NRRL3_04853
jgi|Aspni_NRRL3_1|4854|NRRL3_04854	NRRL3_04854
jgi|Aspni_NRRL3_1|4855|NRRL3_04855	NRRL3_04855
jgi|Aspni_NRRL3_1|4856|NRRL3_04856	NRRL3_04856
jgi|Aspni_NRRL3_1|4857|NRRL3_04857	NRRL3_04857
jgi|Aspni_NRRL3_1|4858|NRRL3_04858	NRRL3_04858
jgi|Aspni_NRRL3_1|4859|NRRL3_04859	NRRL3_04859
jgi|Aspni_NRRL3_1|4860|NRRL3_04860	NRRL3_04860
jgi|Aspni_NRRL3_1|4861|NRRL3_04861	NRRL3_04861
jgi|Aspni_NRRL3_1|4862|NRRL3_04862	NRRL3_04862
jgi|Aspni_NRRL3_1|4863|NRRL3_04863	NRRL3_04863
jgi|Aspni_NRRL3_1|4864|NRRL3_04864	NRRL3_04864
jgi|Aspni_NRRL3_1|4865|NRRL3_04865	NRRL3_04865
jgi|Aspni_NRRL3_1|4866|NRRL3_04866	NRRL3_04866
jgi|Aspni_NRRL3_1|4867|NRRL3_04867	NRRL3_04867
jgi|Aspni_NRRL3_1|4868|NRRL3_04868	NRRL3_04868
jgi|Aspni_NRRL3_1|4869|NRRL3_04869	NRRL3_04869
jgi|Aspni_NRRL3_1|4870|NRRL3_04870	NRRL3_04870
jgi|Aspni_NRRL3_1|4871|NRRL3_04871	NRRL3_04871
jgi|Aspni_NRRL3_1|4872|NRRL3_04872	NRRL3_04872
jgi|Aspni_NRRL3_1|4873|NRRL3_04873	NRRL3_04873
jgi|Aspni_NRRL3_1|4874|NRRL3_04874	NRRL3_04874
jgi|Aspni_NRRL3_1|4875|NRRL3_04875	NRRL3_04875
jgi|Aspni_NRRL3_1|4876|NRRL3_04876	NRRL3_04876
jgi|Aspni_NRRL3_1|4877|NRRL3_04877	NRRL3_04877
jgi|Aspni_NRRL3_1|4878|NRRL3_04878	NRRL3_04878
jgi|Aspni_NRRL3_1|4879|NRRL3_04879	NRRL3_04879
jgi|Aspni_NRRL3_1|4880|NRRL3_04880	NRRL3_04880
jgi|Aspni_NRRL3_1|4881|NRRL3_04881	NRRL3_04881
jgi|Aspni_NRRL3_1|4882|NRRL3_04882	NRRL3_04882
jgi|Aspni_NRRL3_1|4883|NRRL3_04883	NRRL3_04883
jgi|Aspni_NRRL3_1|4884|NRRL3_04884	NRRL3_04884
jgi|Aspni_NRRL3_1|4885|NRRL3_04885	NRRL3_04885
jgi|Aspni_NRRL3_1|4886|NRRL3_04886	NRRL3_04886
jgi|Aspni_NRRL3_1|4887|NRRL3_04887	NRRL3_04887
jgi|Aspni_NRRL3_1|4888|NRRL3_04888	NRRL3_04888
jgi|Aspni_NRRL3_1|4889|NRRL3_04889	NRRL3_04889
jgi|Aspni_NRRL3_1|4890|NRRL3_04890	NRRL3_04890
jgi|Aspni_NRRL3_1|4891|NRRL3_04891	NRRL3_04891
jgi|Aspni_NRRL3_1|4892|NRRL3_04892	NRRL3_04892
jgi|Aspni_NRRL3_1|4893|NRRL3_04893	NRRL3_04893
jgi|Aspni_NRRL3_1|4894|NRRL3_04894	NRRL3_04894
jgi|Aspni_NRRL3_1|4895|NRRL3_04895	NRRL3_04895
jgi|Aspni_NRRL3_1|4896|NRRL3_04896	NRRL3_04896
jgi|Aspni_NRRL3_1|4897|NRRL3_04897	NRRL3_04897
jgi|Aspni_NRRL3_1|4898|NRRL3_04898	NRRL3_04898
jgi|Aspni_NRRL3_1|4899|NRRL3_04899	NRRL3_04899
jgi|Aspni_NRRL3_1|4900|NRRL3_04900	NRRL3_04900
jgi|Aspni_NRRL3_1|4901|NRRL3_04901	NRRL3_04901
jgi|Aspni_NRRL3_1|4902|NRRL3_04902	NRRL3_04902
jgi|Aspni_NRRL3_1|4903|NRRL3_04903	NRRL3_04903
jgi|Aspni_NRRL3_1|4904|NRRL3_04904	NRRL3_04904
jgi|Aspni_NRRL3_1|4905|NRRL3_04905	NRRL3_04905
jgi|Aspni_NRRL3_1|4906|NRRL3_04906	NRRL3_04906
jgi|Aspni_NRRL3_1|4907|NRRL3_04907	NRRL3_04907
jgi|Aspni_NRRL3_1|4908|NRRL3_04908	NRRL3_04908
jgi|Aspni_NRRL3_1|4909|NRRL3_04909	NRRL3_04909
jgi|Aspni_NRRL3_1|4910|NRRL3_04910	NRRL3_04910
jgi|Aspni_NRRL3_1|4911|NRRL3_04911	NRRL3_04911
jgi|Aspni_NRRL3_1|4912|NRRL3_04912	NRRL3_04912
jgi|Aspni_NRRL3_1|4913|NRRL3_04913	NRRL3_04913
jgi|Aspni_NRRL3_1|4914|NRRL3_04914	NRRL3_04914
jgi|Aspni_NRRL3_1|4915|NRRL3_04915	NRRL3_04915
jgi|Aspni_NRRL3_1|4916|NRRL3_04916	NRRL3_04916
jgi|Aspni_NRRL3_1|4917|NRRL3_04917	NRRL3_04917
jgi|Aspni_NRRL3_1|4918|NRRL3_04918	NRRL3_04918
jgi|Aspni_NRRL3_1|4919|NRRL3_04919	NRRL3_04919
jgi|Aspni_NRRL3_1|4920|NRRL3_04920	NRRL3_04920
jgi|Aspni_NRRL3_1|4921|NRRL3_04921	NRRL3_04921
jgi|Aspni_NRRL3_1|4922|NRRL3_04922	NRRL3_04922
jgi|Aspni_NRRL3_1|4923|NRRL3_04923	NRRL3_04923
jgi|Aspni_NRRL3_1|4924|NRRL3_04924	NRRL3_04924
jgi|Aspni_NRRL3_1|4925|NRRL3_04925	NRRL3_04925
jgi|Aspni_NRRL3_1|4926|NRRL3_04926	NRRL3_04926
jgi|Aspni_NRRL3_1|4927|NRRL3_04927	NRRL3_04927
jgi|Aspni_NRRL3_1|4928|NRRL3_04928	NRRL3_04928
jgi|Aspni_NRRL3_1|4929|NRRL3_04929	NRRL3_04929
jgi|Aspni_NRRL3_1|4930|NRRL3_04930	NRRL3_04930
jgi|Aspni_NRRL3_1|4931|NRRL3_04931	NRRL3_04931
jgi|Aspni_NRRL3_1|4932|NRRL3_04932	NRRL3_04932
jgi|Aspni_NRRL3_1|4933|NRRL3_04933	NRRL3_04933
jgi|Aspni_NRRL3_1|4934|NRRL3_04934	NRRL3_04934
jgi|Aspni_NRRL3_1|4935|NRRL3_04935	NRRL3_04935
jgi|Aspni_NRRL3_1|4936|NRRL3_04936	NRRL3_04936
jgi|Aspni_NRRL3_1|4937|NRRL3_04937	NRRL3_04937
jgi|Aspni_NRRL3_1|4938|NRRL3_04938	NRRL3_04938
jgi|Aspni_NRRL3_1|4939|NRRL3_04939	NRRL3_04939
jgi|Aspni_NRRL3_1|4940|NRRL3_04940	NRRL3_04940
jgi|Aspni_NRRL3_1|4941|NRRL3_04941	NRRL3_04941
jgi|Aspni_NRRL3_1|4942|NRRL3_04942	NRRL3_04942
jgi|Aspni_NRRL3_1|4943|NRRL3_04943	NRRL3_04943
jgi|Aspni_NRRL3_1|4944|NRRL3_04944	NRRL3_04944
jgi|Aspni_NRRL3_1|4945|NRRL3_04945	NRRL3_04945
jgi|Aspni_NRRL3_1|4946|NRRL3_04946	NRRL3_04946
jgi|Aspni_NRRL3_1|4947|NRRL3_04947	NRRL3_04947
jgi|Aspni_NRRL3_1|4948|NRRL3_04948	NRRL3_04948
jgi|Aspni_NRRL3_1|4949|NRRL3_04949	NRRL3_04949
jgi|Aspni_NRRL3_1|4950|NRRL3_04950	NRRL3_04950
jgi|Aspni_NRRL3_1|4951|NRRL3_04951	NRRL3_04951
jgi|Aspni_NRRL3_1|4952|NRRL3_04952	NRRL3_04952
jgi|Aspni_NRRL3_1|4953|NRRL3_04953	NRRL3_04953
jgi|Aspni_NRRL3_1|4954|NRRL3_04954	NRRL3_04954
jgi|Aspni_NRRL3_1|4955|NRRL3_04955	NRRL3_04955
jgi|Aspni_NRRL3_1|4956|NRRL3_04956	NRRL3_04956
jgi|Aspni_NRRL3_1|4957|NRRL3_04957	NRRL3_04957
jgi|Aspni_NRRL3_1|4958|NRRL3_04958	NRRL3_04958
jgi|Aspni_NRRL3_1|4959|NRRL3_04959	NRRL3_04959
jgi|Aspni_NRRL3_1|4960|NRRL3_04960	NRRL3_04960
jgi|Aspni_NRRL3_1|4961|NRRL3_04961	NRRL3_04961
jgi|Aspni_NRRL3_1|4962|NRRL3_04962	NRRL3_04962
jgi|Aspni_NRRL3_1|4963|NRRL3_04963	NRRL3_04963
jgi|Aspni_NRRL3_1|4964|NRRL3_04964	NRRL3_04964
jgi|Aspni_NRRL3_1|4965|NRRL3_04965	NRRL3_04965
jgi|Aspni_NRRL3_1|4966|NRRL3_04966	NRRL3_04966
jgi|Aspni_NRRL3_1|4967|NRRL3_04967	NRRL3_04967
jgi|Aspni_NRRL3_1|4968|NRRL3_04968	NRRL3_04968
jgi|Aspni_NRRL3_1|4969|NRRL3_04969	NRRL3_04969
jgi|Aspni_NRRL3_1|4970|NRRL3_04970	NRRL3_04970
jgi|Aspni_NRRL3_1|4971|NRRL3_04971	NRRL3_04971
jgi|Aspni_NRRL3_1|4972|NRRL3_04972	NRRL3_04972
jgi|Aspni_NRRL3_1|4973|NRRL3_04973	NRRL3_04973
jgi|Aspni_NRRL3_1|4974|NRRL3_04974	NRRL3_04974
jgi|Aspni_NRRL3_1|4975|NRRL3_04975	NRRL3_04975
jgi|Aspni_NRRL3_1|4976|NRRL3_04976	NRRL3_04976
jgi|Aspni_NRRL3_1|4977|NRRL3_04977	NRRL3_04977
jgi|Aspni_NRRL3_1|4978|NRRL3_04978	NRRL3_04978
jgi|Aspni_NRRL3_1|4979|NRRL3_04979	NRRL3_04979
jgi|Aspni_NRRL3_1|4980|NRRL3_04980	NRRL3_04980
jgi|Aspni_NRRL3_1|4981|NRRL3_04981	NRRL3_04981
jgi|Aspni_NRRL3_1|4982|NRRL3_04982	NRRL3_04982
jgi|Aspni_NRRL3_1|4983|NRRL3_04983	NRRL3_04983
jgi|Aspni_NRRL3_1|4984|NRRL3_04984	NRRL3_04984
jgi|Aspni_NRRL3_1|4985|NRRL3_04985	NRRL3_04985
jgi|Aspni_NRRL3_1|4986|NRRL3_04986	NRRL3_04986
jgi|Aspni_NRRL3_1|4987|NRRL3_04987	NRRL3_04987
jgi|Aspni_NRRL3_1|4988|NRRL3_04988	NRRL3_04988
jgi|Aspni_NRRL3_1|4989|NRRL3_04989	NRRL3_04989
jgi|Aspni_NRRL3_1|4990|NRRL3_04990	NRRL3_04990
jgi|Aspni_NRRL3_1|4991|NRRL3_04991	NRRL3_04991
jgi|Aspni_NRRL3_1|4992|NRRL3_04992	NRRL3_04992
jgi|Aspni_NRRL3_1|4993|NRRL3_04993	NRRL3_04993
jgi|Aspni_NRRL3_1|4994|NRRL3_04994	NRRL3_04994
jgi|Aspni_NRRL3_1|4995|NRRL3_04995	NRRL3_04995
jgi|Aspni_NRRL3_1|4996|NRRL3_04996	NRRL3_04996
jgi|Aspni_NRRL3_1|4997|NRRL3_04997	NRRL3_04997
jgi|Aspni_NRRL3_1|4998|NRRL3_04998	NRRL3_04998
jgi|Aspni_NRRL3_1|4999|NRRL3_04999	NRRL3_04999
jgi|Aspni_NRRL3_1|5000|NRRL3_05000	NRRL3_05000
jgi|Aspni_NRRL3_1|5001|NRRL3_05001	NRRL3_05001
jgi|Aspni_NRRL3_1|5002|NRRL3_05002	NRRL3_05002
jgi|Aspni_NRRL3_1|5003|NRRL3_05003	NRRL3_05003
jgi|Aspni_NRRL3_1|5004|NRRL3_05004	NRRL3_05004
jgi|Aspni_NRRL3_1|5005|NRRL3_05005	NRRL3_05005
jgi|Aspni_NRRL3_1|5006|NRRL3_05006	NRRL3_05006
jgi|Aspni_NRRL3_1|5007|NRRL3_05007	NRRL3_05007
jgi|Aspni_NRRL3_1|5008|NRRL3_05008	NRRL3_05008
jgi|Aspni_NRRL3_1|5009|NRRL3_05009	NRRL3_05009
jgi|Aspni_NRRL3_1|5010|NRRL3_05010	NRRL3_05010
jgi|Aspni_NRRL3_1|5011|NRRL3_05011	NRRL3_05011
jgi|Aspni_NRRL3_1|5012|NRRL3_05012	NRRL3_05012
jgi|Aspni_NRRL3_1|5013|NRRL3_05013	NRRL3_05013
jgi|Aspni_NRRL3_1|5014|NRRL3_05014	NRRL3_05014
jgi|Aspni_NRRL3_1|5015|NRRL3_05015	NRRL3_05015
jgi|Aspni_NRRL3_1|5016|NRRL3_05016	NRRL3_05016
jgi|Aspni_NRRL3_1|5017|NRRL3_05017	NRRL3_05017
jgi|Aspni_NRRL3_1|5018|NRRL3_05018	NRRL3_05018
jgi|Aspni_NRRL3_1|5019|NRRL3_05019	NRRL3_05019
jgi|Aspni_NRRL3_1|5020|NRRL3_05020	NRRL3_05020
jgi|Aspni_NRRL3_1|5021|NRRL3_05021	NRRL3_05021
jgi|Aspni_NRRL3_1|5022|NRRL3_05022	NRRL3_05022
jgi|Aspni_NRRL3_1|5023|NRRL3_05023	NRRL3_05023
jgi|Aspni_NRRL3_1|5024|NRRL3_05024	NRRL3_05024
jgi|Aspni_NRRL3_1|5025|NRRL3_05025	NRRL3_05025
jgi|Aspni_NRRL3_1|5026|NRRL3_05026	NRRL3_05026
jgi|Aspni_NRRL3_1|5027|NRRL3_05027	NRRL3_05027
jgi|Aspni_NRRL3_1|5028|NRRL3_05028	NRRL3_05028
jgi|Aspni_NRRL3_1|5029|NRRL3_05029	NRRL3_05029
jgi|Aspni_NRRL3_1|5030|NRRL3_05030	NRRL3_05030
jgi|Aspni_NRRL3_1|5031|NRRL3_05031	NRRL3_05031
jgi|Aspni_NRRL3_1|5032|NRRL3_05032	NRRL3_05032
jgi|Aspni_NRRL3_1|5033|NRRL3_05033	NRRL3_05033
jgi|Aspni_NRRL3_1|5034|NRRL3_05034	NRRL3_05034
jgi|Aspni_NRRL3_1|5035|NRRL3_05035	NRRL3_05035
jgi|Aspni_NRRL3_1|5036|NRRL3_05036	NRRL3_05036
jgi|Aspni_NRRL3_1|5037|NRRL3_05037	NRRL3_05037
jgi|Aspni_NRRL3_1|5038|NRRL3_05038	NRRL3_05038
jgi|Aspni_NRRL3_1|5039|NRRL3_05039	NRRL3_05039
jgi|Aspni_NRRL3_1|5040|NRRL3_05040	NRRL3_05040
jgi|Aspni_NRRL3_1|5041|NRRL3_05041	NRRL3_05041
jgi|Aspni_NRRL3_1|5042|NRRL3_05042	NRRL3_05042
jgi|Aspni_NRRL3_1|5043|NRRL3_05043	NRRL3_05043
jgi|Aspni_NRRL3_1|5044|NRRL3_05044	NRRL3_05044
jgi|Aspni_NRRL3_1|5045|NRRL3_05045	NRRL3_05045
jgi|Aspni_NRRL3_1|5046|NRRL3_05046	NRRL3_05046
jgi|Aspni_NRRL3_1|5047|NRRL3_05047	NRRL3_05047
jgi|Aspni_NRRL3_1|5048|NRRL3_05048	NRRL3_05048
jgi|Aspni_NRRL3_1|5049|NRRL3_05049	NRRL3_05049
jgi|Aspni_NRRL3_1|5050|NRRL3_05050	NRRL3_05050
jgi|Aspni_NRRL3_1|5051|NRRL3_05051	NRRL3_05051
jgi|Aspni_NRRL3_1|5052|NRRL3_05052	NRRL3_05052
jgi|Aspni_NRRL3_1|5053|NRRL3_05053	NRRL3_05053
jgi|Aspni_NRRL3_1|5054|NRRL3_05054	NRRL3_05054
jgi|Aspni_NRRL3_1|5055|NRRL3_05055	NRRL3_05055
jgi|Aspni_NRRL3_1|5056|NRRL3_05056	NRRL3_05056
jgi|Aspni_NRRL3_1|5057|NRRL3_05057	NRRL3_05057
jgi|Aspni_NRRL3_1|5058|NRRL3_05058	NRRL3_05058
jgi|Aspni_NRRL3_1|5059|NRRL3_05059	NRRL3_05059
jgi|Aspni_NRRL3_1|5060|NRRL3_05060	NRRL3_05060
jgi|Aspni_NRRL3_1|5061|NRRL3_05061	NRRL3_05061
jgi|Aspni_NRRL3_1|5062|NRRL3_05062	NRRL3_05062
jgi|Aspni_NRRL3_1|5063|NRRL3_05063	NRRL3_05063
jgi|Aspni_NRRL3_1|5064|NRRL3_05064	NRRL3_05064
jgi|Aspni_NRRL3_1|5065|NRRL3_05065	NRRL3_05065
jgi|Aspni_NRRL3_1|5066|NRRL3_05066	NRRL3_05066
jgi|Aspni_NRRL3_1|5067|NRRL3_05067	NRRL3_05067
jgi|Aspni_NRRL3_1|5068|NRRL3_05068	NRRL3_05068
jgi|Aspni_NRRL3_1|5069|NRRL3_05069	NRRL3_05069
jgi|Aspni_NRRL3_1|5070|NRRL3_05070	NRRL3_05070
jgi|Aspni_NRRL3_1|5071|NRRL3_05071	NRRL3_05071
jgi|Aspni_NRRL3_1|5072|NRRL3_05072	NRRL3_05072
jgi|Aspni_NRRL3_1|5073|NRRL3_05073	NRRL3_05073
jgi|Aspni_NRRL3_1|5074|NRRL3_05074	NRRL3_05074
jgi|Aspni_NRRL3_1|5075|NRRL3_05075	NRRL3_05075
jgi|Aspni_NRRL3_1|5076|NRRL3_05076	NRRL3_05076
jgi|Aspni_NRRL3_1|5077|NRRL3_05077	NRRL3_05077
jgi|Aspni_NRRL3_1|5078|NRRL3_05078	NRRL3_05078
jgi|Aspni_NRRL3_1|5079|NRRL3_05079	NRRL3_05079
jgi|Aspni_NRRL3_1|5080|NRRL3_05080	NRRL3_05080
jgi|Aspni_NRRL3_1|5081|NRRL3_05081	NRRL3_05081
jgi|Aspni_NRRL3_1|5082|NRRL3_05082	NRRL3_05082
jgi|Aspni_NRRL3_1|5083|NRRL3_05083	NRRL3_05083
jgi|Aspni_NRRL3_1|5084|NRRL3_05084	NRRL3_05084
jgi|Aspni_NRRL3_1|5085|NRRL3_05085	NRRL3_05085
jgi|Aspni_NRRL3_1|5086|NRRL3_05086	NRRL3_05086
jgi|Aspni_NRRL3_1|5087|NRRL3_05087	NRRL3_05087
jgi|Aspni_NRRL3_1|5088|NRRL3_05088	NRRL3_05088
jgi|Aspni_NRRL3_1|5089|NRRL3_05089	NRRL3_05089
jgi|Aspni_NRRL3_1|5090|NRRL3_05090	NRRL3_05090
jgi|Aspni_NRRL3_1|5091|NRRL3_05091	NRRL3_05091
jgi|Aspni_NRRL3_1|5092|NRRL3_05092	NRRL3_05092
jgi|Aspni_NRRL3_1|5093|NRRL3_05093	NRRL3_05093
jgi|Aspni_NRRL3_1|5094|NRRL3_05094	NRRL3_05094
jgi|Aspni_NRRL3_1|5095|NRRL3_05095	NRRL3_05095
jgi|Aspni_NRRL3_1|5096|NRRL3_05096	NRRL3_05096
jgi|Aspni_NRRL3_1|5097|NRRL3_05097	NRRL3_05097
jgi|Aspni_NRRL3_1|5098|NRRL3_05098	NRRL3_05098
jgi|Aspni_NRRL3_1|5099|NRRL3_05099	NRRL3_05099
jgi|Aspni_NRRL3_1|5100|NRRL3_05100	NRRL3_05100
jgi|Aspni_NRRL3_1|5101|NRRL3_05101	NRRL3_05101
jgi|Aspni_NRRL3_1|5102|NRRL3_05102	NRRL3_05102
jgi|Aspni_NRRL3_1|5103|NRRL3_05103	NRRL3_05103
jgi|Aspni_NRRL3_1|5104|NRRL3_05104	NRRL3_05104
jgi|Aspni_NRRL3_1|5105|NRRL3_05105	NRRL3_05105
jgi|Aspni_NRRL3_1|5106|NRRL3_05106	NRRL3_05106
jgi|Aspni_NRRL3_1|5107|NRRL3_05107	NRRL3_05107
jgi|Aspni_NRRL3_1|5108|NRRL3_05108	NRRL3_05108
jgi|Aspni_NRRL3_1|5109|NRRL3_05109	NRRL3_05109
jgi|Aspni_NRRL3_1|5110|NRRL3_05110	NRRL3_05110
jgi|Aspni_NRRL3_1|5111|NRRL3_05111	NRRL3_05111
jgi|Aspni_NRRL3_1|5112|NRRL3_05112	NRRL3_05112
jgi|Aspni_NRRL3_1|5113|NRRL3_05113	NRRL3_05113
jgi|Aspni_NRRL3_1|5114|NRRL3_05114	NRRL3_05114
jgi|Aspni_NRRL3_1|5115|NRRL3_05115	NRRL3_05115
jgi|Aspni_NRRL3_1|5116|NRRL3_05116	NRRL3_05116
jgi|Aspni_NRRL3_1|5117|NRRL3_05117	NRRL3_05117
jgi|Aspni_NRRL3_1|5118|NRRL3_05118	NRRL3_05118
jgi|Aspni_NRRL3_1|5119|NRRL3_05119	NRRL3_05119
jgi|Aspni_NRRL3_1|5120|NRRL3_05120	NRRL3_05120
jgi|Aspni_NRRL3_1|5121|NRRL3_05121	NRRL3_05121
jgi|Aspni_NRRL3_1|5122|NRRL3_05122	NRRL3_05122
jgi|Aspni_NRRL3_1|5123|NRRL3_05123	NRRL3_05123
jgi|Aspni_NRRL3_1|5124|NRRL3_05124	NRRL3_05124
jgi|Aspni_NRRL3_1|5125|NRRL3_05125	NRRL3_05125
jgi|Aspni_NRRL3_1|5126|NRRL3_05126	NRRL3_05126
jgi|Aspni_NRRL3_1|5127|NRRL3_05127	NRRL3_05127
jgi|Aspni_NRRL3_1|5128|NRRL3_05128	NRRL3_05128
jgi|Aspni_NRRL3_1|5129|NRRL3_05129	NRRL3_05129
jgi|Aspni_NRRL3_1|5130|NRRL3_05130	NRRL3_05130
jgi|Aspni_NRRL3_1|5131|NRRL3_05131	NRRL3_05131
jgi|Aspni_NRRL3_1|5132|NRRL3_05132	NRRL3_05132
jgi|Aspni_NRRL3_1|5133|NRRL3_05133	NRRL3_05133
jgi|Aspni_NRRL3_1|5134|NRRL3_05134	NRRL3_05134
jgi|Aspni_NRRL3_1|5135|NRRL3_05135	NRRL3_05135
jgi|Aspni_NRRL3_1|5136|NRRL3_05136	NRRL3_05136
jgi|Aspni_NRRL3_1|5137|NRRL3_05137	NRRL3_05137
jgi|Aspni_NRRL3_1|5138|NRRL3_05138	NRRL3_05138
jgi|Aspni_NRRL3_1|5139|NRRL3_05139	NRRL3_05139
jgi|Aspni_NRRL3_1|5140|NRRL3_05140	NRRL3_05140
jgi|Aspni_NRRL3_1|5141|NRRL3_05141	NRRL3_05141
jgi|Aspni_NRRL3_1|5142|NRRL3_05142	NRRL3_05142
jgi|Aspni_NRRL3_1|5143|NRRL3_05143	NRRL3_05143
jgi|Aspni_NRRL3_1|5144|NRRL3_05144	NRRL3_05144
jgi|Aspni_NRRL3_1|5145|NRRL3_05145	NRRL3_05145
jgi|Aspni_NRRL3_1|5146|NRRL3_05146	NRRL3_05146
jgi|Aspni_NRRL3_1|5147|NRRL3_05147	NRRL3_05147
jgi|Aspni_NRRL3_1|5148|NRRL3_05148	NRRL3_05148
jgi|Aspni_NRRL3_1|5149|NRRL3_05149	NRRL3_05149
jgi|Aspni_NRRL3_1|5150|NRRL3_05150	NRRL3_05150
jgi|Aspni_NRRL3_1|5151|NRRL3_05151	NRRL3_05151
jgi|Aspni_NRRL3_1|5152|NRRL3_05152	NRRL3_05152
jgi|Aspni_NRRL3_1|5153|NRRL3_05153	NRRL3_05153
jgi|Aspni_NRRL3_1|5154|NRRL3_05154	NRRL3_05154
jgi|Aspni_NRRL3_1|5155|NRRL3_05155	NRRL3_05155
jgi|Aspni_NRRL3_1|5156|NRRL3_05156	NRRL3_05156
jgi|Aspni_NRRL3_1|5157|NRRL3_05157	NRRL3_05157
jgi|Aspni_NRRL3_1|5158|NRRL3_05158	NRRL3_05158
jgi|Aspni_NRRL3_1|5159|NRRL3_05159	NRRL3_05159
jgi|Aspni_NRRL3_1|5160|NRRL3_05160	NRRL3_05160
jgi|Aspni_NRRL3_1|5161|NRRL3_05161	NRRL3_05161
jgi|Aspni_NRRL3_1|5162|NRRL3_05162	NRRL3_05162
jgi|Aspni_NRRL3_1|5163|NRRL3_05163	NRRL3_05163
jgi|Aspni_NRRL3_1|5164|NRRL3_05164	NRRL3_05164
jgi|Aspni_NRRL3_1|5165|NRRL3_05165	NRRL3_05165
jgi|Aspni_NRRL3_1|5166|NRRL3_05166	NRRL3_05166
jgi|Aspni_NRRL3_1|5167|NRRL3_05167	NRRL3_05167
jgi|Aspni_NRRL3_1|5168|NRRL3_05168	NRRL3_05168
jgi|Aspni_NRRL3_1|5169|NRRL3_05169	NRRL3_05169
jgi|Aspni_NRRL3_1|5170|NRRL3_05170	NRRL3_05170
jgi|Aspni_NRRL3_1|5171|NRRL3_05171	NRRL3_05171
jgi|Aspni_NRRL3_1|5172|NRRL3_05172	NRRL3_05172
jgi|Aspni_NRRL3_1|5173|NRRL3_05173	NRRL3_05173
jgi|Aspni_NRRL3_1|5174|NRRL3_05174	NRRL3_05174
jgi|Aspni_NRRL3_1|5175|NRRL3_05175	NRRL3_05175
jgi|Aspni_NRRL3_1|5176|NRRL3_05176	NRRL3_05176
jgi|Aspni_NRRL3_1|5177|NRRL3_05177	NRRL3_05177
jgi|Aspni_NRRL3_1|5178|NRRL3_05178	NRRL3_05178
jgi|Aspni_NRRL3_1|5179|NRRL3_05179	NRRL3_05179
jgi|Aspni_NRRL3_1|5180|NRRL3_05180	NRRL3_05180
jgi|Aspni_NRRL3_1|5181|NRRL3_05181	NRRL3_05181
jgi|Aspni_NRRL3_1|5182|NRRL3_05182	NRRL3_05182
jgi|Aspni_NRRL3_1|5183|NRRL3_05183	NRRL3_05183
jgi|Aspni_NRRL3_1|5184|NRRL3_05184	NRRL3_05184
jgi|Aspni_NRRL3_1|5185|NRRL3_05185	NRRL3_05185
jgi|Aspni_NRRL3_1|5186|NRRL3_05186	NRRL3_05186
jgi|Aspni_NRRL3_1|5187|NRRL3_05187	NRRL3_05187
jgi|Aspni_NRRL3_1|5188|NRRL3_05188	NRRL3_05188
jgi|Aspni_NRRL3_1|5189|NRRL3_05189	NRRL3_05189
jgi|Aspni_NRRL3_1|5190|NRRL3_05190	NRRL3_05190
jgi|Aspni_NRRL3_1|5191|NRRL3_05191	NRRL3_05191
jgi|Aspni_NRRL3_1|5192|NRRL3_05192	NRRL3_05192
jgi|Aspni_NRRL3_1|5193|NRRL3_05193	NRRL3_05193
jgi|Aspni_NRRL3_1|5194|NRRL3_05194	NRRL3_05194
jgi|Aspni_NRRL3_1|5195|NRRL3_05195	NRRL3_05195
jgi|Aspni_NRRL3_1|5196|NRRL3_05196	NRRL3_05196
jgi|Aspni_NRRL3_1|5197|NRRL3_05197	NRRL3_05197
jgi|Aspni_NRRL3_1|5198|NRRL3_05198	NRRL3_05198
jgi|Aspni_NRRL3_1|5199|NRRL3_05199	NRRL3_05199
jgi|Aspni_NRRL3_1|5200|NRRL3_05200	NRRL3_05200
jgi|Aspni_NRRL3_1|5201|NRRL3_05201	NRRL3_05201
jgi|Aspni_NRRL3_1|5202|NRRL3_05202	NRRL3_05202
jgi|Aspni_NRRL3_1|5203|NRRL3_05203	NRRL3_05203
jgi|Aspni_NRRL3_1|5204|NRRL3_05204	NRRL3_05204
jgi|Aspni_NRRL3_1|5205|NRRL3_05205	NRRL3_05205
jgi|Aspni_NRRL3_1|5206|NRRL3_05206	NRRL3_05206
jgi|Aspni_NRRL3_1|5207|NRRL3_05207	NRRL3_05207
jgi|Aspni_NRRL3_1|5208|NRRL3_05208	NRRL3_05208
jgi|Aspni_NRRL3_1|5209|NRRL3_05209	NRRL3_05209
jgi|Aspni_NRRL3_1|5210|NRRL3_05210	NRRL3_05210
jgi|Aspni_NRRL3_1|5211|NRRL3_05211	NRRL3_05211
jgi|Aspni_NRRL3_1|5212|NRRL3_05212	NRRL3_05212
jgi|Aspni_NRRL3_1|5213|NRRL3_05213	NRRL3_05213
jgi|Aspni_NRRL3_1|5214|NRRL3_05214	NRRL3_05214
jgi|Aspni_NRRL3_1|5215|NRRL3_05215	NRRL3_05215
jgi|Aspni_NRRL3_1|5216|NRRL3_05216	NRRL3_05216
jgi|Aspni_NRRL3_1|5217|NRRL3_05217	NRRL3_05217
jgi|Aspni_NRRL3_1|5218|NRRL3_05218	NRRL3_05218
jgi|Aspni_NRRL3_1|5219|NRRL3_05219	NRRL3_05219
jgi|Aspni_NRRL3_1|5220|NRRL3_05220	NRRL3_05220
jgi|Aspni_NRRL3_1|5221|NRRL3_05221	NRRL3_05221
jgi|Aspni_NRRL3_1|5222|NRRL3_05222	NRRL3_05222
jgi|Aspni_NRRL3_1|5223|NRRL3_05223	NRRL3_05223
jgi|Aspni_NRRL3_1|5224|NRRL3_05224	NRRL3_05224
jgi|Aspni_NRRL3_1|5225|NRRL3_05225	NRRL3_05225
jgi|Aspni_NRRL3_1|5226|NRRL3_05226	NRRL3_05226
jgi|Aspni_NRRL3_1|5227|NRRL3_05227	NRRL3_05227
jgi|Aspni_NRRL3_1|5228|NRRL3_05228	NRRL3_05228
jgi|Aspni_NRRL3_1|5229|NRRL3_05229	NRRL3_05229
jgi|Aspni_NRRL3_1|5230|NRRL3_05230	NRRL3_05230
jgi|Aspni_NRRL3_1|5231|NRRL3_05231	NRRL3_05231
jgi|Aspni_NRRL3_1|5232|NRRL3_05232	NRRL3_05232
jgi|Aspni_NRRL3_1|5233|NRRL3_05233	NRRL3_05233
jgi|Aspni_NRRL3_1|5234|NRRL3_05234	NRRL3_05234
jgi|Aspni_NRRL3_1|5235|NRRL3_05235	NRRL3_05235
jgi|Aspni_NRRL3_1|5236|NRRL3_05236	NRRL3_05236
jgi|Aspni_NRRL3_1|5237|NRRL3_05237	NRRL3_05237
jgi|Aspni_NRRL3_1|5238|NRRL3_05238	NRRL3_05238
jgi|Aspni_NRRL3_1|5239|NRRL3_05239	NRRL3_05239
jgi|Aspni_NRRL3_1|5240|NRRL3_05240	NRRL3_05240
jgi|Aspni_NRRL3_1|5241|NRRL3_05241	NRRL3_05241
jgi|Aspni_NRRL3_1|5242|NRRL3_05242	NRRL3_05242
jgi|Aspni_NRRL3_1|5243|NRRL3_05243	NRRL3_05243
jgi|Aspni_NRRL3_1|5244|NRRL3_05244	NRRL3_05244
jgi|Aspni_NRRL3_1|5245|NRRL3_05245	NRRL3_05245
jgi|Aspni_NRRL3_1|5246|NRRL3_05246	NRRL3_05246
jgi|Aspni_NRRL3_1|5247|NRRL3_05247	NRRL3_05247
jgi|Aspni_NRRL3_1|5248|NRRL3_05248	NRRL3_05248
jgi|Aspni_NRRL3_1|5249|NRRL3_05249	NRRL3_05249
jgi|Aspni_NRRL3_1|5250|NRRL3_05250	NRRL3_05250
jgi|Aspni_NRRL3_1|5251|NRRL3_05251	NRRL3_05251
jgi|Aspni_NRRL3_1|5252|NRRL3_05252	NRRL3_05252
jgi|Aspni_NRRL3_1|5253|NRRL3_05253	NRRL3_05253
jgi|Aspni_NRRL3_1|5254|NRRL3_05254	NRRL3_05254
jgi|Aspni_NRRL3_1|5255|NRRL3_05255	NRRL3_05255
jgi|Aspni_NRRL3_1|5256|NRRL3_05256	NRRL3_05256
jgi|Aspni_NRRL3_1|5257|NRRL3_05257	NRRL3_05257
jgi|Aspni_NRRL3_1|5258|NRRL3_05258	NRRL3_05258
jgi|Aspni_NRRL3_1|5259|NRRL3_05259	NRRL3_05259
jgi|Aspni_NRRL3_1|5260|NRRL3_05260	NRRL3_05260
jgi|Aspni_NRRL3_1|5261|NRRL3_05261	NRRL3_05261
jgi|Aspni_NRRL3_1|5262|NRRL3_05262	NRRL3_05262
jgi|Aspni_NRRL3_1|5263|NRRL3_05263	NRRL3_05263
jgi|Aspni_NRRL3_1|5264|NRRL3_05264	NRRL3_05264
jgi|Aspni_NRRL3_1|5265|NRRL3_05265	NRRL3_05265
jgi|Aspni_NRRL3_1|5266|NRRL3_05266	NRRL3_05266
jgi|Aspni_NRRL3_1|5267|NRRL3_05267	NRRL3_05267
jgi|Aspni_NRRL3_1|5268|NRRL3_05268	NRRL3_05268
jgi|Aspni_NRRL3_1|5269|NRRL3_05269	NRRL3_05269
jgi|Aspni_NRRL3_1|5270|NRRL3_05270	NRRL3_05270
jgi|Aspni_NRRL3_1|5271|NRRL3_05271	NRRL3_05271
jgi|Aspni_NRRL3_1|5272|NRRL3_05272	NRRL3_05272
jgi|Aspni_NRRL3_1|5273|NRRL3_05273	NRRL3_05273
jgi|Aspni_NRRL3_1|5274|NRRL3_05274	NRRL3_05274
jgi|Aspni_NRRL3_1|5275|NRRL3_05275	NRRL3_05275
jgi|Aspni_NRRL3_1|5276|NRRL3_05276	NRRL3_05276
jgi|Aspni_NRRL3_1|5277|NRRL3_05277	NRRL3_05277
jgi|Aspni_NRRL3_1|5278|NRRL3_05278	NRRL3_05278
jgi|Aspni_NRRL3_1|5279|NRRL3_05279	NRRL3_05279
jgi|Aspni_NRRL3_1|5280|NRRL3_05280	NRRL3_05280
jgi|Aspni_NRRL3_1|5281|NRRL3_05281	NRRL3_05281
jgi|Aspni_NRRL3_1|5282|NRRL3_05282	NRRL3_05282
jgi|Aspni_NRRL3_1|5283|NRRL3_05283	NRRL3_05283
jgi|Aspni_NRRL3_1|5284|NRRL3_05284	NRRL3_05284
jgi|Aspni_NRRL3_1|5285|NRRL3_05285	NRRL3_05285
jgi|Aspni_NRRL3_1|5286|NRRL3_05286	NRRL3_05286
jgi|Aspni_NRRL3_1|5287|NRRL3_05287	NRRL3_05287
jgi|Aspni_NRRL3_1|5288|NRRL3_05288	NRRL3_05288
jgi|Aspni_NRRL3_1|5289|NRRL3_05289	NRRL3_05289
jgi|Aspni_NRRL3_1|5290|NRRL3_05290	NRRL3_05290
jgi|Aspni_NRRL3_1|5291|NRRL3_05291	NRRL3_05291
jgi|Aspni_NRRL3_1|5292|NRRL3_05292	NRRL3_05292
jgi|Aspni_NRRL3_1|5293|NRRL3_05293	NRRL3_05293
jgi|Aspni_NRRL3_1|5294|NRRL3_05294	NRRL3_05294
jgi|Aspni_NRRL3_1|5295|NRRL3_05295	NRRL3_05295
jgi|Aspni_NRRL3_1|5296|NRRL3_05296	NRRL3_05296
jgi|Aspni_NRRL3_1|5297|NRRL3_05297	NRRL3_05297
jgi|Aspni_NRRL3_1|5298|NRRL3_05298	NRRL3_05298
jgi|Aspni_NRRL3_1|5299|NRRL3_05299	NRRL3_05299
jgi|Aspni_NRRL3_1|5300|NRRL3_05300	NRRL3_05300
jgi|Aspni_NRRL3_1|5301|NRRL3_05301	NRRL3_05301
jgi|Aspni_NRRL3_1|5302|NRRL3_05302	NRRL3_05302
jgi|Aspni_NRRL3_1|5303|NRRL3_05303	NRRL3_05303
jgi|Aspni_NRRL3_1|5304|NRRL3_05304	NRRL3_05304
jgi|Aspni_NRRL3_1|5305|NRRL3_05305	NRRL3_05305
jgi|Aspni_NRRL3_1|5306|NRRL3_05306	NRRL3_05306
jgi|Aspni_NRRL3_1|5307|NRRL3_05307	NRRL3_05307
jgi|Aspni_NRRL3_1|5308|NRRL3_05308	NRRL3_05308
jgi|Aspni_NRRL3_1|5309|NRRL3_05309	NRRL3_05309
jgi|Aspni_NRRL3_1|5310|NRRL3_05310	NRRL3_05310
jgi|Aspni_NRRL3_1|5311|NRRL3_05311	NRRL3_05311
jgi|Aspni_NRRL3_1|5312|NRRL3_05312	NRRL3_05312
jgi|Aspni_NRRL3_1|5313|NRRL3_05313	NRRL3_05313
jgi|Aspni_NRRL3_1|5314|NRRL3_05314	NRRL3_05314
jgi|Aspni_NRRL3_1|5315|NRRL3_05315	NRRL3_05315
jgi|Aspni_NRRL3_1|5316|NRRL3_05316	NRRL3_05316
jgi|Aspni_NRRL3_1|5317|NRRL3_05317	NRRL3_05317
jgi|Aspni_NRRL3_1|5318|NRRL3_05318	NRRL3_05318
jgi|Aspni_NRRL3_1|5319|NRRL3_05319	NRRL3_05319
jgi|Aspni_NRRL3_1|5320|NRRL3_05320	NRRL3_05320
jgi|Aspni_NRRL3_1|5321|NRRL3_05321	NRRL3_05321
jgi|Aspni_NRRL3_1|5322|NRRL3_05322	NRRL3_05322
jgi|Aspni_NRRL3_1|5323|NRRL3_05323	NRRL3_05323
jgi|Aspni_NRRL3_1|5324|NRRL3_05324	NRRL3_05324
jgi|Aspni_NRRL3_1|5325|NRRL3_05325	NRRL3_05325
jgi|Aspni_NRRL3_1|5326|NRRL3_05326	NRRL3_05326
jgi|Aspni_NRRL3_1|5327|NRRL3_05327	NRRL3_05327
jgi|Aspni_NRRL3_1|5328|NRRL3_05328	NRRL3_05328
jgi|Aspni_NRRL3_1|5329|NRRL3_05329	NRRL3_05329
jgi|Aspni_NRRL3_1|5330|NRRL3_05330	NRRL3_05330
jgi|Aspni_NRRL3_1|5331|NRRL3_05331	NRRL3_05331
jgi|Aspni_NRRL3_1|5332|NRRL3_05332	NRRL3_05332
jgi|Aspni_NRRL3_1|5333|NRRL3_05333	NRRL3_05333
jgi|Aspni_NRRL3_1|5334|NRRL3_05334	NRRL3_05334
jgi|Aspni_NRRL3_1|5335|NRRL3_05335	NRRL3_05335
jgi|Aspni_NRRL3_1|5336|NRRL3_05336	NRRL3_05336
jgi|Aspni_NRRL3_1|5337|NRRL3_05337	NRRL3_05337
jgi|Aspni_NRRL3_1|5338|NRRL3_05338	NRRL3_05338
jgi|Aspni_NRRL3_1|5339|NRRL3_05339	NRRL3_05339
jgi|Aspni_NRRL3_1|5340|NRRL3_05340	NRRL3_05340
jgi|Aspni_NRRL3_1|5341|NRRL3_05341	NRRL3_05341
jgi|Aspni_NRRL3_1|5342|NRRL3_05342	NRRL3_05342
jgi|Aspni_NRRL3_1|5343|NRRL3_05343	NRRL3_05343
jgi|Aspni_NRRL3_1|5344|NRRL3_05344	NRRL3_05344
jgi|Aspni_NRRL3_1|5345|NRRL3_05345	NRRL3_05345
jgi|Aspni_NRRL3_1|5346|NRRL3_05346	NRRL3_05346
jgi|Aspni_NRRL3_1|5347|NRRL3_05347	NRRL3_05347
jgi|Aspni_NRRL3_1|5348|NRRL3_05348	NRRL3_05348
jgi|Aspni_NRRL3_1|5349|NRRL3_05349	NRRL3_05349
jgi|Aspni_NRRL3_1|5350|NRRL3_05350	NRRL3_05350
jgi|Aspni_NRRL3_1|5351|NRRL3_05351	NRRL3_05351
jgi|Aspni_NRRL3_1|5352|NRRL3_05352	NRRL3_05352
jgi|Aspni_NRRL3_1|5353|NRRL3_05353	NRRL3_05353
jgi|Aspni_NRRL3_1|5354|NRRL3_05354	NRRL3_05354
jgi|Aspni_NRRL3_1|5355|NRRL3_05355	NRRL3_05355
jgi|Aspni_NRRL3_1|5356|NRRL3_05356	NRRL3_05356
jgi|Aspni_NRRL3_1|5357|NRRL3_05357	NRRL3_05357
jgi|Aspni_NRRL3_1|5358|NRRL3_05358	NRRL3_05358
jgi|Aspni_NRRL3_1|5359|NRRL3_05359	NRRL3_05359
jgi|Aspni_NRRL3_1|5360|NRRL3_05360	NRRL3_05360
jgi|Aspni_NRRL3_1|5361|NRRL3_05361	NRRL3_05361
jgi|Aspni_NRRL3_1|5362|NRRL3_05362	NRRL3_05362
jgi|Aspni_NRRL3_1|5363|NRRL3_05363	NRRL3_05363
jgi|Aspni_NRRL3_1|5364|NRRL3_05364	NRRL3_05364
jgi|Aspni_NRRL3_1|5365|NRRL3_05365	NRRL3_05365
jgi|Aspni_NRRL3_1|5366|NRRL3_05366	NRRL3_05366
jgi|Aspni_NRRL3_1|5367|NRRL3_05367	NRRL3_05367
jgi|Aspni_NRRL3_1|5368|NRRL3_05368	NRRL3_05368
jgi|Aspni_NRRL3_1|5369|NRRL3_05369	NRRL3_05369
jgi|Aspni_NRRL3_1|5370|NRRL3_05370	NRRL3_05370
jgi|Aspni_NRRL3_1|5371|NRRL3_05371	NRRL3_05371
jgi|Aspni_NRRL3_1|5372|NRRL3_05372	NRRL3_05372
jgi|Aspni_NRRL3_1|5373|NRRL3_05373	NRRL3_05373
jgi|Aspni_NRRL3_1|5374|NRRL3_05374	NRRL3_05374
jgi|Aspni_NRRL3_1|5375|NRRL3_05375	NRRL3_05375
jgi|Aspni_NRRL3_1|5376|NRRL3_05376	NRRL3_05376
jgi|Aspni_NRRL3_1|5377|NRRL3_05377	NRRL3_05377
jgi|Aspni_NRRL3_1|5378|NRRL3_05378	NRRL3_05378
jgi|Aspni_NRRL3_1|5379|NRRL3_05379	NRRL3_05379
jgi|Aspni_NRRL3_1|5380|NRRL3_05380	NRRL3_05380
jgi|Aspni_NRRL3_1|5381|NRRL3_05381	NRRL3_05381
jgi|Aspni_NRRL3_1|5382|NRRL3_05382	NRRL3_05382
jgi|Aspni_NRRL3_1|5383|NRRL3_05383	NRRL3_05383
jgi|Aspni_NRRL3_1|5384|NRRL3_05384	NRRL3_05384
jgi|Aspni_NRRL3_1|5385|NRRL3_05385	NRRL3_05385
jgi|Aspni_NRRL3_1|5386|NRRL3_05386	NRRL3_05386
jgi|Aspni_NRRL3_1|5387|NRRL3_05387	NRRL3_05387
jgi|Aspni_NRRL3_1|5388|NRRL3_05388	NRRL3_05388
jgi|Aspni_NRRL3_1|5389|NRRL3_05389	NRRL3_05389
jgi|Aspni_NRRL3_1|5390|NRRL3_05390	NRRL3_05390
jgi|Aspni_NRRL3_1|5391|NRRL3_05391	NRRL3_05391
jgi|Aspni_NRRL3_1|5392|NRRL3_05392	NRRL3_05392
jgi|Aspni_NRRL3_1|5393|NRRL3_05393	NRRL3_05393
jgi|Aspni_NRRL3_1|5394|NRRL3_05394	NRRL3_05394
jgi|Aspni_NRRL3_1|5395|NRRL3_05395	NRRL3_05395
jgi|Aspni_NRRL3_1|5396|NRRL3_05396	NRRL3_05396
jgi|Aspni_NRRL3_1|5397|NRRL3_05397	NRRL3_05397
jgi|Aspni_NRRL3_1|5398|NRRL3_05398	NRRL3_05398
jgi|Aspni_NRRL3_1|5399|NRRL3_05399	NRRL3_05399
jgi|Aspni_NRRL3_1|5400|NRRL3_05400	NRRL3_05400
jgi|Aspni_NRRL3_1|5401|NRRL3_05401	NRRL3_05401
jgi|Aspni_NRRL3_1|5402|NRRL3_05402	NRRL3_05402
jgi|Aspni_NRRL3_1|5403|NRRL3_05403	NRRL3_05403
jgi|Aspni_NRRL3_1|5404|NRRL3_05404	NRRL3_05404
jgi|Aspni_NRRL3_1|5405|NRRL3_05405	NRRL3_05405
jgi|Aspni_NRRL3_1|5406|NRRL3_05406	NRRL3_05406
jgi|Aspni_NRRL3_1|5407|NRRL3_05407	NRRL3_05407
jgi|Aspni_NRRL3_1|5408|NRRL3_05408	NRRL3_05408
jgi|Aspni_NRRL3_1|5409|NRRL3_05409	NRRL3_05409
jgi|Aspni_NRRL3_1|5410|NRRL3_05410	NRRL3_05410
jgi|Aspni_NRRL3_1|5411|NRRL3_05411	NRRL3_05411
jgi|Aspni_NRRL3_1|5412|NRRL3_05412	NRRL3_05412
jgi|Aspni_NRRL3_1|5413|NRRL3_05413	NRRL3_05413
jgi|Aspni_NRRL3_1|5414|NRRL3_05414	NRRL3_05414
jgi|Aspni_NRRL3_1|5415|NRRL3_05415	NRRL3_05415
jgi|Aspni_NRRL3_1|5416|NRRL3_05416	NRRL3_05416
jgi|Aspni_NRRL3_1|5417|NRRL3_05417	NRRL3_05417
jgi|Aspni_NRRL3_1|5418|NRRL3_05418	NRRL3_05418
jgi|Aspni_NRRL3_1|5419|NRRL3_05419	NRRL3_05419
jgi|Aspni_NRRL3_1|5420|NRRL3_05420	NRRL3_05420
jgi|Aspni_NRRL3_1|5421|NRRL3_05421	NRRL3_05421
jgi|Aspni_NRRL3_1|5422|NRRL3_05422	NRRL3_05422
jgi|Aspni_NRRL3_1|5423|NRRL3_05423	NRRL3_05423
jgi|Aspni_NRRL3_1|5424|NRRL3_05424	NRRL3_05424
jgi|Aspni_NRRL3_1|5425|NRRL3_05425	NRRL3_05425
jgi|Aspni_NRRL3_1|5426|NRRL3_05426	NRRL3_05426
jgi|Aspni_NRRL3_1|5427|NRRL3_05427	NRRL3_05427
jgi|Aspni_NRRL3_1|5428|NRRL3_05428	NRRL3_05428
jgi|Aspni_NRRL3_1|5429|NRRL3_05429	NRRL3_05429
jgi|Aspni_NRRL3_1|5430|NRRL3_05430	NRRL3_05430
jgi|Aspni_NRRL3_1|5431|NRRL3_05431	NRRL3_05431
jgi|Aspni_NRRL3_1|5432|NRRL3_05432	NRRL3_05432
jgi|Aspni_NRRL3_1|5433|NRRL3_05433	NRRL3_05433
jgi|Aspni_NRRL3_1|5434|NRRL3_05434	NRRL3_05434
jgi|Aspni_NRRL3_1|5435|NRRL3_05435	NRRL3_05435
jgi|Aspni_NRRL3_1|5436|NRRL3_05436	NRRL3_05436
jgi|Aspni_NRRL3_1|5437|NRRL3_05437	NRRL3_05437
jgi|Aspni_NRRL3_1|5438|NRRL3_05438	NRRL3_05438
jgi|Aspni_NRRL3_1|5439|NRRL3_05439	NRRL3_05439
jgi|Aspni_NRRL3_1|5440|NRRL3_05440	NRRL3_05440
jgi|Aspni_NRRL3_1|5441|NRRL3_05441	NRRL3_05441
jgi|Aspni_NRRL3_1|5442|NRRL3_05442	NRRL3_05442
jgi|Aspni_NRRL3_1|5443|NRRL3_05443	NRRL3_05443
jgi|Aspni_NRRL3_1|5444|NRRL3_05444	NRRL3_05444
jgi|Aspni_NRRL3_1|5445|NRRL3_05445	NRRL3_05445
jgi|Aspni_NRRL3_1|5446|NRRL3_05446	NRRL3_05446
jgi|Aspni_NRRL3_1|5447|NRRL3_05447	NRRL3_05447
jgi|Aspni_NRRL3_1|5448|NRRL3_05448	NRRL3_05448
jgi|Aspni_NRRL3_1|5449|NRRL3_05449	NRRL3_05449
jgi|Aspni_NRRL3_1|5450|NRRL3_05450	NRRL3_05450
jgi|Aspni_NRRL3_1|5451|NRRL3_05451	NRRL3_05451
jgi|Aspni_NRRL3_1|5452|NRRL3_05452	NRRL3_05452
jgi|Aspni_NRRL3_1|5453|NRRL3_05453	NRRL3_05453
jgi|Aspni_NRRL3_1|5454|NRRL3_05454	NRRL3_05454
jgi|Aspni_NRRL3_1|5455|NRRL3_05455	NRRL3_05455
jgi|Aspni_NRRL3_1|5456|NRRL3_05456	NRRL3_05456
jgi|Aspni_NRRL3_1|5457|NRRL3_05457	NRRL3_05457
jgi|Aspni_NRRL3_1|5458|NRRL3_05458	NRRL3_05458
jgi|Aspni_NRRL3_1|5459|NRRL3_05459	NRRL3_05459
jgi|Aspni_NRRL3_1|5460|NRRL3_05460	NRRL3_05460
jgi|Aspni_NRRL3_1|5461|NRRL3_05461	NRRL3_05461
jgi|Aspni_NRRL3_1|5462|NRRL3_05462	NRRL3_05462
jgi|Aspni_NRRL3_1|5463|NRRL3_05463	NRRL3_05463
jgi|Aspni_NRRL3_1|5464|NRRL3_05464	NRRL3_05464
jgi|Aspni_NRRL3_1|5465|NRRL3_05465	NRRL3_05465
jgi|Aspni_NRRL3_1|5466|NRRL3_05466	NRRL3_05466
jgi|Aspni_NRRL3_1|5467|NRRL3_05467	NRRL3_05467
jgi|Aspni_NRRL3_1|5468|NRRL3_05468	NRRL3_05468
jgi|Aspni_NRRL3_1|5469|NRRL3_05469	NRRL3_05469
jgi|Aspni_NRRL3_1|5470|NRRL3_05470	NRRL3_05470
jgi|Aspni_NRRL3_1|5471|NRRL3_05471	NRRL3_05471
jgi|Aspni_NRRL3_1|5472|NRRL3_05472	NRRL3_05472
jgi|Aspni_NRRL3_1|5473|NRRL3_05473	NRRL3_05473
jgi|Aspni_NRRL3_1|5474|NRRL3_05474	NRRL3_05474
jgi|Aspni_NRRL3_1|5475|NRRL3_05475	NRRL3_05475
jgi|Aspni_NRRL3_1|5476|NRRL3_05476	NRRL3_05476
jgi|Aspni_NRRL3_1|5477|NRRL3_05477	NRRL3_05477
jgi|Aspni_NRRL3_1|5478|NRRL3_05478	NRRL3_05478
jgi|Aspni_NRRL3_1|5479|NRRL3_05479	NRRL3_05479
jgi|Aspni_NRRL3_1|5480|NRRL3_05480	NRRL3_05480
jgi|Aspni_NRRL3_1|5481|NRRL3_05481	NRRL3_05481
jgi|Aspni_NRRL3_1|5482|NRRL3_05482	NRRL3_05482
jgi|Aspni_NRRL3_1|5483|NRRL3_05483	NRRL3_05483
jgi|Aspni_NRRL3_1|5484|NRRL3_05484	NRRL3_05484
jgi|Aspni_NRRL3_1|5485|NRRL3_05485	NRRL3_05485
jgi|Aspni_NRRL3_1|5486|NRRL3_05486	NRRL3_05486
jgi|Aspni_NRRL3_1|5487|NRRL3_05487	NRRL3_05487
jgi|Aspni_NRRL3_1|5488|NRRL3_05488	NRRL3_05488
jgi|Aspni_NRRL3_1|5489|NRRL3_05489	NRRL3_05489
jgi|Aspni_NRRL3_1|5490|NRRL3_05490	NRRL3_05490
jgi|Aspni_NRRL3_1|5491|NRRL3_05491	NRRL3_05491
jgi|Aspni_NRRL3_1|5492|NRRL3_05492	NRRL3_05492
jgi|Aspni_NRRL3_1|5493|NRRL3_05493	NRRL3_05493
jgi|Aspni_NRRL3_1|5494|NRRL3_05494	NRRL3_05494
jgi|Aspni_NRRL3_1|5495|NRRL3_05495	NRRL3_05495
jgi|Aspni_NRRL3_1|5496|NRRL3_05496	NRRL3_05496
jgi|Aspni_NRRL3_1|5497|NRRL3_05497	NRRL3_05497
jgi|Aspni_NRRL3_1|5498|NRRL3_05498	NRRL3_05498
jgi|Aspni_NRRL3_1|5499|NRRL3_05499	NRRL3_05499
jgi|Aspni_NRRL3_1|5500|NRRL3_05500	NRRL3_05500
jgi|Aspni_NRRL3_1|5501|NRRL3_05501	NRRL3_05501
jgi|Aspni_NRRL3_1|5502|NRRL3_05502	NRRL3_05502
jgi|Aspni_NRRL3_1|5503|NRRL3_05503	NRRL3_05503
jgi|Aspni_NRRL3_1|5504|NRRL3_05504	NRRL3_05504
jgi|Aspni_NRRL3_1|5505|NRRL3_05505	NRRL3_05505
jgi|Aspni_NRRL3_1|5506|NRRL3_05506	NRRL3_05506
jgi|Aspni_NRRL3_1|5507|NRRL3_05507	NRRL3_05507
jgi|Aspni_NRRL3_1|5508|NRRL3_05508	NRRL3_05508
jgi|Aspni_NRRL3_1|5509|NRRL3_05509	NRRL3_05509
jgi|Aspni_NRRL3_1|5510|NRRL3_05510	NRRL3_05510
jgi|Aspni_NRRL3_1|5511|NRRL3_05511	NRRL3_05511
jgi|Aspni_NRRL3_1|5512|NRRL3_05512	NRRL3_05512
jgi|Aspni_NRRL3_1|5513|NRRL3_05513	NRRL3_05513
jgi|Aspni_NRRL3_1|5514|NRRL3_05514	NRRL3_05514
jgi|Aspni_NRRL3_1|5515|NRRL3_05515	NRRL3_05515
jgi|Aspni_NRRL3_1|5516|NRRL3_05516	NRRL3_05516
jgi|Aspni_NRRL3_1|5517|NRRL3_05517	NRRL3_05517
jgi|Aspni_NRRL3_1|5518|NRRL3_05518	NRRL3_05518
jgi|Aspni_NRRL3_1|5519|NRRL3_05519	NRRL3_05519
jgi|Aspni_NRRL3_1|5520|NRRL3_05520	NRRL3_05520
jgi|Aspni_NRRL3_1|5521|NRRL3_05521	NRRL3_05521
jgi|Aspni_NRRL3_1|5522|NRRL3_05522	NRRL3_05522
jgi|Aspni_NRRL3_1|5523|NRRL3_05523	NRRL3_05523
jgi|Aspni_NRRL3_1|5524|NRRL3_05524	NRRL3_05524
jgi|Aspni_NRRL3_1|5525|NRRL3_05525	NRRL3_05525
jgi|Aspni_NRRL3_1|5526|NRRL3_05526	NRRL3_05526
jgi|Aspni_NRRL3_1|5527|NRRL3_05527	NRRL3_05527
jgi|Aspni_NRRL3_1|5528|NRRL3_05528	NRRL3_05528
jgi|Aspni_NRRL3_1|5529|NRRL3_05529	NRRL3_05529
jgi|Aspni_NRRL3_1|5530|NRRL3_05530	NRRL3_05530
jgi|Aspni_NRRL3_1|5531|NRRL3_05531	NRRL3_05531
jgi|Aspni_NRRL3_1|5532|NRRL3_05532	NRRL3_05532
jgi|Aspni_NRRL3_1|5533|NRRL3_05533	NRRL3_05533
jgi|Aspni_NRRL3_1|5534|NRRL3_05534	NRRL3_05534
jgi|Aspni_NRRL3_1|5535|NRRL3_05535	NRRL3_05535
jgi|Aspni_NRRL3_1|5536|NRRL3_05536	NRRL3_05536
jgi|Aspni_NRRL3_1|5537|NRRL3_05537	NRRL3_05537
jgi|Aspni_NRRL3_1|5538|NRRL3_05538	NRRL3_05538
jgi|Aspni_NRRL3_1|5539|NRRL3_05539	NRRL3_05539
jgi|Aspni_NRRL3_1|5540|NRRL3_05540	NRRL3_05540
jgi|Aspni_NRRL3_1|5541|NRRL3_05541	NRRL3_05541
jgi|Aspni_NRRL3_1|5542|NRRL3_05542	NRRL3_05542
jgi|Aspni_NRRL3_1|5543|NRRL3_05543	NRRL3_05543
jgi|Aspni_NRRL3_1|5544|NRRL3_05544	NRRL3_05544
jgi|Aspni_NRRL3_1|5545|NRRL3_05545	NRRL3_05545
jgi|Aspni_NRRL3_1|5546|NRRL3_05546	NRRL3_05546
jgi|Aspni_NRRL3_1|5547|NRRL3_05547	NRRL3_05547
jgi|Aspni_NRRL3_1|5548|NRRL3_05548	NRRL3_05548
jgi|Aspni_NRRL3_1|5549|NRRL3_05549	NRRL3_05549
jgi|Aspni_NRRL3_1|5550|NRRL3_05550	NRRL3_05550
jgi|Aspni_NRRL3_1|5551|NRRL3_05551	NRRL3_05551
jgi|Aspni_NRRL3_1|5552|NRRL3_05552	NRRL3_05552
jgi|Aspni_NRRL3_1|5553|NRRL3_05553	NRRL3_05553
jgi|Aspni_NRRL3_1|5554|NRRL3_05554	NRRL3_05554
jgi|Aspni_NRRL3_1|5555|NRRL3_05555	NRRL3_05555
jgi|Aspni_NRRL3_1|5556|NRRL3_05556	NRRL3_05556
jgi|Aspni_NRRL3_1|5557|NRRL3_05557	NRRL3_05557
jgi|Aspni_NRRL3_1|5558|NRRL3_05558	NRRL3_05558
jgi|Aspni_NRRL3_1|5559|NRRL3_05559	NRRL3_05559
jgi|Aspni_NRRL3_1|5560|NRRL3_05560	NRRL3_05560
jgi|Aspni_NRRL3_1|5561|NRRL3_05561	NRRL3_05561
jgi|Aspni_NRRL3_1|5562|NRRL3_05562	NRRL3_05562
jgi|Aspni_NRRL3_1|5563|NRRL3_05563	NRRL3_05563
jgi|Aspni_NRRL3_1|5564|NRRL3_05564	NRRL3_05564
jgi|Aspni_NRRL3_1|5565|NRRL3_05565	NRRL3_05565
jgi|Aspni_NRRL3_1|5566|NRRL3_05566	NRRL3_05566
jgi|Aspni_NRRL3_1|5567|NRRL3_05567	NRRL3_05567
jgi|Aspni_NRRL3_1|5568|NRRL3_05568	NRRL3_05568
jgi|Aspni_NRRL3_1|5569|NRRL3_05569	NRRL3_05569
jgi|Aspni_NRRL3_1|5570|NRRL3_05570	NRRL3_05570
jgi|Aspni_NRRL3_1|5571|NRRL3_05571	NRRL3_05571
jgi|Aspni_NRRL3_1|5572|NRRL3_05572	NRRL3_05572
jgi|Aspni_NRRL3_1|5573|NRRL3_05573	NRRL3_05573
jgi|Aspni_NRRL3_1|5574|NRRL3_05574	NRRL3_05574
jgi|Aspni_NRRL3_1|5575|NRRL3_05575	NRRL3_05575
jgi|Aspni_NRRL3_1|5576|NRRL3_05576	NRRL3_05576
jgi|Aspni_NRRL3_1|5577|NRRL3_05577	NRRL3_05577
jgi|Aspni_NRRL3_1|5578|NRRL3_05578	NRRL3_05578
jgi|Aspni_NRRL3_1|5579|NRRL3_05579	NRRL3_05579
jgi|Aspni_NRRL3_1|5580|NRRL3_05580	NRRL3_05580
jgi|Aspni_NRRL3_1|5581|NRRL3_05581	NRRL3_05581
jgi|Aspni_NRRL3_1|5582|NRRL3_05582	NRRL3_05582
jgi|Aspni_NRRL3_1|5583|NRRL3_05583	NRRL3_05583
jgi|Aspni_NRRL3_1|5584|NRRL3_05584	NRRL3_05584
jgi|Aspni_NRRL3_1|5585|NRRL3_05585	NRRL3_05585
jgi|Aspni_NRRL3_1|5586|NRRL3_05586	NRRL3_05586
jgi|Aspni_NRRL3_1|5587|NRRL3_05587	NRRL3_05587
jgi|Aspni_NRRL3_1|5588|NRRL3_05588	NRRL3_05588
jgi|Aspni_NRRL3_1|5589|NRRL3_05589	NRRL3_05589
jgi|Aspni_NRRL3_1|5590|NRRL3_05590	NRRL3_05590
jgi|Aspni_NRRL3_1|5591|NRRL3_05591	NRRL3_05591
jgi|Aspni_NRRL3_1|5592|NRRL3_05592	NRRL3_05592
jgi|Aspni_NRRL3_1|5593|NRRL3_05593	NRRL3_05593
jgi|Aspni_NRRL3_1|5594|NRRL3_05594	NRRL3_05594
jgi|Aspni_NRRL3_1|5595|NRRL3_05595	NRRL3_05595
jgi|Aspni_NRRL3_1|5596|NRRL3_05596	NRRL3_05596
jgi|Aspni_NRRL3_1|5597|NRRL3_05597	NRRL3_05597
jgi|Aspni_NRRL3_1|5598|NRRL3_05598	NRRL3_05598
jgi|Aspni_NRRL3_1|5599|NRRL3_05599	NRRL3_05599
jgi|Aspni_NRRL3_1|5600|NRRL3_05600	NRRL3_05600
jgi|Aspni_NRRL3_1|5601|NRRL3_05601	NRRL3_05601
jgi|Aspni_NRRL3_1|5602|NRRL3_05602	NRRL3_05602
jgi|Aspni_NRRL3_1|5603|NRRL3_05603	NRRL3_05603
jgi|Aspni_NRRL3_1|5604|NRRL3_05604	NRRL3_05604
jgi|Aspni_NRRL3_1|5605|NRRL3_05605	NRRL3_05605
jgi|Aspni_NRRL3_1|5606|NRRL3_05606	NRRL3_05606
jgi|Aspni_NRRL3_1|5607|NRRL3_05607	NRRL3_05607
jgi|Aspni_NRRL3_1|5608|NRRL3_05608	NRRL3_05608
jgi|Aspni_NRRL3_1|5609|NRRL3_05609	NRRL3_05609
jgi|Aspni_NRRL3_1|5610|NRRL3_05610	NRRL3_05610
jgi|Aspni_NRRL3_1|5611|NRRL3_05611	NRRL3_05611
jgi|Aspni_NRRL3_1|5612|NRRL3_05612	NRRL3_05612
jgi|Aspni_NRRL3_1|5613|NRRL3_05613	NRRL3_05613
jgi|Aspni_NRRL3_1|5614|NRRL3_05614	NRRL3_05614
jgi|Aspni_NRRL3_1|5615|NRRL3_05615	NRRL3_05615
jgi|Aspni_NRRL3_1|5616|NRRL3_05616	NRRL3_05616
jgi|Aspni_NRRL3_1|5617|NRRL3_05617	NRRL3_05617
jgi|Aspni_NRRL3_1|5618|NRRL3_05618	NRRL3_05618
jgi|Aspni_NRRL3_1|5619|NRRL3_05619	NRRL3_05619
jgi|Aspni_NRRL3_1|5620|NRRL3_05620	NRRL3_05620
jgi|Aspni_NRRL3_1|5621|NRRL3_05621	NRRL3_05621
jgi|Aspni_NRRL3_1|5622|NRRL3_05622	NRRL3_05622
jgi|Aspni_NRRL3_1|5623|NRRL3_05623	NRRL3_05623
jgi|Aspni_NRRL3_1|5624|NRRL3_05624	NRRL3_05624
jgi|Aspni_NRRL3_1|5625|NRRL3_05625	NRRL3_05625
jgi|Aspni_NRRL3_1|5626|NRRL3_05626	NRRL3_05626
jgi|Aspni_NRRL3_1|5627|NRRL3_05627	NRRL3_05627
jgi|Aspni_NRRL3_1|5628|NRRL3_05628	NRRL3_05628
jgi|Aspni_NRRL3_1|5629|NRRL3_05629	NRRL3_05629
jgi|Aspni_NRRL3_1|5630|NRRL3_05630	NRRL3_05630
jgi|Aspni_NRRL3_1|5631|NRRL3_05631	NRRL3_05631
jgi|Aspni_NRRL3_1|5632|NRRL3_05632	NRRL3_05632
jgi|Aspni_NRRL3_1|5633|NRRL3_05633	NRRL3_05633
jgi|Aspni_NRRL3_1|5634|NRRL3_05634	NRRL3_05634
jgi|Aspni_NRRL3_1|5635|NRRL3_05635	NRRL3_05635
jgi|Aspni_NRRL3_1|5636|NRRL3_05636	NRRL3_05636
jgi|Aspni_NRRL3_1|5637|NRRL3_05637	NRRL3_05637
jgi|Aspni_NRRL3_1|5638|NRRL3_05638	NRRL3_05638
jgi|Aspni_NRRL3_1|5639|NRRL3_05639	NRRL3_05639
jgi|Aspni_NRRL3_1|5640|NRRL3_05640	NRRL3_05640
jgi|Aspni_NRRL3_1|5641|NRRL3_05641	NRRL3_05641
jgi|Aspni_NRRL3_1|5642|NRRL3_05642	NRRL3_05642
jgi|Aspni_NRRL3_1|5643|NRRL3_05643	NRRL3_05643
jgi|Aspni_NRRL3_1|5644|NRRL3_05644	NRRL3_05644
jgi|Aspni_NRRL3_1|5645|NRRL3_05645	NRRL3_05645
jgi|Aspni_NRRL3_1|5646|NRRL3_05646	NRRL3_05646
jgi|Aspni_NRRL3_1|5647|NRRL3_05647	NRRL3_05647
jgi|Aspni_NRRL3_1|5648|NRRL3_05648	NRRL3_05648
jgi|Aspni_NRRL3_1|5649|NRRL3_05649	NRRL3_05649
jgi|Aspni_NRRL3_1|5650|NRRL3_05650	NRRL3_05650
jgi|Aspni_NRRL3_1|5651|NRRL3_05651	NRRL3_05651
jgi|Aspni_NRRL3_1|5652|NRRL3_05652	NRRL3_05652
jgi|Aspni_NRRL3_1|5653|NRRL3_05653	NRRL3_05653
jgi|Aspni_NRRL3_1|5654|NRRL3_05654	NRRL3_05654
jgi|Aspni_NRRL3_1|5655|NRRL3_05655	NRRL3_05655
jgi|Aspni_NRRL3_1|5656|NRRL3_05656	NRRL3_05656
jgi|Aspni_NRRL3_1|5657|NRRL3_05657	NRRL3_05657
jgi|Aspni_NRRL3_1|5658|NRRL3_05658	NRRL3_05658
jgi|Aspni_NRRL3_1|5659|NRRL3_05659	NRRL3_05659
jgi|Aspni_NRRL3_1|5660|NRRL3_05660	NRRL3_05660
jgi|Aspni_NRRL3_1|5661|NRRL3_05661	NRRL3_05661
jgi|Aspni_NRRL3_1|5662|NRRL3_05662	NRRL3_05662
jgi|Aspni_NRRL3_1|5663|NRRL3_05663	NRRL3_05663
jgi|Aspni_NRRL3_1|5664|NRRL3_05664	NRRL3_05664
jgi|Aspni_NRRL3_1|5665|NRRL3_05665	NRRL3_05665
jgi|Aspni_NRRL3_1|5666|NRRL3_05666	NRRL3_05666
jgi|Aspni_NRRL3_1|5667|NRRL3_05667	NRRL3_05667
jgi|Aspni_NRRL3_1|5668|NRRL3_05668	NRRL3_05668
jgi|Aspni_NRRL3_1|5669|NRRL3_05669	NRRL3_05669
jgi|Aspni_NRRL3_1|5670|NRRL3_05670	NRRL3_05670
jgi|Aspni_NRRL3_1|5671|NRRL3_05671	NRRL3_05671
jgi|Aspni_NRRL3_1|5672|NRRL3_05672	NRRL3_05672
jgi|Aspni_NRRL3_1|5673|NRRL3_05673	NRRL3_05673
jgi|Aspni_NRRL3_1|5674|NRRL3_05674	NRRL3_05674
jgi|Aspni_NRRL3_1|5675|NRRL3_05675	NRRL3_05675
jgi|Aspni_NRRL3_1|5676|NRRL3_05676	NRRL3_05676
jgi|Aspni_NRRL3_1|5677|NRRL3_05677	NRRL3_05677
jgi|Aspni_NRRL3_1|5678|NRRL3_05678	NRRL3_05678
jgi|Aspni_NRRL3_1|5679|NRRL3_05679	NRRL3_05679
jgi|Aspni_NRRL3_1|5680|NRRL3_05680	NRRL3_05680
jgi|Aspni_NRRL3_1|5681|NRRL3_05681	NRRL3_05681
jgi|Aspni_NRRL3_1|5682|NRRL3_05682	NRRL3_05682
jgi|Aspni_NRRL3_1|5683|NRRL3_05683	NRRL3_05683
jgi|Aspni_NRRL3_1|5684|NRRL3_05684	NRRL3_05684
jgi|Aspni_NRRL3_1|5685|NRRL3_05685	NRRL3_05685
jgi|Aspni_NRRL3_1|5686|NRRL3_05686	NRRL3_05686
jgi|Aspni_NRRL3_1|5687|NRRL3_05687	NRRL3_05687
jgi|Aspni_NRRL3_1|5688|NRRL3_05688	NRRL3_05688
jgi|Aspni_NRRL3_1|5689|NRRL3_05689	NRRL3_05689
jgi|Aspni_NRRL3_1|5690|NRRL3_05690	NRRL3_05690
jgi|Aspni_NRRL3_1|5691|NRRL3_05691	NRRL3_05691
jgi|Aspni_NRRL3_1|5692|NRRL3_05692	NRRL3_05692
jgi|Aspni_NRRL3_1|5693|NRRL3_05693	NRRL3_05693
jgi|Aspni_NRRL3_1|5694|NRRL3_05694	NRRL3_05694
jgi|Aspni_NRRL3_1|5695|NRRL3_05695	NRRL3_05695
jgi|Aspni_NRRL3_1|5696|NRRL3_05696	NRRL3_05696
jgi|Aspni_NRRL3_1|5697|NRRL3_05697	NRRL3_05697
jgi|Aspni_NRRL3_1|5698|NRRL3_05698	NRRL3_05698
jgi|Aspni_NRRL3_1|5699|NRRL3_05699	NRRL3_05699
jgi|Aspni_NRRL3_1|5700|NRRL3_05700	NRRL3_05700
jgi|Aspni_NRRL3_1|5701|NRRL3_05701	NRRL3_05701
jgi|Aspni_NRRL3_1|5702|NRRL3_05702	NRRL3_05702
jgi|Aspni_NRRL3_1|5703|NRRL3_05703	NRRL3_05703
jgi|Aspni_NRRL3_1|5704|NRRL3_05704	NRRL3_05704
jgi|Aspni_NRRL3_1|5705|NRRL3_05705	NRRL3_05705
jgi|Aspni_NRRL3_1|5706|NRRL3_05706	NRRL3_05706
jgi|Aspni_NRRL3_1|5707|NRRL3_05707	NRRL3_05707
jgi|Aspni_NRRL3_1|5708|NRRL3_05708	NRRL3_05708
jgi|Aspni_NRRL3_1|5709|NRRL3_05709	NRRL3_05709
jgi|Aspni_NRRL3_1|5710|NRRL3_05710	NRRL3_05710
jgi|Aspni_NRRL3_1|5711|NRRL3_05711	NRRL3_05711
jgi|Aspni_NRRL3_1|5712|NRRL3_05712	NRRL3_05712
jgi|Aspni_NRRL3_1|5713|NRRL3_05713	NRRL3_05713
jgi|Aspni_NRRL3_1|5714|NRRL3_05714	NRRL3_05714
jgi|Aspni_NRRL3_1|5715|NRRL3_05715	NRRL3_05715
jgi|Aspni_NRRL3_1|5716|NRRL3_05716	NRRL3_05716
jgi|Aspni_NRRL3_1|5717|NRRL3_05717	NRRL3_05717
jgi|Aspni_NRRL3_1|5718|NRRL3_05718	NRRL3_05718
jgi|Aspni_NRRL3_1|5719|NRRL3_05719	NRRL3_05719
jgi|Aspni_NRRL3_1|5720|NRRL3_05720	NRRL3_05720
jgi|Aspni_NRRL3_1|5721|NRRL3_05721	NRRL3_05721
jgi|Aspni_NRRL3_1|5722|NRRL3_05722	NRRL3_05722
jgi|Aspni_NRRL3_1|5723|NRRL3_05723	NRRL3_05723
jgi|Aspni_NRRL3_1|5724|NRRL3_05724	NRRL3_05724
jgi|Aspni_NRRL3_1|5725|NRRL3_05725	NRRL3_05725
jgi|Aspni_NRRL3_1|5726|NRRL3_05726	NRRL3_05726
jgi|Aspni_NRRL3_1|5727|NRRL3_05727	NRRL3_05727
jgi|Aspni_NRRL3_1|5728|NRRL3_05728	NRRL3_05728
jgi|Aspni_NRRL3_1|5729|NRRL3_05729	NRRL3_05729
jgi|Aspni_NRRL3_1|5730|NRRL3_05730	NRRL3_05730
jgi|Aspni_NRRL3_1|5731|NRRL3_05731	NRRL3_05731
jgi|Aspni_NRRL3_1|5732|NRRL3_05732	NRRL3_05732
jgi|Aspni_NRRL3_1|5733|NRRL3_05733	NRRL3_05733
jgi|Aspni_NRRL3_1|5734|NRRL3_05734	NRRL3_05734
jgi|Aspni_NRRL3_1|5735|NRRL3_05735	NRRL3_05735
jgi|Aspni_NRRL3_1|5736|NRRL3_05736	NRRL3_05736
jgi|Aspni_NRRL3_1|5737|NRRL3_05737	NRRL3_05737
jgi|Aspni_NRRL3_1|5738|NRRL3_05738	NRRL3_05738
jgi|Aspni_NRRL3_1|5739|NRRL3_05739	NRRL3_05739
jgi|Aspni_NRRL3_1|5740|NRRL3_05740	NRRL3_05740
jgi|Aspni_NRRL3_1|5741|NRRL3_05741	NRRL3_05741
jgi|Aspni_NRRL3_1|5742|NRRL3_05742	NRRL3_05742
jgi|Aspni_NRRL3_1|5743|NRRL3_05743	NRRL3_05743
jgi|Aspni_NRRL3_1|5744|NRRL3_05744	NRRL3_05744
jgi|Aspni_NRRL3_1|5745|NRRL3_05745	NRRL3_05745
jgi|Aspni_NRRL3_1|5746|NRRL3_05746	NRRL3_05746
jgi|Aspni_NRRL3_1|5747|NRRL3_05747	NRRL3_05747
jgi|Aspni_NRRL3_1|5748|NRRL3_05748	NRRL3_05748
jgi|Aspni_NRRL3_1|5749|NRRL3_05749	NRRL3_05749
jgi|Aspni_NRRL3_1|5750|NRRL3_05750	NRRL3_05750
jgi|Aspni_NRRL3_1|5751|NRRL3_05751	NRRL3_05751
jgi|Aspni_NRRL3_1|5752|NRRL3_05752	NRRL3_05752
jgi|Aspni_NRRL3_1|5753|NRRL3_05753	NRRL3_05753
jgi|Aspni_NRRL3_1|5754|NRRL3_05754	NRRL3_05754
jgi|Aspni_NRRL3_1|5755|NRRL3_05755	NRRL3_05755
jgi|Aspni_NRRL3_1|5756|NRRL3_05756	NRRL3_05756
jgi|Aspni_NRRL3_1|5757|NRRL3_05757	NRRL3_05757
jgi|Aspni_NRRL3_1|5758|NRRL3_05758	NRRL3_05758
jgi|Aspni_NRRL3_1|5759|NRRL3_05759	NRRL3_05759
jgi|Aspni_NRRL3_1|5760|NRRL3_05760	NRRL3_05760
jgi|Aspni_NRRL3_1|5761|NRRL3_05761	NRRL3_05761
jgi|Aspni_NRRL3_1|5762|NRRL3_05762	NRRL3_05762
jgi|Aspni_NRRL3_1|5763|NRRL3_05763	NRRL3_05763
jgi|Aspni_NRRL3_1|5764|NRRL3_05764	NRRL3_05764
jgi|Aspni_NRRL3_1|5765|NRRL3_05765	NRRL3_05765
jgi|Aspni_NRRL3_1|5766|NRRL3_05766	NRRL3_05766
jgi|Aspni_NRRL3_1|5767|NRRL3_05767	NRRL3_05767
jgi|Aspni_NRRL3_1|5768|NRRL3_05768	NRRL3_05768
jgi|Aspni_NRRL3_1|5769|NRRL3_05769	NRRL3_05769
jgi|Aspni_NRRL3_1|5770|NRRL3_05770	NRRL3_05770
jgi|Aspni_NRRL3_1|5771|NRRL3_05771	NRRL3_05771
jgi|Aspni_NRRL3_1|5772|NRRL3_05772	NRRL3_05772
jgi|Aspni_NRRL3_1|5773|NRRL3_05773	NRRL3_05773
jgi|Aspni_NRRL3_1|5774|NRRL3_05774	NRRL3_05774
jgi|Aspni_NRRL3_1|5775|NRRL3_05775	NRRL3_05775
jgi|Aspni_NRRL3_1|5776|NRRL3_05776	NRRL3_05776
jgi|Aspni_NRRL3_1|5777|NRRL3_05777	NRRL3_05777
jgi|Aspni_NRRL3_1|5778|NRRL3_05778	NRRL3_05778
jgi|Aspni_NRRL3_1|5779|NRRL3_05779	NRRL3_05779
jgi|Aspni_NRRL3_1|5780|NRRL3_05780	NRRL3_05780
jgi|Aspni_NRRL3_1|5781|NRRL3_05781	NRRL3_05781
jgi|Aspni_NRRL3_1|5782|NRRL3_05782	NRRL3_05782
jgi|Aspni_NRRL3_1|5783|NRRL3_05783	NRRL3_05783
jgi|Aspni_NRRL3_1|5784|NRRL3_05784	NRRL3_05784
jgi|Aspni_NRRL3_1|5785|NRRL3_05785	NRRL3_05785
jgi|Aspni_NRRL3_1|5786|NRRL3_05786	NRRL3_05786
jgi|Aspni_NRRL3_1|5787|NRRL3_05787	NRRL3_05787
jgi|Aspni_NRRL3_1|5788|NRRL3_05788	NRRL3_05788
jgi|Aspni_NRRL3_1|5789|NRRL3_05789	NRRL3_05789
jgi|Aspni_NRRL3_1|5790|NRRL3_05790	NRRL3_05790
jgi|Aspni_NRRL3_1|5791|NRRL3_05791	NRRL3_05791
jgi|Aspni_NRRL3_1|5792|NRRL3_05792	NRRL3_05792
jgi|Aspni_NRRL3_1|5793|NRRL3_05793	NRRL3_05793
jgi|Aspni_NRRL3_1|5794|NRRL3_05794	NRRL3_05794
jgi|Aspni_NRRL3_1|5795|NRRL3_05795	NRRL3_05795
jgi|Aspni_NRRL3_1|5796|NRRL3_05796	NRRL3_05796
jgi|Aspni_NRRL3_1|5797|NRRL3_05797	NRRL3_05797
jgi|Aspni_NRRL3_1|5798|NRRL3_05798	NRRL3_05798
jgi|Aspni_NRRL3_1|5799|NRRL3_05799	NRRL3_05799
jgi|Aspni_NRRL3_1|5800|NRRL3_05800	NRRL3_05800
jgi|Aspni_NRRL3_1|5801|NRRL3_05801	NRRL3_05801
jgi|Aspni_NRRL3_1|5802|NRRL3_05802	NRRL3_05802
jgi|Aspni_NRRL3_1|5803|NRRL3_05803	NRRL3_05803
jgi|Aspni_NRRL3_1|5804|NRRL3_05804	NRRL3_05804
jgi|Aspni_NRRL3_1|5805|NRRL3_05805	NRRL3_05805
jgi|Aspni_NRRL3_1|5806|NRRL3_05806	NRRL3_05806
jgi|Aspni_NRRL3_1|5807|NRRL3_05807	NRRL3_05807
jgi|Aspni_NRRL3_1|5808|NRRL3_05808	NRRL3_05808
jgi|Aspni_NRRL3_1|5809|NRRL3_05809	NRRL3_05809
jgi|Aspni_NRRL3_1|5810|NRRL3_05810	NRRL3_05810
jgi|Aspni_NRRL3_1|5811|NRRL3_05811	NRRL3_05811
jgi|Aspni_NRRL3_1|5812|NRRL3_05812	NRRL3_05812
jgi|Aspni_NRRL3_1|5813|NRRL3_05813	NRRL3_05813
jgi|Aspni_NRRL3_1|5814|NRRL3_05814	NRRL3_05814
jgi|Aspni_NRRL3_1|5815|NRRL3_05815	NRRL3_05815
jgi|Aspni_NRRL3_1|5816|NRRL3_05816	NRRL3_05816
jgi|Aspni_NRRL3_1|5817|NRRL3_05817	NRRL3_05817
jgi|Aspni_NRRL3_1|5818|NRRL3_05818	NRRL3_05818
jgi|Aspni_NRRL3_1|5819|NRRL3_05819	NRRL3_05819
jgi|Aspni_NRRL3_1|5820|NRRL3_05820	NRRL3_05820
jgi|Aspni_NRRL3_1|5821|NRRL3_05821	NRRL3_05821
jgi|Aspni_NRRL3_1|5822|NRRL3_05822	NRRL3_05822
jgi|Aspni_NRRL3_1|5823|NRRL3_05823	NRRL3_05823
jgi|Aspni_NRRL3_1|5824|NRRL3_05824	NRRL3_05824
jgi|Aspni_NRRL3_1|5825|NRRL3_05825	NRRL3_05825
jgi|Aspni_NRRL3_1|5826|NRRL3_05826	NRRL3_05826
jgi|Aspni_NRRL3_1|5827|NRRL3_05827	NRRL3_05827
jgi|Aspni_NRRL3_1|5828|NRRL3_05828	NRRL3_05828
jgi|Aspni_NRRL3_1|5829|NRRL3_05829	NRRL3_05829
jgi|Aspni_NRRL3_1|5830|NRRL3_05830	NRRL3_05830
jgi|Aspni_NRRL3_1|5831|NRRL3_05831	NRRL3_05831
jgi|Aspni_NRRL3_1|5832|NRRL3_05832	NRRL3_05832
jgi|Aspni_NRRL3_1|5833|NRRL3_05833	NRRL3_05833
jgi|Aspni_NRRL3_1|5834|NRRL3_05834	NRRL3_05834
jgi|Aspni_NRRL3_1|5835|NRRL3_05835	NRRL3_05835
jgi|Aspni_NRRL3_1|5836|NRRL3_05836	NRRL3_05836
jgi|Aspni_NRRL3_1|5837|NRRL3_05837	NRRL3_05837
jgi|Aspni_NRRL3_1|5838|NRRL3_05838	NRRL3_05838
jgi|Aspni_NRRL3_1|5839|NRRL3_05839	NRRL3_05839
jgi|Aspni_NRRL3_1|5840|NRRL3_05840	NRRL3_05840
jgi|Aspni_NRRL3_1|5841|NRRL3_05841	NRRL3_05841
jgi|Aspni_NRRL3_1|5842|NRRL3_05842	NRRL3_05842
jgi|Aspni_NRRL3_1|5843|NRRL3_05843	NRRL3_05843
jgi|Aspni_NRRL3_1|5844|NRRL3_05844	NRRL3_05844
jgi|Aspni_NRRL3_1|5845|NRRL3_05845	NRRL3_05845
jgi|Aspni_NRRL3_1|5846|NRRL3_05846	NRRL3_05846
jgi|Aspni_NRRL3_1|5847|NRRL3_05847	NRRL3_05847
jgi|Aspni_NRRL3_1|5848|NRRL3_05848	NRRL3_05848
jgi|Aspni_NRRL3_1|5849|NRRL3_05849	NRRL3_05849
jgi|Aspni_NRRL3_1|5850|NRRL3_05850	NRRL3_05850
jgi|Aspni_NRRL3_1|5851|NRRL3_05851	NRRL3_05851
jgi|Aspni_NRRL3_1|5852|NRRL3_05852	NRRL3_05852
jgi|Aspni_NRRL3_1|5853|NRRL3_05853	NRRL3_05853
jgi|Aspni_NRRL3_1|5854|NRRL3_05854	NRRL3_05854
jgi|Aspni_NRRL3_1|5855|NRRL3_05855	NRRL3_05855
jgi|Aspni_NRRL3_1|5856|NRRL3_05856	NRRL3_05856
jgi|Aspni_NRRL3_1|5857|NRRL3_05857	NRRL3_05857
jgi|Aspni_NRRL3_1|5858|NRRL3_05858	NRRL3_05858
jgi|Aspni_NRRL3_1|5859|NRRL3_05859	NRRL3_05859
jgi|Aspni_NRRL3_1|5860|NRRL3_05860	NRRL3_05860
jgi|Aspni_NRRL3_1|5861|NRRL3_05861	NRRL3_05861
jgi|Aspni_NRRL3_1|5862|NRRL3_05862	NRRL3_05862
jgi|Aspni_NRRL3_1|5863|NRRL3_05863	NRRL3_05863
jgi|Aspni_NRRL3_1|5864|NRRL3_05864	NRRL3_05864
jgi|Aspni_NRRL3_1|5865|NRRL3_05865	NRRL3_05865
jgi|Aspni_NRRL3_1|5866|NRRL3_05866	NRRL3_05866
jgi|Aspni_NRRL3_1|5867|NRRL3_05867	NRRL3_05867
jgi|Aspni_NRRL3_1|5868|NRRL3_05868	NRRL3_05868
jgi|Aspni_NRRL3_1|5869|NRRL3_05869	NRRL3_05869
jgi|Aspni_NRRL3_1|5870|NRRL3_05870	NRRL3_05870
jgi|Aspni_NRRL3_1|5871|NRRL3_05871	NRRL3_05871
jgi|Aspni_NRRL3_1|5872|NRRL3_05872	NRRL3_05872
jgi|Aspni_NRRL3_1|5873|NRRL3_05873	NRRL3_05873
jgi|Aspni_NRRL3_1|5874|NRRL3_05874	NRRL3_05874
jgi|Aspni_NRRL3_1|5875|NRRL3_05875	NRRL3_05875
jgi|Aspni_NRRL3_1|5876|NRRL3_05876	NRRL3_05876
jgi|Aspni_NRRL3_1|5877|NRRL3_05877	NRRL3_05877
jgi|Aspni_NRRL3_1|5878|NRRL3_05878	NRRL3_05878
jgi|Aspni_NRRL3_1|5879|NRRL3_05879	NRRL3_05879
jgi|Aspni_NRRL3_1|5880|NRRL3_05880	NRRL3_05880
jgi|Aspni_NRRL3_1|5881|NRRL3_05881	NRRL3_05881
jgi|Aspni_NRRL3_1|5882|NRRL3_05882	NRRL3_05882
jgi|Aspni_NRRL3_1|5883|NRRL3_05883	NRRL3_05883
jgi|Aspni_NRRL3_1|5884|NRRL3_05884	NRRL3_05884
jgi|Aspni_NRRL3_1|5885|NRRL3_05885	NRRL3_05885
jgi|Aspni_NRRL3_1|5886|NRRL3_05886	NRRL3_05886
jgi|Aspni_NRRL3_1|5887|NRRL3_05887	NRRL3_05887
jgi|Aspni_NRRL3_1|5888|NRRL3_05888	NRRL3_05888
jgi|Aspni_NRRL3_1|5889|NRRL3_05889	NRRL3_05889
jgi|Aspni_NRRL3_1|5890|NRRL3_05890	NRRL3_05890
jgi|Aspni_NRRL3_1|5891|NRRL3_05891	NRRL3_05891
jgi|Aspni_NRRL3_1|5892|NRRL3_05892	NRRL3_05892
jgi|Aspni_NRRL3_1|5893|NRRL3_05893	NRRL3_05893
jgi|Aspni_NRRL3_1|5894|NRRL3_05894	NRRL3_05894
jgi|Aspni_NRRL3_1|5895|NRRL3_05895	NRRL3_05895
jgi|Aspni_NRRL3_1|5896|NRRL3_05896	NRRL3_05896
jgi|Aspni_NRRL3_1|5897|NRRL3_05897	NRRL3_05897
jgi|Aspni_NRRL3_1|5898|NRRL3_05898	NRRL3_05898
jgi|Aspni_NRRL3_1|5899|NRRL3_05899	NRRL3_05899
jgi|Aspni_NRRL3_1|5900|NRRL3_05900	NRRL3_05900
jgi|Aspni_NRRL3_1|5901|NRRL3_05901	NRRL3_05901
jgi|Aspni_NRRL3_1|5902|NRRL3_05902	NRRL3_05902
jgi|Aspni_NRRL3_1|5903|NRRL3_05903	NRRL3_05903
jgi|Aspni_NRRL3_1|5904|NRRL3_05904	NRRL3_05904
jgi|Aspni_NRRL3_1|5905|NRRL3_05905	NRRL3_05905
jgi|Aspni_NRRL3_1|5906|NRRL3_05906	NRRL3_05906
jgi|Aspni_NRRL3_1|5907|NRRL3_05907	NRRL3_05907
jgi|Aspni_NRRL3_1|5908|NRRL3_05908	NRRL3_05908
jgi|Aspni_NRRL3_1|5909|NRRL3_05909	NRRL3_05909
jgi|Aspni_NRRL3_1|5910|NRRL3_05910	NRRL3_05910
jgi|Aspni_NRRL3_1|5911|NRRL3_05911	NRRL3_05911
jgi|Aspni_NRRL3_1|5912|NRRL3_05912	NRRL3_05912
jgi|Aspni_NRRL3_1|5913|NRRL3_05913	NRRL3_05913
jgi|Aspni_NRRL3_1|5914|NRRL3_05914	NRRL3_05914
jgi|Aspni_NRRL3_1|5915|NRRL3_05915	NRRL3_05915
jgi|Aspni_NRRL3_1|5916|NRRL3_05916	NRRL3_05916
jgi|Aspni_NRRL3_1|5917|NRRL3_05917	NRRL3_05917
jgi|Aspni_NRRL3_1|5918|NRRL3_05918	NRRL3_05918
jgi|Aspni_NRRL3_1|5919|NRRL3_05919	NRRL3_05919
jgi|Aspni_NRRL3_1|5920|NRRL3_05920	NRRL3_05920
jgi|Aspni_NRRL3_1|5921|NRRL3_05921	NRRL3_05921
jgi|Aspni_NRRL3_1|5922|NRRL3_05922	NRRL3_05922
jgi|Aspni_NRRL3_1|5923|NRRL3_05923	NRRL3_05923
jgi|Aspni_NRRL3_1|5924|NRRL3_05924	NRRL3_05924
jgi|Aspni_NRRL3_1|5925|NRRL3_05925	NRRL3_05925
jgi|Aspni_NRRL3_1|5926|NRRL3_05926	NRRL3_05926
jgi|Aspni_NRRL3_1|5927|NRRL3_05927	NRRL3_05927
jgi|Aspni_NRRL3_1|5928|NRRL3_05928	NRRL3_05928
jgi|Aspni_NRRL3_1|5929|NRRL3_05929	NRRL3_05929
jgi|Aspni_NRRL3_1|5930|NRRL3_05930	NRRL3_05930
jgi|Aspni_NRRL3_1|5931|NRRL3_05931	NRRL3_05931
jgi|Aspni_NRRL3_1|5932|NRRL3_05932	NRRL3_05932
jgi|Aspni_NRRL3_1|5933|NRRL3_05933	NRRL3_05933
jgi|Aspni_NRRL3_1|5934|NRRL3_05934	NRRL3_05934
jgi|Aspni_NRRL3_1|5935|NRRL3_05935	NRRL3_05935
jgi|Aspni_NRRL3_1|5936|NRRL3_05936	NRRL3_05936
jgi|Aspni_NRRL3_1|5937|NRRL3_05937	NRRL3_05937
jgi|Aspni_NRRL3_1|5938|NRRL3_05938	NRRL3_05938
jgi|Aspni_NRRL3_1|5939|NRRL3_05939	NRRL3_05939
jgi|Aspni_NRRL3_1|5940|NRRL3_05940	NRRL3_05940
jgi|Aspni_NRRL3_1|5941|NRRL3_05941	NRRL3_05941
jgi|Aspni_NRRL3_1|5942|NRRL3_05942	NRRL3_05942
jgi|Aspni_NRRL3_1|5943|NRRL3_05943	NRRL3_05943
jgi|Aspni_NRRL3_1|5944|NRRL3_05944	NRRL3_05944
jgi|Aspni_NRRL3_1|5945|NRRL3_05945	NRRL3_05945
jgi|Aspni_NRRL3_1|5946|NRRL3_05946	NRRL3_05946
jgi|Aspni_NRRL3_1|5947|NRRL3_05947	NRRL3_05947
jgi|Aspni_NRRL3_1|5948|NRRL3_05948	NRRL3_05948
jgi|Aspni_NRRL3_1|5949|NRRL3_05949	NRRL3_05949
jgi|Aspni_NRRL3_1|5950|NRRL3_05950	NRRL3_05950
jgi|Aspni_NRRL3_1|5951|NRRL3_05951	NRRL3_05951
jgi|Aspni_NRRL3_1|5952|NRRL3_05952	NRRL3_05952
jgi|Aspni_NRRL3_1|5953|NRRL3_05953	NRRL3_05953
jgi|Aspni_NRRL3_1|5954|NRRL3_05954	NRRL3_05954
jgi|Aspni_NRRL3_1|5955|NRRL3_05955	NRRL3_05955
jgi|Aspni_NRRL3_1|5956|NRRL3_05956	NRRL3_05956
jgi|Aspni_NRRL3_1|5957|NRRL3_05957	NRRL3_05957
jgi|Aspni_NRRL3_1|5958|NRRL3_05958	NRRL3_05958
jgi|Aspni_NRRL3_1|5959|NRRL3_05959	NRRL3_05959
jgi|Aspni_NRRL3_1|5960|NRRL3_05960	NRRL3_05960
jgi|Aspni_NRRL3_1|5961|NRRL3_05961	NRRL3_05961
jgi|Aspni_NRRL3_1|5962|NRRL3_05962	NRRL3_05962
jgi|Aspni_NRRL3_1|5963|NRRL3_05963	NRRL3_05963
jgi|Aspni_NRRL3_1|5964|NRRL3_05964	NRRL3_05964
jgi|Aspni_NRRL3_1|5965|NRRL3_05965	NRRL3_05965
jgi|Aspni_NRRL3_1|5966|NRRL3_05966	NRRL3_05966
jgi|Aspni_NRRL3_1|5967|NRRL3_05967	NRRL3_05967
jgi|Aspni_NRRL3_1|5968|NRRL3_05968	NRRL3_05968
jgi|Aspni_NRRL3_1|5969|NRRL3_05969	NRRL3_05969
jgi|Aspni_NRRL3_1|5970|NRRL3_05970	NRRL3_05970
jgi|Aspni_NRRL3_1|5971|NRRL3_05971	NRRL3_05971
jgi|Aspni_NRRL3_1|5972|NRRL3_05972	NRRL3_05972
jgi|Aspni_NRRL3_1|5973|NRRL3_05973	NRRL3_05973
jgi|Aspni_NRRL3_1|5974|NRRL3_05974	NRRL3_05974
jgi|Aspni_NRRL3_1|5975|NRRL3_05975	NRRL3_05975
jgi|Aspni_NRRL3_1|5976|NRRL3_05976	NRRL3_05976
jgi|Aspni_NRRL3_1|5977|NRRL3_05977	NRRL3_05977
jgi|Aspni_NRRL3_1|5978|NRRL3_05978	NRRL3_05978
jgi|Aspni_NRRL3_1|5979|NRRL3_05979	NRRL3_05979
jgi|Aspni_NRRL3_1|5980|NRRL3_05980	NRRL3_05980
jgi|Aspni_NRRL3_1|5981|NRRL3_05981	NRRL3_05981
jgi|Aspni_NRRL3_1|5982|NRRL3_05982	NRRL3_05982
jgi|Aspni_NRRL3_1|5983|NRRL3_05983	NRRL3_05983
jgi|Aspni_NRRL3_1|5984|NRRL3_05984	NRRL3_05984
jgi|Aspni_NRRL3_1|5985|NRRL3_05985	NRRL3_05985
jgi|Aspni_NRRL3_1|5986|NRRL3_05986	NRRL3_05986
jgi|Aspni_NRRL3_1|5987|NRRL3_05987	NRRL3_05987
jgi|Aspni_NRRL3_1|5988|NRRL3_05988	NRRL3_05988
jgi|Aspni_NRRL3_1|5989|NRRL3_05989	NRRL3_05989
jgi|Aspni_NRRL3_1|5990|NRRL3_05990	NRRL3_05990
jgi|Aspni_NRRL3_1|5991|NRRL3_05991	NRRL3_05991
jgi|Aspni_NRRL3_1|5992|NRRL3_05992	NRRL3_05992
jgi|Aspni_NRRL3_1|5993|NRRL3_05993	NRRL3_05993
jgi|Aspni_NRRL3_1|5994|NRRL3_05994	NRRL3_05994
jgi|Aspni_NRRL3_1|5995|NRRL3_05995	NRRL3_05995
jgi|Aspni_NRRL3_1|5996|NRRL3_05996	NRRL3_05996
jgi|Aspni_NRRL3_1|5997|NRRL3_05997	NRRL3_05997
jgi|Aspni_NRRL3_1|5998|NRRL3_05998	NRRL3_05998
jgi|Aspni_NRRL3_1|5999|NRRL3_05999	NRRL3_05999
jgi|Aspni_NRRL3_1|6000|NRRL3_06000	NRRL3_06000
jgi|Aspni_NRRL3_1|6001|NRRL3_06001	NRRL3_06001
jgi|Aspni_NRRL3_1|6002|NRRL3_06002	NRRL3_06002
jgi|Aspni_NRRL3_1|6003|NRRL3_06003	NRRL3_06003
jgi|Aspni_NRRL3_1|6004|NRRL3_06004	NRRL3_06004
jgi|Aspni_NRRL3_1|6005|NRRL3_06005	NRRL3_06005
jgi|Aspni_NRRL3_1|6006|NRRL3_06006	NRRL3_06006
jgi|Aspni_NRRL3_1|6007|NRRL3_06007	NRRL3_06007
jgi|Aspni_NRRL3_1|6008|NRRL3_06008	NRRL3_06008
jgi|Aspni_NRRL3_1|6009|NRRL3_06009	NRRL3_06009
jgi|Aspni_NRRL3_1|6010|NRRL3_06010	NRRL3_06010
jgi|Aspni_NRRL3_1|6011|NRRL3_06011	NRRL3_06011
jgi|Aspni_NRRL3_1|6012|NRRL3_06012	NRRL3_06012
jgi|Aspni_NRRL3_1|6013|NRRL3_06013	NRRL3_06013
jgi|Aspni_NRRL3_1|6014|NRRL3_06014	NRRL3_06014
jgi|Aspni_NRRL3_1|6015|NRRL3_06015	NRRL3_06015
jgi|Aspni_NRRL3_1|6016|NRRL3_06016	NRRL3_06016
jgi|Aspni_NRRL3_1|6017|NRRL3_06017	NRRL3_06017
jgi|Aspni_NRRL3_1|6018|NRRL3_06018	NRRL3_06018
jgi|Aspni_NRRL3_1|6019|NRRL3_06019	NRRL3_06019
jgi|Aspni_NRRL3_1|6020|NRRL3_06020	NRRL3_06020
jgi|Aspni_NRRL3_1|6021|NRRL3_06021	NRRL3_06021
jgi|Aspni_NRRL3_1|6022|NRRL3_06022	NRRL3_06022
jgi|Aspni_NRRL3_1|6023|NRRL3_06023	NRRL3_06023
jgi|Aspni_NRRL3_1|6024|NRRL3_06024	NRRL3_06024
jgi|Aspni_NRRL3_1|6025|NRRL3_06025	NRRL3_06025
jgi|Aspni_NRRL3_1|6026|NRRL3_06026	NRRL3_06026
jgi|Aspni_NRRL3_1|6027|NRRL3_06027	NRRL3_06027
jgi|Aspni_NRRL3_1|6028|NRRL3_06028	NRRL3_06028
jgi|Aspni_NRRL3_1|6029|NRRL3_06029	NRRL3_06029
jgi|Aspni_NRRL3_1|6030|NRRL3_06030	NRRL3_06030
jgi|Aspni_NRRL3_1|6031|NRRL3_06031	NRRL3_06031
jgi|Aspni_NRRL3_1|6032|NRRL3_06032	NRRL3_06032
jgi|Aspni_NRRL3_1|6033|NRRL3_06033	NRRL3_06033
jgi|Aspni_NRRL3_1|6034|NRRL3_06034	NRRL3_06034
jgi|Aspni_NRRL3_1|6035|NRRL3_06035	NRRL3_06035
jgi|Aspni_NRRL3_1|6036|NRRL3_06036	NRRL3_06036
jgi|Aspni_NRRL3_1|6037|NRRL3_06037	NRRL3_06037
jgi|Aspni_NRRL3_1|6038|NRRL3_06038	NRRL3_06038
jgi|Aspni_NRRL3_1|6039|NRRL3_06039	NRRL3_06039
jgi|Aspni_NRRL3_1|6040|NRRL3_06040	NRRL3_06040
jgi|Aspni_NRRL3_1|6041|NRRL3_06041	NRRL3_06041
jgi|Aspni_NRRL3_1|6042|NRRL3_06042	NRRL3_06042
jgi|Aspni_NRRL3_1|6043|NRRL3_06043	NRRL3_06043
jgi|Aspni_NRRL3_1|6044|NRRL3_06044	NRRL3_06044
jgi|Aspni_NRRL3_1|6045|NRRL3_06045	NRRL3_06045
jgi|Aspni_NRRL3_1|6046|NRRL3_06046	NRRL3_06046
jgi|Aspni_NRRL3_1|6047|NRRL3_06047	NRRL3_06047
jgi|Aspni_NRRL3_1|6048|NRRL3_06048	NRRL3_06048
jgi|Aspni_NRRL3_1|6049|NRRL3_06049	NRRL3_06049
jgi|Aspni_NRRL3_1|6050|NRRL3_06050	NRRL3_06050
jgi|Aspni_NRRL3_1|6051|NRRL3_06051	NRRL3_06051
jgi|Aspni_NRRL3_1|6052|NRRL3_06052	NRRL3_06052
jgi|Aspni_NRRL3_1|6053|NRRL3_06053	NRRL3_06053
jgi|Aspni_NRRL3_1|6054|NRRL3_06054	NRRL3_06054
jgi|Aspni_NRRL3_1|6055|NRRL3_06055	NRRL3_06055
jgi|Aspni_NRRL3_1|6056|NRRL3_06056	NRRL3_06056
jgi|Aspni_NRRL3_1|6057|NRRL3_06057	NRRL3_06057
jgi|Aspni_NRRL3_1|6058|NRRL3_06058	NRRL3_06058
jgi|Aspni_NRRL3_1|6059|NRRL3_06059	NRRL3_06059
jgi|Aspni_NRRL3_1|6060|NRRL3_06060	NRRL3_06060
jgi|Aspni_NRRL3_1|6061|NRRL3_06061	NRRL3_06061
jgi|Aspni_NRRL3_1|6062|NRRL3_06062	NRRL3_06062
jgi|Aspni_NRRL3_1|6063|NRRL3_06063	NRRL3_06063
jgi|Aspni_NRRL3_1|6064|NRRL3_06064	NRRL3_06064
jgi|Aspni_NRRL3_1|6065|NRRL3_06065	NRRL3_06065
jgi|Aspni_NRRL3_1|6066|NRRL3_06066	NRRL3_06066
jgi|Aspni_NRRL3_1|6067|NRRL3_06067	NRRL3_06067
jgi|Aspni_NRRL3_1|6068|NRRL3_06068	NRRL3_06068
jgi|Aspni_NRRL3_1|6069|NRRL3_06069	NRRL3_06069
jgi|Aspni_NRRL3_1|6070|NRRL3_06070	NRRL3_06070
jgi|Aspni_NRRL3_1|6071|NRRL3_06071	NRRL3_06071
jgi|Aspni_NRRL3_1|6072|NRRL3_06072	NRRL3_06072
jgi|Aspni_NRRL3_1|6073|NRRL3_06073	NRRL3_06073
jgi|Aspni_NRRL3_1|6074|NRRL3_06074	NRRL3_06074
jgi|Aspni_NRRL3_1|6075|NRRL3_06075	NRRL3_06075
jgi|Aspni_NRRL3_1|6076|NRRL3_06076	NRRL3_06076
jgi|Aspni_NRRL3_1|6077|NRRL3_06077	NRRL3_06077
jgi|Aspni_NRRL3_1|6078|NRRL3_06078	NRRL3_06078
jgi|Aspni_NRRL3_1|6079|NRRL3_06079	NRRL3_06079
jgi|Aspni_NRRL3_1|6080|NRRL3_06080	NRRL3_06080
jgi|Aspni_NRRL3_1|6081|NRRL3_06081	NRRL3_06081
jgi|Aspni_NRRL3_1|6082|NRRL3_06082	NRRL3_06082
jgi|Aspni_NRRL3_1|6083|NRRL3_06083	NRRL3_06083
jgi|Aspni_NRRL3_1|6084|NRRL3_06084	NRRL3_06084
jgi|Aspni_NRRL3_1|6085|NRRL3_06085	NRRL3_06085
jgi|Aspni_NRRL3_1|6086|NRRL3_06086	NRRL3_06086
jgi|Aspni_NRRL3_1|6087|NRRL3_06087	NRRL3_06087
jgi|Aspni_NRRL3_1|6088|NRRL3_06088	NRRL3_06088
jgi|Aspni_NRRL3_1|6089|NRRL3_06089	NRRL3_06089
jgi|Aspni_NRRL3_1|6090|NRRL3_06090	NRRL3_06090
jgi|Aspni_NRRL3_1|6091|NRRL3_06091	NRRL3_06091
jgi|Aspni_NRRL3_1|6092|NRRL3_06092	NRRL3_06092
jgi|Aspni_NRRL3_1|6093|NRRL3_06093	NRRL3_06093
jgi|Aspni_NRRL3_1|6094|NRRL3_06094	NRRL3_06094
jgi|Aspni_NRRL3_1|6095|NRRL3_06095	NRRL3_06095
jgi|Aspni_NRRL3_1|6096|NRRL3_06096	NRRL3_06096
jgi|Aspni_NRRL3_1|6097|NRRL3_06097	NRRL3_06097
jgi|Aspni_NRRL3_1|6098|NRRL3_06098	NRRL3_06098
jgi|Aspni_NRRL3_1|6099|NRRL3_06099	NRRL3_06099
jgi|Aspni_NRRL3_1|6100|NRRL3_06100	NRRL3_06100
jgi|Aspni_NRRL3_1|6101|NRRL3_06101	NRRL3_06101
jgi|Aspni_NRRL3_1|6102|NRRL3_06102	NRRL3_06102
jgi|Aspni_NRRL3_1|6103|NRRL3_06103	NRRL3_06103
jgi|Aspni_NRRL3_1|6104|NRRL3_06104	NRRL3_06104
jgi|Aspni_NRRL3_1|6105|NRRL3_06105	NRRL3_06105
jgi|Aspni_NRRL3_1|6106|NRRL3_06106	NRRL3_06106
jgi|Aspni_NRRL3_1|6107|NRRL3_06107	NRRL3_06107
jgi|Aspni_NRRL3_1|6108|NRRL3_06108	NRRL3_06108
jgi|Aspni_NRRL3_1|6109|NRRL3_06109	NRRL3_06109
jgi|Aspni_NRRL3_1|6110|NRRL3_06110	NRRL3_06110
jgi|Aspni_NRRL3_1|6111|NRRL3_06111	NRRL3_06111
jgi|Aspni_NRRL3_1|6112|NRRL3_06112	NRRL3_06112
jgi|Aspni_NRRL3_1|6113|NRRL3_06113	NRRL3_06113
jgi|Aspni_NRRL3_1|6114|NRRL3_06114	NRRL3_06114
jgi|Aspni_NRRL3_1|6115|NRRL3_06115	NRRL3_06115
jgi|Aspni_NRRL3_1|6116|NRRL3_06116	NRRL3_06116
jgi|Aspni_NRRL3_1|6117|NRRL3_06117	NRRL3_06117
jgi|Aspni_NRRL3_1|6118|NRRL3_06118	NRRL3_06118
jgi|Aspni_NRRL3_1|6119|NRRL3_06119	NRRL3_06119
jgi|Aspni_NRRL3_1|6120|NRRL3_06120	NRRL3_06120
jgi|Aspni_NRRL3_1|6121|NRRL3_06121	NRRL3_06121
jgi|Aspni_NRRL3_1|6122|NRRL3_06122	NRRL3_06122
jgi|Aspni_NRRL3_1|6123|NRRL3_06123	NRRL3_06123
jgi|Aspni_NRRL3_1|6124|NRRL3_06124	NRRL3_06124
jgi|Aspni_NRRL3_1|6125|NRRL3_06125	NRRL3_06125
jgi|Aspni_NRRL3_1|6126|NRRL3_06126	NRRL3_06126
jgi|Aspni_NRRL3_1|6127|NRRL3_06127	NRRL3_06127
jgi|Aspni_NRRL3_1|6128|NRRL3_06128	NRRL3_06128
jgi|Aspni_NRRL3_1|6129|NRRL3_06129	NRRL3_06129
jgi|Aspni_NRRL3_1|6130|NRRL3_06130	NRRL3_06130
jgi|Aspni_NRRL3_1|6131|NRRL3_06131	NRRL3_06131
jgi|Aspni_NRRL3_1|6132|NRRL3_06132	NRRL3_06132
jgi|Aspni_NRRL3_1|6133|NRRL3_06133	NRRL3_06133
jgi|Aspni_NRRL3_1|6134|NRRL3_06134	NRRL3_06134
jgi|Aspni_NRRL3_1|6135|NRRL3_06135	NRRL3_06135
jgi|Aspni_NRRL3_1|6136|NRRL3_06136	NRRL3_06136
jgi|Aspni_NRRL3_1|6137|NRRL3_06137	NRRL3_06137
jgi|Aspni_NRRL3_1|6138|NRRL3_06138	NRRL3_06138
jgi|Aspni_NRRL3_1|6139|NRRL3_06139	NRRL3_06139
jgi|Aspni_NRRL3_1|6140|NRRL3_06140	NRRL3_06140
jgi|Aspni_NRRL3_1|6141|NRRL3_06141	NRRL3_06141
jgi|Aspni_NRRL3_1|6142|NRRL3_06142	NRRL3_06142
jgi|Aspni_NRRL3_1|6143|NRRL3_06143	NRRL3_06143
jgi|Aspni_NRRL3_1|6144|NRRL3_06144	NRRL3_06144
jgi|Aspni_NRRL3_1|6145|NRRL3_06145	NRRL3_06145
jgi|Aspni_NRRL3_1|6146|NRRL3_06146	NRRL3_06146
jgi|Aspni_NRRL3_1|6147|NRRL3_06147	NRRL3_06147
jgi|Aspni_NRRL3_1|6148|NRRL3_06148	NRRL3_06148
jgi|Aspni_NRRL3_1|6149|NRRL3_06149	NRRL3_06149
jgi|Aspni_NRRL3_1|6150|NRRL3_06150	NRRL3_06150
jgi|Aspni_NRRL3_1|6151|NRRL3_06151	NRRL3_06151
jgi|Aspni_NRRL3_1|6152|NRRL3_06152	NRRL3_06152
jgi|Aspni_NRRL3_1|6153|NRRL3_06153	NRRL3_06153
jgi|Aspni_NRRL3_1|6154|NRRL3_06154	NRRL3_06154
jgi|Aspni_NRRL3_1|6155|NRRL3_06155	NRRL3_06155
jgi|Aspni_NRRL3_1|6156|NRRL3_06156	NRRL3_06156
jgi|Aspni_NRRL3_1|6157|NRRL3_06157	NRRL3_06157
jgi|Aspni_NRRL3_1|6158|NRRL3_06158	NRRL3_06158
jgi|Aspni_NRRL3_1|6159|NRRL3_06159	NRRL3_06159
jgi|Aspni_NRRL3_1|6160|NRRL3_06160	NRRL3_06160
jgi|Aspni_NRRL3_1|6161|NRRL3_06161	NRRL3_06161
jgi|Aspni_NRRL3_1|6162|NRRL3_06162	NRRL3_06162
jgi|Aspni_NRRL3_1|6163|NRRL3_06163	NRRL3_06163
jgi|Aspni_NRRL3_1|6164|NRRL3_06164	NRRL3_06164
jgi|Aspni_NRRL3_1|6165|NRRL3_06165	NRRL3_06165
jgi|Aspni_NRRL3_1|6166|NRRL3_06166	NRRL3_06166
jgi|Aspni_NRRL3_1|6167|NRRL3_06167	NRRL3_06167
jgi|Aspni_NRRL3_1|6168|NRRL3_06168	NRRL3_06168
jgi|Aspni_NRRL3_1|6169|NRRL3_06169	NRRL3_06169
jgi|Aspni_NRRL3_1|6170|NRRL3_06170	NRRL3_06170
jgi|Aspni_NRRL3_1|6171|NRRL3_06171	NRRL3_06171
jgi|Aspni_NRRL3_1|6172|NRRL3_06172	NRRL3_06172
jgi|Aspni_NRRL3_1|6173|NRRL3_06173	NRRL3_06173
jgi|Aspni_NRRL3_1|6174|NRRL3_06174	NRRL3_06174
jgi|Aspni_NRRL3_1|6175|NRRL3_06175	NRRL3_06175
jgi|Aspni_NRRL3_1|6176|NRRL3_06176	NRRL3_06176
jgi|Aspni_NRRL3_1|6177|NRRL3_06177	NRRL3_06177
jgi|Aspni_NRRL3_1|6178|NRRL3_06178	NRRL3_06178
jgi|Aspni_NRRL3_1|6179|NRRL3_06179	NRRL3_06179
jgi|Aspni_NRRL3_1|6180|NRRL3_06180	NRRL3_06180
jgi|Aspni_NRRL3_1|6181|NRRL3_06181	NRRL3_06181
jgi|Aspni_NRRL3_1|6182|NRRL3_06182	NRRL3_06182
jgi|Aspni_NRRL3_1|6183|NRRL3_06183	NRRL3_06183
jgi|Aspni_NRRL3_1|6184|NRRL3_06184	NRRL3_06184
jgi|Aspni_NRRL3_1|6185|NRRL3_06185	NRRL3_06185
jgi|Aspni_NRRL3_1|6186|NRRL3_06186	NRRL3_06186
jgi|Aspni_NRRL3_1|6187|NRRL3_06187	NRRL3_06187
jgi|Aspni_NRRL3_1|6188|NRRL3_06188	NRRL3_06188
jgi|Aspni_NRRL3_1|6189|NRRL3_06189	NRRL3_06189
jgi|Aspni_NRRL3_1|6190|NRRL3_06190	NRRL3_06190
jgi|Aspni_NRRL3_1|6191|NRRL3_06191	NRRL3_06191
jgi|Aspni_NRRL3_1|6192|NRRL3_06192	NRRL3_06192
jgi|Aspni_NRRL3_1|6193|NRRL3_06193	NRRL3_06193
jgi|Aspni_NRRL3_1|6194|NRRL3_06194	NRRL3_06194
jgi|Aspni_NRRL3_1|6195|NRRL3_06195	NRRL3_06195
jgi|Aspni_NRRL3_1|6196|NRRL3_06196	NRRL3_06196
jgi|Aspni_NRRL3_1|6197|NRRL3_06197	NRRL3_06197
jgi|Aspni_NRRL3_1|6198|NRRL3_06198	NRRL3_06198
jgi|Aspni_NRRL3_1|6199|NRRL3_06199	NRRL3_06199
jgi|Aspni_NRRL3_1|6200|NRRL3_06200	NRRL3_06200
jgi|Aspni_NRRL3_1|6201|NRRL3_06201	NRRL3_06201
jgi|Aspni_NRRL3_1|6202|NRRL3_06202	NRRL3_06202
jgi|Aspni_NRRL3_1|6203|NRRL3_06203	NRRL3_06203
jgi|Aspni_NRRL3_1|6204|NRRL3_06204	NRRL3_06204
jgi|Aspni_NRRL3_1|6205|NRRL3_06205	NRRL3_06205
jgi|Aspni_NRRL3_1|6206|NRRL3_06206	NRRL3_06206
jgi|Aspni_NRRL3_1|6207|NRRL3_06207	NRRL3_06207
jgi|Aspni_NRRL3_1|6208|NRRL3_06208	NRRL3_06208
jgi|Aspni_NRRL3_1|6209|NRRL3_06209	NRRL3_06209
jgi|Aspni_NRRL3_1|6210|NRRL3_06210	NRRL3_06210
jgi|Aspni_NRRL3_1|6211|NRRL3_06211	NRRL3_06211
jgi|Aspni_NRRL3_1|6212|NRRL3_06212	NRRL3_06212
jgi|Aspni_NRRL3_1|6213|NRRL3_06213	NRRL3_06213
jgi|Aspni_NRRL3_1|6214|NRRL3_06214	NRRL3_06214
jgi|Aspni_NRRL3_1|6215|NRRL3_06215	NRRL3_06215
jgi|Aspni_NRRL3_1|6216|NRRL3_06216	NRRL3_06216
jgi|Aspni_NRRL3_1|6217|NRRL3_06217	NRRL3_06217
jgi|Aspni_NRRL3_1|6218|NRRL3_06218	NRRL3_06218
jgi|Aspni_NRRL3_1|6219|NRRL3_06219	NRRL3_06219
jgi|Aspni_NRRL3_1|6220|NRRL3_06220	NRRL3_06220
jgi|Aspni_NRRL3_1|6221|NRRL3_06221	NRRL3_06221
jgi|Aspni_NRRL3_1|6222|NRRL3_06222	NRRL3_06222
jgi|Aspni_NRRL3_1|6223|NRRL3_06223	NRRL3_06223
jgi|Aspni_NRRL3_1|6224|NRRL3_06224	NRRL3_06224
jgi|Aspni_NRRL3_1|6225|NRRL3_06225	NRRL3_06225
jgi|Aspni_NRRL3_1|6226|NRRL3_06226	NRRL3_06226
jgi|Aspni_NRRL3_1|6227|NRRL3_06227	NRRL3_06227
jgi|Aspni_NRRL3_1|6228|NRRL3_06228	NRRL3_06228
jgi|Aspni_NRRL3_1|6229|NRRL3_06229	NRRL3_06229
jgi|Aspni_NRRL3_1|6230|NRRL3_06230	NRRL3_06230
jgi|Aspni_NRRL3_1|6231|NRRL3_06231	NRRL3_06231
jgi|Aspni_NRRL3_1|6232|NRRL3_06232	NRRL3_06232
jgi|Aspni_NRRL3_1|6233|NRRL3_06233	NRRL3_06233
jgi|Aspni_NRRL3_1|6234|NRRL3_06234	NRRL3_06234
jgi|Aspni_NRRL3_1|6235|NRRL3_06235	NRRL3_06235
jgi|Aspni_NRRL3_1|6236|NRRL3_06236	NRRL3_06236
jgi|Aspni_NRRL3_1|6237|NRRL3_06237	NRRL3_06237
jgi|Aspni_NRRL3_1|6238|NRRL3_06238	NRRL3_06238
jgi|Aspni_NRRL3_1|6239|NRRL3_06239	NRRL3_06239
jgi|Aspni_NRRL3_1|6240|NRRL3_06240	NRRL3_06240
jgi|Aspni_NRRL3_1|6241|NRRL3_06241	NRRL3_06241
jgi|Aspni_NRRL3_1|6242|NRRL3_06242	NRRL3_06242
jgi|Aspni_NRRL3_1|6243|NRRL3_06243	NRRL3_06243
jgi|Aspni_NRRL3_1|6244|NRRL3_06244	NRRL3_06244
jgi|Aspni_NRRL3_1|6245|NRRL3_06245	NRRL3_06245
jgi|Aspni_NRRL3_1|6246|NRRL3_06246	NRRL3_06246
jgi|Aspni_NRRL3_1|6247|NRRL3_06247	NRRL3_06247
jgi|Aspni_NRRL3_1|6248|NRRL3_06248	NRRL3_06248
jgi|Aspni_NRRL3_1|6249|NRRL3_06249	NRRL3_06249
jgi|Aspni_NRRL3_1|6250|NRRL3_06250	NRRL3_06250
jgi|Aspni_NRRL3_1|6251|NRRL3_06251	NRRL3_06251
jgi|Aspni_NRRL3_1|6252|NRRL3_06252	NRRL3_06252
jgi|Aspni_NRRL3_1|6253|NRRL3_06253	NRRL3_06253
jgi|Aspni_NRRL3_1|6254|NRRL3_06254	NRRL3_06254
jgi|Aspni_NRRL3_1|6255|NRRL3_06255	NRRL3_06255
jgi|Aspni_NRRL3_1|6256|NRRL3_06256	NRRL3_06256
jgi|Aspni_NRRL3_1|6257|NRRL3_06257	NRRL3_06257
jgi|Aspni_NRRL3_1|6258|NRRL3_06258	NRRL3_06258
jgi|Aspni_NRRL3_1|6259|NRRL3_06259	NRRL3_06259
jgi|Aspni_NRRL3_1|6260|NRRL3_06260	NRRL3_06260
jgi|Aspni_NRRL3_1|6261|NRRL3_06261	NRRL3_06261
jgi|Aspni_NRRL3_1|6262|NRRL3_06262	NRRL3_06262
jgi|Aspni_NRRL3_1|6263|NRRL3_06263	NRRL3_06263
jgi|Aspni_NRRL3_1|6264|NRRL3_06264	NRRL3_06264
jgi|Aspni_NRRL3_1|6265|NRRL3_06265	NRRL3_06265
jgi|Aspni_NRRL3_1|6266|NRRL3_06266	NRRL3_06266
jgi|Aspni_NRRL3_1|6267|NRRL3_06267	NRRL3_06267
jgi|Aspni_NRRL3_1|6268|NRRL3_06268	NRRL3_06268
jgi|Aspni_NRRL3_1|6269|NRRL3_06269	NRRL3_06269
jgi|Aspni_NRRL3_1|6270|NRRL3_06270	NRRL3_06270
jgi|Aspni_NRRL3_1|6271|NRRL3_06271	NRRL3_06271
jgi|Aspni_NRRL3_1|6272|NRRL3_06272	NRRL3_06272
jgi|Aspni_NRRL3_1|6273|NRRL3_06273	NRRL3_06273
jgi|Aspni_NRRL3_1|6274|NRRL3_06274	NRRL3_06274
jgi|Aspni_NRRL3_1|6275|NRRL3_06275	NRRL3_06275
jgi|Aspni_NRRL3_1|6276|NRRL3_06276	NRRL3_06276
jgi|Aspni_NRRL3_1|6277|NRRL3_06277	NRRL3_06277
jgi|Aspni_NRRL3_1|6278|NRRL3_06278	NRRL3_06278
jgi|Aspni_NRRL3_1|6279|NRRL3_06279	NRRL3_06279
jgi|Aspni_NRRL3_1|6280|NRRL3_06280	NRRL3_06280
jgi|Aspni_NRRL3_1|6281|NRRL3_06281	NRRL3_06281
jgi|Aspni_NRRL3_1|6282|NRRL3_06282	NRRL3_06282
jgi|Aspni_NRRL3_1|6283|NRRL3_06283	NRRL3_06283
jgi|Aspni_NRRL3_1|6284|NRRL3_06284	NRRL3_06284
jgi|Aspni_NRRL3_1|6285|NRRL3_06285	NRRL3_06285
jgi|Aspni_NRRL3_1|6286|NRRL3_06286	NRRL3_06286
jgi|Aspni_NRRL3_1|6287|NRRL3_06287	NRRL3_06287
jgi|Aspni_NRRL3_1|6288|NRRL3_06288	NRRL3_06288
jgi|Aspni_NRRL3_1|6289|NRRL3_06289	NRRL3_06289
jgi|Aspni_NRRL3_1|6290|NRRL3_06290	NRRL3_06290
jgi|Aspni_NRRL3_1|6291|NRRL3_06291	NRRL3_06291
jgi|Aspni_NRRL3_1|6292|NRRL3_06292	NRRL3_06292
jgi|Aspni_NRRL3_1|6293|NRRL3_06293	NRRL3_06293
jgi|Aspni_NRRL3_1|6294|NRRL3_06294	NRRL3_06294
jgi|Aspni_NRRL3_1|6295|NRRL3_06295	NRRL3_06295
jgi|Aspni_NRRL3_1|6296|NRRL3_06296	NRRL3_06296
jgi|Aspni_NRRL3_1|6297|NRRL3_06297	NRRL3_06297
jgi|Aspni_NRRL3_1|6298|NRRL3_06298	NRRL3_06298
jgi|Aspni_NRRL3_1|6299|NRRL3_06299	NRRL3_06299
jgi|Aspni_NRRL3_1|6300|NRRL3_06300	NRRL3_06300
jgi|Aspni_NRRL3_1|6301|NRRL3_06301	NRRL3_06301
jgi|Aspni_NRRL3_1|6302|NRRL3_06302	NRRL3_06302
jgi|Aspni_NRRL3_1|6303|NRRL3_06303	NRRL3_06303
jgi|Aspni_NRRL3_1|6304|NRRL3_06304	NRRL3_06304
jgi|Aspni_NRRL3_1|6305|NRRL3_06305	NRRL3_06305
jgi|Aspni_NRRL3_1|6306|NRRL3_06306	NRRL3_06306
jgi|Aspni_NRRL3_1|6307|NRRL3_06307	NRRL3_06307
jgi|Aspni_NRRL3_1|6308|NRRL3_06308	NRRL3_06308
jgi|Aspni_NRRL3_1|6309|NRRL3_06309	NRRL3_06309
jgi|Aspni_NRRL3_1|6310|NRRL3_06310	NRRL3_06310
jgi|Aspni_NRRL3_1|6311|NRRL3_06311	NRRL3_06311
jgi|Aspni_NRRL3_1|6312|NRRL3_06312	NRRL3_06312
jgi|Aspni_NRRL3_1|6313|NRRL3_06313	NRRL3_06313
jgi|Aspni_NRRL3_1|6314|NRRL3_06314	NRRL3_06314
jgi|Aspni_NRRL3_1|6315|NRRL3_06315	NRRL3_06315
jgi|Aspni_NRRL3_1|6316|NRRL3_06316	NRRL3_06316
jgi|Aspni_NRRL3_1|6317|NRRL3_06317	NRRL3_06317
jgi|Aspni_NRRL3_1|6318|NRRL3_06318	NRRL3_06318
jgi|Aspni_NRRL3_1|6319|NRRL3_06319	NRRL3_06319
jgi|Aspni_NRRL3_1|6320|NRRL3_06320	NRRL3_06320
jgi|Aspni_NRRL3_1|6321|NRRL3_06321	NRRL3_06321
jgi|Aspni_NRRL3_1|6322|NRRL3_06322	NRRL3_06322
jgi|Aspni_NRRL3_1|6323|NRRL3_06323	NRRL3_06323
jgi|Aspni_NRRL3_1|6324|NRRL3_06324	NRRL3_06324
jgi|Aspni_NRRL3_1|6325|NRRL3_06325	NRRL3_06325
jgi|Aspni_NRRL3_1|6326|NRRL3_06326	NRRL3_06326
jgi|Aspni_NRRL3_1|6327|NRRL3_06327	NRRL3_06327
jgi|Aspni_NRRL3_1|6328|NRRL3_06328	NRRL3_06328
jgi|Aspni_NRRL3_1|6329|NRRL3_06329	NRRL3_06329
jgi|Aspni_NRRL3_1|6330|NRRL3_06330	NRRL3_06330
jgi|Aspni_NRRL3_1|6331|NRRL3_06331	NRRL3_06331
jgi|Aspni_NRRL3_1|6332|NRRL3_06332	NRRL3_06332
jgi|Aspni_NRRL3_1|6333|NRRL3_06333	NRRL3_06333
jgi|Aspni_NRRL3_1|6334|NRRL3_06334	NRRL3_06334
jgi|Aspni_NRRL3_1|6335|NRRL3_06335	NRRL3_06335
jgi|Aspni_NRRL3_1|6336|NRRL3_06336	NRRL3_06336
jgi|Aspni_NRRL3_1|6337|NRRL3_06337	NRRL3_06337
jgi|Aspni_NRRL3_1|6338|NRRL3_06338	NRRL3_06338
jgi|Aspni_NRRL3_1|6339|NRRL3_06339	NRRL3_06339
jgi|Aspni_NRRL3_1|6340|NRRL3_06340	NRRL3_06340
jgi|Aspni_NRRL3_1|6341|NRRL3_06341	NRRL3_06341
jgi|Aspni_NRRL3_1|6342|NRRL3_06342	NRRL3_06342
jgi|Aspni_NRRL3_1|6343|NRRL3_06343	NRRL3_06343
jgi|Aspni_NRRL3_1|6344|NRRL3_06344	NRRL3_06344
jgi|Aspni_NRRL3_1|6345|NRRL3_06345	NRRL3_06345
jgi|Aspni_NRRL3_1|6346|NRRL3_06346	NRRL3_06346
jgi|Aspni_NRRL3_1|6347|NRRL3_06347	NRRL3_06347
jgi|Aspni_NRRL3_1|6348|NRRL3_06348	NRRL3_06348
jgi|Aspni_NRRL3_1|6349|NRRL3_06349	NRRL3_06349
jgi|Aspni_NRRL3_1|6350|NRRL3_06350	NRRL3_06350
jgi|Aspni_NRRL3_1|6351|NRRL3_06351	NRRL3_06351
jgi|Aspni_NRRL3_1|6352|NRRL3_06352	NRRL3_06352
jgi|Aspni_NRRL3_1|6353|NRRL3_06353	NRRL3_06353
jgi|Aspni_NRRL3_1|6354|NRRL3_06354	NRRL3_06354
jgi|Aspni_NRRL3_1|6355|NRRL3_06355	NRRL3_06355
jgi|Aspni_NRRL3_1|6356|NRRL3_06356	NRRL3_06356
jgi|Aspni_NRRL3_1|6357|NRRL3_06357	NRRL3_06357
jgi|Aspni_NRRL3_1|6358|NRRL3_06358	NRRL3_06358
jgi|Aspni_NRRL3_1|6359|NRRL3_06359	NRRL3_06359
jgi|Aspni_NRRL3_1|6360|NRRL3_06360	NRRL3_06360
jgi|Aspni_NRRL3_1|6361|NRRL3_06361	NRRL3_06361
jgi|Aspni_NRRL3_1|6362|NRRL3_06362	NRRL3_06362
jgi|Aspni_NRRL3_1|6363|NRRL3_06363	NRRL3_06363
jgi|Aspni_NRRL3_1|6364|NRRL3_06364	NRRL3_06364
jgi|Aspni_NRRL3_1|6365|NRRL3_06365	NRRL3_06365
jgi|Aspni_NRRL3_1|6366|NRRL3_06366	NRRL3_06366
jgi|Aspni_NRRL3_1|6367|NRRL3_06367	NRRL3_06367
jgi|Aspni_NRRL3_1|6368|NRRL3_06368	NRRL3_06368
jgi|Aspni_NRRL3_1|6369|NRRL3_06369	NRRL3_06369
jgi|Aspni_NRRL3_1|6370|NRRL3_06370	NRRL3_06370
jgi|Aspni_NRRL3_1|6371|NRRL3_06371	NRRL3_06371
jgi|Aspni_NRRL3_1|6372|NRRL3_06372	NRRL3_06372
jgi|Aspni_NRRL3_1|6373|NRRL3_06373	NRRL3_06373
jgi|Aspni_NRRL3_1|6374|NRRL3_06374	NRRL3_06374
jgi|Aspni_NRRL3_1|6375|NRRL3_06375	NRRL3_06375
jgi|Aspni_NRRL3_1|6376|NRRL3_06376	NRRL3_06376
jgi|Aspni_NRRL3_1|6377|NRRL3_06377	NRRL3_06377
jgi|Aspni_NRRL3_1|6378|NRRL3_06378	NRRL3_06378
jgi|Aspni_NRRL3_1|6379|NRRL3_06379	NRRL3_06379
jgi|Aspni_NRRL3_1|6380|NRRL3_06380	NRRL3_06380
jgi|Aspni_NRRL3_1|6381|NRRL3_06381	NRRL3_06381
jgi|Aspni_NRRL3_1|6382|NRRL3_06382	NRRL3_06382
jgi|Aspni_NRRL3_1|6383|NRRL3_06383	NRRL3_06383
jgi|Aspni_NRRL3_1|6384|NRRL3_06384	NRRL3_06384
jgi|Aspni_NRRL3_1|6385|NRRL3_06385	NRRL3_06385
jgi|Aspni_NRRL3_1|6386|NRRL3_06386	NRRL3_06386
jgi|Aspni_NRRL3_1|6387|NRRL3_06387	NRRL3_06387
jgi|Aspni_NRRL3_1|6388|NRRL3_06388	NRRL3_06388
jgi|Aspni_NRRL3_1|6389|NRRL3_06389	NRRL3_06389
jgi|Aspni_NRRL3_1|6390|NRRL3_06390	NRRL3_06390
jgi|Aspni_NRRL3_1|6391|NRRL3_06391	NRRL3_06391
jgi|Aspni_NRRL3_1|6392|NRRL3_06392	NRRL3_06392
jgi|Aspni_NRRL3_1|6393|NRRL3_06393	NRRL3_06393
jgi|Aspni_NRRL3_1|6394|NRRL3_06394	NRRL3_06394
jgi|Aspni_NRRL3_1|6395|NRRL3_06395	NRRL3_06395
jgi|Aspni_NRRL3_1|6396|NRRL3_06396	NRRL3_06396
jgi|Aspni_NRRL3_1|6397|NRRL3_06397	NRRL3_06397
jgi|Aspni_NRRL3_1|6398|NRRL3_06398	NRRL3_06398
jgi|Aspni_NRRL3_1|6399|NRRL3_06399	NRRL3_06399
jgi|Aspni_NRRL3_1|6400|NRRL3_06400	NRRL3_06400
jgi|Aspni_NRRL3_1|6401|NRRL3_06401	NRRL3_06401
jgi|Aspni_NRRL3_1|6402|NRRL3_06402	NRRL3_06402
jgi|Aspni_NRRL3_1|6403|NRRL3_06403	NRRL3_06403
jgi|Aspni_NRRL3_1|6404|NRRL3_06404	NRRL3_06404
jgi|Aspni_NRRL3_1|6405|NRRL3_06405	NRRL3_06405
jgi|Aspni_NRRL3_1|6406|NRRL3_06406	NRRL3_06406
jgi|Aspni_NRRL3_1|6407|NRRL3_06407	NRRL3_06407
jgi|Aspni_NRRL3_1|6408|NRRL3_06408	NRRL3_06408
jgi|Aspni_NRRL3_1|6409|NRRL3_06409	NRRL3_06409
jgi|Aspni_NRRL3_1|6410|NRRL3_06410	NRRL3_06410
jgi|Aspni_NRRL3_1|6411|NRRL3_06411	NRRL3_06411
jgi|Aspni_NRRL3_1|6412|NRRL3_06412	NRRL3_06412
jgi|Aspni_NRRL3_1|6413|NRRL3_06413	NRRL3_06413
jgi|Aspni_NRRL3_1|6414|NRRL3_06414	NRRL3_06414
jgi|Aspni_NRRL3_1|6415|NRRL3_06415	NRRL3_06415
jgi|Aspni_NRRL3_1|6416|NRRL3_06416	NRRL3_06416
jgi|Aspni_NRRL3_1|6417|NRRL3_06417	NRRL3_06417
jgi|Aspni_NRRL3_1|6418|NRRL3_06418	NRRL3_06418
jgi|Aspni_NRRL3_1|6419|NRRL3_06419	NRRL3_06419
jgi|Aspni_NRRL3_1|6420|NRRL3_06420	NRRL3_06420
jgi|Aspni_NRRL3_1|6421|NRRL3_06421	NRRL3_06421
jgi|Aspni_NRRL3_1|6422|NRRL3_06422	NRRL3_06422
jgi|Aspni_NRRL3_1|6423|NRRL3_06423	NRRL3_06423
jgi|Aspni_NRRL3_1|6424|NRRL3_06424	NRRL3_06424
jgi|Aspni_NRRL3_1|6425|NRRL3_06425	NRRL3_06425
jgi|Aspni_NRRL3_1|6426|NRRL3_06426	NRRL3_06426
jgi|Aspni_NRRL3_1|6427|NRRL3_06427	NRRL3_06427
jgi|Aspni_NRRL3_1|6428|NRRL3_06428	NRRL3_06428
jgi|Aspni_NRRL3_1|6429|NRRL3_06429	NRRL3_06429
jgi|Aspni_NRRL3_1|6430|NRRL3_06430	NRRL3_06430
jgi|Aspni_NRRL3_1|6431|NRRL3_06431	NRRL3_06431
jgi|Aspni_NRRL3_1|6432|NRRL3_06432	NRRL3_06432
jgi|Aspni_NRRL3_1|6433|NRRL3_06433	NRRL3_06433
jgi|Aspni_NRRL3_1|6434|NRRL3_06434	NRRL3_06434
jgi|Aspni_NRRL3_1|6435|NRRL3_06435	NRRL3_06435
jgi|Aspni_NRRL3_1|6436|NRRL3_06436	NRRL3_06436
jgi|Aspni_NRRL3_1|6437|NRRL3_06437	NRRL3_06437
jgi|Aspni_NRRL3_1|6438|NRRL3_06438	NRRL3_06438
jgi|Aspni_NRRL3_1|6439|NRRL3_06439	NRRL3_06439
jgi|Aspni_NRRL3_1|6440|NRRL3_06440	NRRL3_06440
jgi|Aspni_NRRL3_1|6441|NRRL3_06441	NRRL3_06441
jgi|Aspni_NRRL3_1|6442|NRRL3_06442	NRRL3_06442
jgi|Aspni_NRRL3_1|6443|NRRL3_06443	NRRL3_06443
jgi|Aspni_NRRL3_1|6444|NRRL3_06444	NRRL3_06444
jgi|Aspni_NRRL3_1|6445|NRRL3_06445	NRRL3_06445
jgi|Aspni_NRRL3_1|6446|NRRL3_06446	NRRL3_06446
jgi|Aspni_NRRL3_1|6447|NRRL3_06447	NRRL3_06447
jgi|Aspni_NRRL3_1|6448|NRRL3_06448	NRRL3_06448
jgi|Aspni_NRRL3_1|6449|NRRL3_06449	NRRL3_06449
jgi|Aspni_NRRL3_1|6450|NRRL3_06450	NRRL3_06450
jgi|Aspni_NRRL3_1|6451|NRRL3_06451	NRRL3_06451
jgi|Aspni_NRRL3_1|6452|NRRL3_06452	NRRL3_06452
jgi|Aspni_NRRL3_1|6453|NRRL3_06453	NRRL3_06453
jgi|Aspni_NRRL3_1|6454|NRRL3_06454	NRRL3_06454
jgi|Aspni_NRRL3_1|6455|NRRL3_06455	NRRL3_06455
jgi|Aspni_NRRL3_1|6456|NRRL3_06456	NRRL3_06456
jgi|Aspni_NRRL3_1|6457|NRRL3_06457	NRRL3_06457
jgi|Aspni_NRRL3_1|6458|NRRL3_06458	NRRL3_06458
jgi|Aspni_NRRL3_1|6459|NRRL3_06459	NRRL3_06459
jgi|Aspni_NRRL3_1|6460|NRRL3_06460	NRRL3_06460
jgi|Aspni_NRRL3_1|6461|NRRL3_06461	NRRL3_06461
jgi|Aspni_NRRL3_1|6462|NRRL3_06462	NRRL3_06462
jgi|Aspni_NRRL3_1|6463|NRRL3_06463	NRRL3_06463
jgi|Aspni_NRRL3_1|6464|NRRL3_06464	NRRL3_06464
jgi|Aspni_NRRL3_1|6465|NRRL3_06465	NRRL3_06465
jgi|Aspni_NRRL3_1|6466|NRRL3_06466	NRRL3_06466
jgi|Aspni_NRRL3_1|6467|NRRL3_06467	NRRL3_06467
jgi|Aspni_NRRL3_1|6468|NRRL3_06468	NRRL3_06468
jgi|Aspni_NRRL3_1|6469|NRRL3_06469	NRRL3_06469
jgi|Aspni_NRRL3_1|6470|NRRL3_06470	NRRL3_06470
jgi|Aspni_NRRL3_1|6471|NRRL3_06471	NRRL3_06471
jgi|Aspni_NRRL3_1|6472|NRRL3_06472	NRRL3_06472
jgi|Aspni_NRRL3_1|6473|NRRL3_06473	NRRL3_06473
jgi|Aspni_NRRL3_1|6474|NRRL3_06474	NRRL3_06474
jgi|Aspni_NRRL3_1|6475|NRRL3_06475	NRRL3_06475
jgi|Aspni_NRRL3_1|6476|NRRL3_06476	NRRL3_06476
jgi|Aspni_NRRL3_1|6477|NRRL3_06477	NRRL3_06477
jgi|Aspni_NRRL3_1|6478|NRRL3_06478	NRRL3_06478
jgi|Aspni_NRRL3_1|6479|NRRL3_06479	NRRL3_06479
jgi|Aspni_NRRL3_1|6480|NRRL3_06480	NRRL3_06480
jgi|Aspni_NRRL3_1|6481|NRRL3_06481	NRRL3_06481
jgi|Aspni_NRRL3_1|6482|NRRL3_06482	NRRL3_06482
jgi|Aspni_NRRL3_1|6483|NRRL3_06483	NRRL3_06483
jgi|Aspni_NRRL3_1|6484|NRRL3_06484	NRRL3_06484
jgi|Aspni_NRRL3_1|6485|NRRL3_06485	NRRL3_06485
jgi|Aspni_NRRL3_1|6486|NRRL3_06486	NRRL3_06486
jgi|Aspni_NRRL3_1|6487|NRRL3_06487	NRRL3_06487
jgi|Aspni_NRRL3_1|6488|NRRL3_06488	NRRL3_06488
jgi|Aspni_NRRL3_1|6489|NRRL3_06489	NRRL3_06489
jgi|Aspni_NRRL3_1|6490|NRRL3_06490	NRRL3_06490
jgi|Aspni_NRRL3_1|6491|NRRL3_06491	NRRL3_06491
jgi|Aspni_NRRL3_1|6492|NRRL3_06492	NRRL3_06492
jgi|Aspni_NRRL3_1|6493|NRRL3_06493	NRRL3_06493
jgi|Aspni_NRRL3_1|6494|NRRL3_06494	NRRL3_06494
jgi|Aspni_NRRL3_1|6495|NRRL3_06495	NRRL3_06495
jgi|Aspni_NRRL3_1|6496|NRRL3_06496	NRRL3_06496
jgi|Aspni_NRRL3_1|6497|NRRL3_06497	NRRL3_06497
jgi|Aspni_NRRL3_1|6498|NRRL3_06498	NRRL3_06498
jgi|Aspni_NRRL3_1|6499|NRRL3_06499	NRRL3_06499
jgi|Aspni_NRRL3_1|6500|NRRL3_06500	NRRL3_06500
jgi|Aspni_NRRL3_1|6501|NRRL3_06501	NRRL3_06501
jgi|Aspni_NRRL3_1|6502|NRRL3_06502	NRRL3_06502
jgi|Aspni_NRRL3_1|6503|NRRL3_06503	NRRL3_06503
jgi|Aspni_NRRL3_1|6504|NRRL3_06504	NRRL3_06504
jgi|Aspni_NRRL3_1|6505|NRRL3_06505	NRRL3_06505
jgi|Aspni_NRRL3_1|6506|NRRL3_06506	NRRL3_06506
jgi|Aspni_NRRL3_1|6507|NRRL3_06507	NRRL3_06507
jgi|Aspni_NRRL3_1|6508|NRRL3_06508	NRRL3_06508
jgi|Aspni_NRRL3_1|6509|NRRL3_06509	NRRL3_06509
jgi|Aspni_NRRL3_1|6510|NRRL3_06510	NRRL3_06510
jgi|Aspni_NRRL3_1|6511|NRRL3_06511	NRRL3_06511
jgi|Aspni_NRRL3_1|6512|NRRL3_06512	NRRL3_06512
jgi|Aspni_NRRL3_1|6513|NRRL3_06513	NRRL3_06513
jgi|Aspni_NRRL3_1|6514|NRRL3_06514	NRRL3_06514
jgi|Aspni_NRRL3_1|6515|NRRL3_06515	NRRL3_06515
jgi|Aspni_NRRL3_1|6516|NRRL3_06516	NRRL3_06516
jgi|Aspni_NRRL3_1|6517|NRRL3_06517	NRRL3_06517
jgi|Aspni_NRRL3_1|6518|NRRL3_06518	NRRL3_06518
jgi|Aspni_NRRL3_1|6519|NRRL3_06519	NRRL3_06519
jgi|Aspni_NRRL3_1|6520|NRRL3_06520	NRRL3_06520
jgi|Aspni_NRRL3_1|6521|NRRL3_06521	NRRL3_06521
jgi|Aspni_NRRL3_1|6522|NRRL3_06522	NRRL3_06522
jgi|Aspni_NRRL3_1|6523|NRRL3_06523	NRRL3_06523
jgi|Aspni_NRRL3_1|6524|NRRL3_06524	NRRL3_06524
jgi|Aspni_NRRL3_1|6525|NRRL3_06525	NRRL3_06525
jgi|Aspni_NRRL3_1|6526|NRRL3_06526	NRRL3_06526
jgi|Aspni_NRRL3_1|6527|NRRL3_06527	NRRL3_06527
jgi|Aspni_NRRL3_1|6528|NRRL3_06528	NRRL3_06528
jgi|Aspni_NRRL3_1|6529|NRRL3_06529	NRRL3_06529
jgi|Aspni_NRRL3_1|6530|NRRL3_06530	NRRL3_06530
jgi|Aspni_NRRL3_1|6531|NRRL3_06531	NRRL3_06531
jgi|Aspni_NRRL3_1|6532|NRRL3_06532	NRRL3_06532
jgi|Aspni_NRRL3_1|6533|NRRL3_06533	NRRL3_06533
jgi|Aspni_NRRL3_1|6534|NRRL3_06534	NRRL3_06534
jgi|Aspni_NRRL3_1|6535|NRRL3_06535	NRRL3_06535
jgi|Aspni_NRRL3_1|6536|NRRL3_06536	NRRL3_06536
jgi|Aspni_NRRL3_1|6537|NRRL3_06537	NRRL3_06537
jgi|Aspni_NRRL3_1|6538|NRRL3_06538	NRRL3_06538
jgi|Aspni_NRRL3_1|6539|NRRL3_06539	NRRL3_06539
jgi|Aspni_NRRL3_1|6540|NRRL3_06540	NRRL3_06540
jgi|Aspni_NRRL3_1|6541|NRRL3_06541	NRRL3_06541
jgi|Aspni_NRRL3_1|6542|NRRL3_06542	NRRL3_06542
jgi|Aspni_NRRL3_1|6543|NRRL3_06543	NRRL3_06543
jgi|Aspni_NRRL3_1|6544|NRRL3_06544	NRRL3_06544
jgi|Aspni_NRRL3_1|6545|NRRL3_06545	NRRL3_06545
jgi|Aspni_NRRL3_1|6546|NRRL3_06546	NRRL3_06546
jgi|Aspni_NRRL3_1|6547|NRRL3_06547	NRRL3_06547
jgi|Aspni_NRRL3_1|6548|NRRL3_06548	NRRL3_06548
jgi|Aspni_NRRL3_1|6549|NRRL3_06549	NRRL3_06549
jgi|Aspni_NRRL3_1|6550|NRRL3_06550	NRRL3_06550
jgi|Aspni_NRRL3_1|6551|NRRL3_06551	NRRL3_06551
jgi|Aspni_NRRL3_1|6552|NRRL3_06552	NRRL3_06552
jgi|Aspni_NRRL3_1|6553|NRRL3_06553	NRRL3_06553
jgi|Aspni_NRRL3_1|6554|NRRL3_06554	NRRL3_06554
jgi|Aspni_NRRL3_1|6555|NRRL3_06555	NRRL3_06555
jgi|Aspni_NRRL3_1|6556|NRRL3_06556	NRRL3_06556
jgi|Aspni_NRRL3_1|6557|NRRL3_06557	NRRL3_06557
jgi|Aspni_NRRL3_1|6558|NRRL3_06558	NRRL3_06558
jgi|Aspni_NRRL3_1|6559|NRRL3_06559	NRRL3_06559
jgi|Aspni_NRRL3_1|6560|NRRL3_06560	NRRL3_06560
jgi|Aspni_NRRL3_1|6561|NRRL3_06561	NRRL3_06561
jgi|Aspni_NRRL3_1|6562|NRRL3_06562	NRRL3_06562
jgi|Aspni_NRRL3_1|6563|NRRL3_06563	NRRL3_06563
jgi|Aspni_NRRL3_1|6564|NRRL3_06564	NRRL3_06564
jgi|Aspni_NRRL3_1|6565|NRRL3_06565	NRRL3_06565
jgi|Aspni_NRRL3_1|6566|NRRL3_06566	NRRL3_06566
jgi|Aspni_NRRL3_1|6567|NRRL3_06567	NRRL3_06567
jgi|Aspni_NRRL3_1|6568|NRRL3_06568	NRRL3_06568
jgi|Aspni_NRRL3_1|6569|NRRL3_06569	NRRL3_06569
jgi|Aspni_NRRL3_1|6570|NRRL3_06570	NRRL3_06570
jgi|Aspni_NRRL3_1|6571|NRRL3_06571	NRRL3_06571
jgi|Aspni_NRRL3_1|6572|NRRL3_06572	NRRL3_06572
jgi|Aspni_NRRL3_1|6573|NRRL3_06573	NRRL3_06573
jgi|Aspni_NRRL3_1|6574|NRRL3_06574	NRRL3_06574
jgi|Aspni_NRRL3_1|6575|NRRL3_06575	NRRL3_06575
jgi|Aspni_NRRL3_1|6576|NRRL3_06576	NRRL3_06576
jgi|Aspni_NRRL3_1|6577|NRRL3_06577	NRRL3_06577
jgi|Aspni_NRRL3_1|6578|NRRL3_06578	NRRL3_06578
jgi|Aspni_NRRL3_1|6579|NRRL3_06579	NRRL3_06579
jgi|Aspni_NRRL3_1|6580|NRRL3_06580	NRRL3_06580
jgi|Aspni_NRRL3_1|6581|NRRL3_06581	NRRL3_06581
jgi|Aspni_NRRL3_1|6582|NRRL3_06582	NRRL3_06582
jgi|Aspni_NRRL3_1|6583|NRRL3_06583	NRRL3_06583
jgi|Aspni_NRRL3_1|6584|NRRL3_06584	NRRL3_06584
jgi|Aspni_NRRL3_1|6585|NRRL3_06585	NRRL3_06585
jgi|Aspni_NRRL3_1|6586|NRRL3_06586	NRRL3_06586
jgi|Aspni_NRRL3_1|6587|NRRL3_06587	NRRL3_06587
jgi|Aspni_NRRL3_1|6588|NRRL3_06588	NRRL3_06588
jgi|Aspni_NRRL3_1|6589|NRRL3_06589	NRRL3_06589
jgi|Aspni_NRRL3_1|6590|NRRL3_06590	NRRL3_06590
jgi|Aspni_NRRL3_1|6591|NRRL3_06591	NRRL3_06591
jgi|Aspni_NRRL3_1|6592|NRRL3_06592	NRRL3_06592
jgi|Aspni_NRRL3_1|6593|NRRL3_06593	NRRL3_06593
jgi|Aspni_NRRL3_1|6594|NRRL3_06594	NRRL3_06594
jgi|Aspni_NRRL3_1|6595|NRRL3_06595	NRRL3_06595
jgi|Aspni_NRRL3_1|6596|NRRL3_06596	NRRL3_06596
jgi|Aspni_NRRL3_1|6597|NRRL3_06597	NRRL3_06597
jgi|Aspni_NRRL3_1|6598|NRRL3_06598	NRRL3_06598
jgi|Aspni_NRRL3_1|6599|NRRL3_06599	NRRL3_06599
jgi|Aspni_NRRL3_1|6600|NRRL3_06600	NRRL3_06600
jgi|Aspni_NRRL3_1|6601|NRRL3_06601	NRRL3_06601
jgi|Aspni_NRRL3_1|6602|NRRL3_06602	NRRL3_06602
jgi|Aspni_NRRL3_1|6603|NRRL3_06603	NRRL3_06603
jgi|Aspni_NRRL3_1|6604|NRRL3_06604	NRRL3_06604
jgi|Aspni_NRRL3_1|6605|NRRL3_06605	NRRL3_06605
jgi|Aspni_NRRL3_1|6606|NRRL3_06606	NRRL3_06606
jgi|Aspni_NRRL3_1|6607|NRRL3_06607	NRRL3_06607
jgi|Aspni_NRRL3_1|6608|NRRL3_06608	NRRL3_06608
jgi|Aspni_NRRL3_1|6609|NRRL3_06609	NRRL3_06609
jgi|Aspni_NRRL3_1|6610|NRRL3_06610	NRRL3_06610
jgi|Aspni_NRRL3_1|6611|NRRL3_06611	NRRL3_06611
jgi|Aspni_NRRL3_1|6612|NRRL3_06612	NRRL3_06612
jgi|Aspni_NRRL3_1|6613|NRRL3_06613	NRRL3_06613
jgi|Aspni_NRRL3_1|6614|NRRL3_06614	NRRL3_06614
jgi|Aspni_NRRL3_1|6615|NRRL3_06615	NRRL3_06615
jgi|Aspni_NRRL3_1|6616|NRRL3_06616	NRRL3_06616
jgi|Aspni_NRRL3_1|6617|NRRL3_06617	NRRL3_06617
jgi|Aspni_NRRL3_1|6618|NRRL3_06618	NRRL3_06618
jgi|Aspni_NRRL3_1|6619|NRRL3_06619	NRRL3_06619
jgi|Aspni_NRRL3_1|6620|NRRL3_06620	NRRL3_06620
jgi|Aspni_NRRL3_1|6621|NRRL3_06621	NRRL3_06621
jgi|Aspni_NRRL3_1|6622|NRRL3_06622	NRRL3_06622
jgi|Aspni_NRRL3_1|6623|NRRL3_06623	NRRL3_06623
jgi|Aspni_NRRL3_1|6624|NRRL3_06624	NRRL3_06624
jgi|Aspni_NRRL3_1|6625|NRRL3_06625	NRRL3_06625
jgi|Aspni_NRRL3_1|6626|NRRL3_06626	NRRL3_06626
jgi|Aspni_NRRL3_1|6627|NRRL3_06627	NRRL3_06627
jgi|Aspni_NRRL3_1|6628|NRRL3_06628	NRRL3_06628
jgi|Aspni_NRRL3_1|6629|NRRL3_06629	NRRL3_06629
jgi|Aspni_NRRL3_1|6630|NRRL3_06630	NRRL3_06630
jgi|Aspni_NRRL3_1|6631|NRRL3_06631	NRRL3_06631
jgi|Aspni_NRRL3_1|6632|NRRL3_06632	NRRL3_06632
jgi|Aspni_NRRL3_1|6633|NRRL3_06633	NRRL3_06633
jgi|Aspni_NRRL3_1|6634|NRRL3_06634	NRRL3_06634
jgi|Aspni_NRRL3_1|6635|NRRL3_06635	NRRL3_06635
jgi|Aspni_NRRL3_1|6636|NRRL3_06636	NRRL3_06636
jgi|Aspni_NRRL3_1|6637|NRRL3_06637	NRRL3_06637
jgi|Aspni_NRRL3_1|6638|NRRL3_06638	NRRL3_06638
jgi|Aspni_NRRL3_1|6639|NRRL3_06639	NRRL3_06639
jgi|Aspni_NRRL3_1|6640|NRRL3_06640	NRRL3_06640
jgi|Aspni_NRRL3_1|6641|NRRL3_06641	NRRL3_06641
jgi|Aspni_NRRL3_1|6642|NRRL3_06642	NRRL3_06642
jgi|Aspni_NRRL3_1|6643|NRRL3_06643	NRRL3_06643
jgi|Aspni_NRRL3_1|6644|NRRL3_06644	NRRL3_06644
jgi|Aspni_NRRL3_1|6645|NRRL3_06645	NRRL3_06645
jgi|Aspni_NRRL3_1|6646|NRRL3_06646	NRRL3_06646
jgi|Aspni_NRRL3_1|6647|NRRL3_06647	NRRL3_06647
jgi|Aspni_NRRL3_1|6648|NRRL3_06648	NRRL3_06648
jgi|Aspni_NRRL3_1|6649|NRRL3_06649	NRRL3_06649
jgi|Aspni_NRRL3_1|6650|NRRL3_06650	NRRL3_06650
jgi|Aspni_NRRL3_1|6651|NRRL3_06651	NRRL3_06651
jgi|Aspni_NRRL3_1|6652|NRRL3_06652	NRRL3_06652
jgi|Aspni_NRRL3_1|6653|NRRL3_06653	NRRL3_06653
jgi|Aspni_NRRL3_1|6654|NRRL3_06654	NRRL3_06654
jgi|Aspni_NRRL3_1|6655|NRRL3_06655	NRRL3_06655
jgi|Aspni_NRRL3_1|6656|NRRL3_06656	NRRL3_06656
jgi|Aspni_NRRL3_1|6657|NRRL3_06657	NRRL3_06657
jgi|Aspni_NRRL3_1|6658|NRRL3_06658	NRRL3_06658
jgi|Aspni_NRRL3_1|6659|NRRL3_06659	NRRL3_06659
jgi|Aspni_NRRL3_1|6660|NRRL3_06660	NRRL3_06660
jgi|Aspni_NRRL3_1|6661|NRRL3_06661	NRRL3_06661
jgi|Aspni_NRRL3_1|6662|NRRL3_06662	NRRL3_06662
jgi|Aspni_NRRL3_1|6663|NRRL3_06663	NRRL3_06663
jgi|Aspni_NRRL3_1|6664|NRRL3_06664	NRRL3_06664
jgi|Aspni_NRRL3_1|6665|NRRL3_06665	NRRL3_06665
jgi|Aspni_NRRL3_1|6666|NRRL3_06666	NRRL3_06666
jgi|Aspni_NRRL3_1|6667|NRRL3_06667	NRRL3_06667
jgi|Aspni_NRRL3_1|6668|NRRL3_06668	NRRL3_06668
jgi|Aspni_NRRL3_1|6669|NRRL3_06669	NRRL3_06669
jgi|Aspni_NRRL3_1|6670|NRRL3_06670	NRRL3_06670
jgi|Aspni_NRRL3_1|6671|NRRL3_06671	NRRL3_06671
jgi|Aspni_NRRL3_1|6672|NRRL3_06672	NRRL3_06672
jgi|Aspni_NRRL3_1|6673|NRRL3_06673	NRRL3_06673
jgi|Aspni_NRRL3_1|6674|NRRL3_06674	NRRL3_06674
jgi|Aspni_NRRL3_1|6675|NRRL3_06675	NRRL3_06675
jgi|Aspni_NRRL3_1|6676|NRRL3_06676	NRRL3_06676
jgi|Aspni_NRRL3_1|6677|NRRL3_06677	NRRL3_06677
jgi|Aspni_NRRL3_1|6678|NRRL3_06678	NRRL3_06678
jgi|Aspni_NRRL3_1|6679|NRRL3_06679	NRRL3_06679
jgi|Aspni_NRRL3_1|6680|NRRL3_06680	NRRL3_06680
jgi|Aspni_NRRL3_1|6681|NRRL3_06681	NRRL3_06681
jgi|Aspni_NRRL3_1|6682|NRRL3_06682	NRRL3_06682
jgi|Aspni_NRRL3_1|6683|NRRL3_06683	NRRL3_06683
jgi|Aspni_NRRL3_1|6684|NRRL3_06684	NRRL3_06684
jgi|Aspni_NRRL3_1|6685|NRRL3_06685	NRRL3_06685
jgi|Aspni_NRRL3_1|6686|NRRL3_06686	NRRL3_06686
jgi|Aspni_NRRL3_1|6687|NRRL3_06687	NRRL3_06687
jgi|Aspni_NRRL3_1|6688|NRRL3_06688	NRRL3_06688
jgi|Aspni_NRRL3_1|6689|NRRL3_06689	NRRL3_06689
jgi|Aspni_NRRL3_1|6690|NRRL3_06690	NRRL3_06690
jgi|Aspni_NRRL3_1|6691|NRRL3_06691	NRRL3_06691
jgi|Aspni_NRRL3_1|6692|NRRL3_06692	NRRL3_06692
jgi|Aspni_NRRL3_1|6693|NRRL3_06693	NRRL3_06693
jgi|Aspni_NRRL3_1|6694|NRRL3_06694	NRRL3_06694
jgi|Aspni_NRRL3_1|6695|NRRL3_06695	NRRL3_06695
jgi|Aspni_NRRL3_1|6696|NRRL3_06696	NRRL3_06696
jgi|Aspni_NRRL3_1|6697|NRRL3_06697	NRRL3_06697
jgi|Aspni_NRRL3_1|6698|NRRL3_06698	NRRL3_06698
jgi|Aspni_NRRL3_1|6699|NRRL3_06699	NRRL3_06699
jgi|Aspni_NRRL3_1|6700|NRRL3_06700	NRRL3_06700
jgi|Aspni_NRRL3_1|6701|NRRL3_06701	NRRL3_06701
jgi|Aspni_NRRL3_1|6702|NRRL3_06702	NRRL3_06702
jgi|Aspni_NRRL3_1|6703|NRRL3_06703	NRRL3_06703
jgi|Aspni_NRRL3_1|6704|NRRL3_06704	NRRL3_06704
jgi|Aspni_NRRL3_1|6705|NRRL3_06705	NRRL3_06705
jgi|Aspni_NRRL3_1|6706|NRRL3_06706	NRRL3_06706
jgi|Aspni_NRRL3_1|6707|NRRL3_06707	NRRL3_06707
jgi|Aspni_NRRL3_1|6708|NRRL3_06708	NRRL3_06708
jgi|Aspni_NRRL3_1|6709|NRRL3_06709	NRRL3_06709
jgi|Aspni_NRRL3_1|6710|NRRL3_06710	NRRL3_06710
jgi|Aspni_NRRL3_1|6711|NRRL3_06711	NRRL3_06711
jgi|Aspni_NRRL3_1|6712|NRRL3_06712	NRRL3_06712
jgi|Aspni_NRRL3_1|6713|NRRL3_06713	NRRL3_06713
jgi|Aspni_NRRL3_1|6714|NRRL3_06714	NRRL3_06714
jgi|Aspni_NRRL3_1|6715|NRRL3_06715	NRRL3_06715
jgi|Aspni_NRRL3_1|6716|NRRL3_06716	NRRL3_06716
jgi|Aspni_NRRL3_1|6717|NRRL3_06717	NRRL3_06717
jgi|Aspni_NRRL3_1|6718|NRRL3_06718	NRRL3_06718
jgi|Aspni_NRRL3_1|6719|NRRL3_06719	NRRL3_06719
jgi|Aspni_NRRL3_1|6720|NRRL3_06720	NRRL3_06720
jgi|Aspni_NRRL3_1|6721|NRRL3_06721	NRRL3_06721
jgi|Aspni_NRRL3_1|6722|NRRL3_06722	NRRL3_06722
jgi|Aspni_NRRL3_1|6723|NRRL3_06723	NRRL3_06723
jgi|Aspni_NRRL3_1|6724|NRRL3_06724	NRRL3_06724
jgi|Aspni_NRRL3_1|6725|NRRL3_06725	NRRL3_06725
jgi|Aspni_NRRL3_1|6726|NRRL3_06726	NRRL3_06726
jgi|Aspni_NRRL3_1|6727|NRRL3_06727	NRRL3_06727
jgi|Aspni_NRRL3_1|6728|NRRL3_06728	NRRL3_06728
jgi|Aspni_NRRL3_1|6729|NRRL3_06729	NRRL3_06729
jgi|Aspni_NRRL3_1|6730|NRRL3_06730	NRRL3_06730
jgi|Aspni_NRRL3_1|6731|NRRL3_06731	NRRL3_06731
jgi|Aspni_NRRL3_1|6732|NRRL3_06732	NRRL3_06732
jgi|Aspni_NRRL3_1|6733|NRRL3_06733	NRRL3_06733
jgi|Aspni_NRRL3_1|6734|NRRL3_06734	NRRL3_06734
jgi|Aspni_NRRL3_1|6735|NRRL3_06735	NRRL3_06735
jgi|Aspni_NRRL3_1|6736|NRRL3_06736	NRRL3_06736
jgi|Aspni_NRRL3_1|6737|NRRL3_06737	NRRL3_06737
jgi|Aspni_NRRL3_1|6738|NRRL3_06738	NRRL3_06738
jgi|Aspni_NRRL3_1|6739|NRRL3_06739	NRRL3_06739
jgi|Aspni_NRRL3_1|6740|NRRL3_06740	NRRL3_06740
jgi|Aspni_NRRL3_1|6741|NRRL3_06741	NRRL3_06741
jgi|Aspni_NRRL3_1|6742|NRRL3_06742	NRRL3_06742
jgi|Aspni_NRRL3_1|6743|NRRL3_06743	NRRL3_06743
jgi|Aspni_NRRL3_1|6744|NRRL3_06744	NRRL3_06744
jgi|Aspni_NRRL3_1|6745|NRRL3_06745	NRRL3_06745
jgi|Aspni_NRRL3_1|6746|NRRL3_06746	NRRL3_06746
jgi|Aspni_NRRL3_1|6747|NRRL3_06747	NRRL3_06747
jgi|Aspni_NRRL3_1|6748|NRRL3_06748	NRRL3_06748
jgi|Aspni_NRRL3_1|6749|NRRL3_06749	NRRL3_06749
jgi|Aspni_NRRL3_1|6750|NRRL3_06750	NRRL3_06750
jgi|Aspni_NRRL3_1|6751|NRRL3_06751	NRRL3_06751
jgi|Aspni_NRRL3_1|6752|NRRL3_06752	NRRL3_06752
jgi|Aspni_NRRL3_1|6753|NRRL3_06753	NRRL3_06753
jgi|Aspni_NRRL3_1|6754|NRRL3_06754	NRRL3_06754
jgi|Aspni_NRRL3_1|6755|NRRL3_06755	NRRL3_06755
jgi|Aspni_NRRL3_1|6756|NRRL3_06756	NRRL3_06756
jgi|Aspni_NRRL3_1|6757|NRRL3_06757	NRRL3_06757
jgi|Aspni_NRRL3_1|6758|NRRL3_06758	NRRL3_06758
jgi|Aspni_NRRL3_1|6759|NRRL3_06759	NRRL3_06759
jgi|Aspni_NRRL3_1|6760|NRRL3_06760	NRRL3_06760
jgi|Aspni_NRRL3_1|6761|NRRL3_06761	NRRL3_06761
jgi|Aspni_NRRL3_1|6762|NRRL3_06762	NRRL3_06762
jgi|Aspni_NRRL3_1|6763|NRRL3_06763	NRRL3_06763
jgi|Aspni_NRRL3_1|6764|NRRL3_06764	NRRL3_06764
jgi|Aspni_NRRL3_1|6765|NRRL3_06765	NRRL3_06765
jgi|Aspni_NRRL3_1|6766|NRRL3_06766	NRRL3_06766
jgi|Aspni_NRRL3_1|6767|NRRL3_06767	NRRL3_06767
jgi|Aspni_NRRL3_1|6768|NRRL3_06768	NRRL3_06768
jgi|Aspni_NRRL3_1|6769|NRRL3_06769	NRRL3_06769
jgi|Aspni_NRRL3_1|6770|NRRL3_06770	NRRL3_06770
jgi|Aspni_NRRL3_1|6771|NRRL3_06771	NRRL3_06771
jgi|Aspni_NRRL3_1|6772|NRRL3_06772	NRRL3_06772
jgi|Aspni_NRRL3_1|6773|NRRL3_06773	NRRL3_06773
jgi|Aspni_NRRL3_1|6774|NRRL3_06774	NRRL3_06774
jgi|Aspni_NRRL3_1|6775|NRRL3_06775	NRRL3_06775
jgi|Aspni_NRRL3_1|6776|NRRL3_06776	NRRL3_06776
jgi|Aspni_NRRL3_1|6777|NRRL3_06777	NRRL3_06777
jgi|Aspni_NRRL3_1|6778|NRRL3_06778	NRRL3_06778
jgi|Aspni_NRRL3_1|6779|NRRL3_06779	NRRL3_06779
jgi|Aspni_NRRL3_1|6780|NRRL3_06780	NRRL3_06780
jgi|Aspni_NRRL3_1|6781|NRRL3_06781	NRRL3_06781
jgi|Aspni_NRRL3_1|6782|NRRL3_06782	NRRL3_06782
jgi|Aspni_NRRL3_1|6783|NRRL3_06783	NRRL3_06783
jgi|Aspni_NRRL3_1|6784|NRRL3_06784	NRRL3_06784
jgi|Aspni_NRRL3_1|6785|NRRL3_06785	NRRL3_06785
jgi|Aspni_NRRL3_1|6786|NRRL3_06786	NRRL3_06786
jgi|Aspni_NRRL3_1|6787|NRRL3_06787	NRRL3_06787
jgi|Aspni_NRRL3_1|6788|NRRL3_06788	NRRL3_06788
jgi|Aspni_NRRL3_1|6789|NRRL3_06789	NRRL3_06789
jgi|Aspni_NRRL3_1|6790|NRRL3_06790	NRRL3_06790
jgi|Aspni_NRRL3_1|6791|NRRL3_06791	NRRL3_06791
jgi|Aspni_NRRL3_1|6792|NRRL3_06792	NRRL3_06792
jgi|Aspni_NRRL3_1|6793|NRRL3_06793	NRRL3_06793
jgi|Aspni_NRRL3_1|6794|NRRL3_06794	NRRL3_06794
jgi|Aspni_NRRL3_1|6795|NRRL3_06795	NRRL3_06795
jgi|Aspni_NRRL3_1|6796|NRRL3_06796	NRRL3_06796
jgi|Aspni_NRRL3_1|6797|NRRL3_06797	NRRL3_06797
jgi|Aspni_NRRL3_1|6798|NRRL3_06798	NRRL3_06798
jgi|Aspni_NRRL3_1|6799|NRRL3_06799	NRRL3_06799
jgi|Aspni_NRRL3_1|6800|NRRL3_06800	NRRL3_06800
jgi|Aspni_NRRL3_1|6801|NRRL3_06801	NRRL3_06801
jgi|Aspni_NRRL3_1|6802|NRRL3_06802	NRRL3_06802
jgi|Aspni_NRRL3_1|6803|NRRL3_06803	NRRL3_06803
jgi|Aspni_NRRL3_1|6804|NRRL3_06804	NRRL3_06804
jgi|Aspni_NRRL3_1|6805|NRRL3_06805	NRRL3_06805
jgi|Aspni_NRRL3_1|6806|NRRL3_06806	NRRL3_06806
jgi|Aspni_NRRL3_1|6807|NRRL3_06807	NRRL3_06807
jgi|Aspni_NRRL3_1|6808|NRRL3_06808	NRRL3_06808
jgi|Aspni_NRRL3_1|6809|NRRL3_06809	NRRL3_06809
jgi|Aspni_NRRL3_1|6810|NRRL3_06810	NRRL3_06810
jgi|Aspni_NRRL3_1|6811|NRRL3_06811	NRRL3_06811
jgi|Aspni_NRRL3_1|6812|NRRL3_06812	NRRL3_06812
jgi|Aspni_NRRL3_1|6813|NRRL3_06813	NRRL3_06813
jgi|Aspni_NRRL3_1|6814|NRRL3_06814	NRRL3_06814
jgi|Aspni_NRRL3_1|6815|NRRL3_06815	NRRL3_06815
jgi|Aspni_NRRL3_1|6816|NRRL3_06816	NRRL3_06816
jgi|Aspni_NRRL3_1|6817|NRRL3_06817	NRRL3_06817
jgi|Aspni_NRRL3_1|6818|NRRL3_06818	NRRL3_06818
jgi|Aspni_NRRL3_1|6819|NRRL3_06819	NRRL3_06819
jgi|Aspni_NRRL3_1|6820|NRRL3_06820	NRRL3_06820
jgi|Aspni_NRRL3_1|6821|NRRL3_06821	NRRL3_06821
jgi|Aspni_NRRL3_1|6822|NRRL3_06822	NRRL3_06822
jgi|Aspni_NRRL3_1|6823|NRRL3_06823	NRRL3_06823
jgi|Aspni_NRRL3_1|6824|NRRL3_06824	NRRL3_06824
jgi|Aspni_NRRL3_1|6825|NRRL3_06825	NRRL3_06825
jgi|Aspni_NRRL3_1|6826|NRRL3_06826	NRRL3_06826
jgi|Aspni_NRRL3_1|6827|NRRL3_06827	NRRL3_06827
jgi|Aspni_NRRL3_1|6828|NRRL3_06828	NRRL3_06828
jgi|Aspni_NRRL3_1|6829|NRRL3_06829	NRRL3_06829
jgi|Aspni_NRRL3_1|6830|NRRL3_06830	NRRL3_06830
jgi|Aspni_NRRL3_1|6831|NRRL3_06831	NRRL3_06831
jgi|Aspni_NRRL3_1|6832|NRRL3_06832	NRRL3_06832
jgi|Aspni_NRRL3_1|6833|NRRL3_06833	NRRL3_06833
jgi|Aspni_NRRL3_1|6834|NRRL3_06834	NRRL3_06834
jgi|Aspni_NRRL3_1|6835|NRRL3_06835	NRRL3_06835
jgi|Aspni_NRRL3_1|6836|NRRL3_06836	NRRL3_06836
jgi|Aspni_NRRL3_1|6837|NRRL3_06837	NRRL3_06837
jgi|Aspni_NRRL3_1|6838|NRRL3_06838	NRRL3_06838
jgi|Aspni_NRRL3_1|6839|NRRL3_06839	NRRL3_06839
jgi|Aspni_NRRL3_1|6840|NRRL3_06840	NRRL3_06840
jgi|Aspni_NRRL3_1|6841|NRRL3_06841	NRRL3_06841
jgi|Aspni_NRRL3_1|6842|NRRL3_06842	NRRL3_06842
jgi|Aspni_NRRL3_1|6843|NRRL3_06843	NRRL3_06843
jgi|Aspni_NRRL3_1|6844|NRRL3_06844	NRRL3_06844
jgi|Aspni_NRRL3_1|6845|NRRL3_06845	NRRL3_06845
jgi|Aspni_NRRL3_1|6846|NRRL3_06846	NRRL3_06846
jgi|Aspni_NRRL3_1|6847|NRRL3_06847	NRRL3_06847
jgi|Aspni_NRRL3_1|6848|NRRL3_06848	NRRL3_06848
jgi|Aspni_NRRL3_1|6849|NRRL3_06849	NRRL3_06849
jgi|Aspni_NRRL3_1|6850|NRRL3_06850	NRRL3_06850
jgi|Aspni_NRRL3_1|6851|NRRL3_06851	NRRL3_06851
jgi|Aspni_NRRL3_1|6852|NRRL3_06852	NRRL3_06852
jgi|Aspni_NRRL3_1|6853|NRRL3_06853	NRRL3_06853
jgi|Aspni_NRRL3_1|6854|NRRL3_06854	NRRL3_06854
jgi|Aspni_NRRL3_1|6855|NRRL3_06855	NRRL3_06855
jgi|Aspni_NRRL3_1|6856|NRRL3_06856	NRRL3_06856
jgi|Aspni_NRRL3_1|6857|NRRL3_06857	NRRL3_06857
jgi|Aspni_NRRL3_1|6858|NRRL3_06858	NRRL3_06858
jgi|Aspni_NRRL3_1|6859|NRRL3_06859	NRRL3_06859
jgi|Aspni_NRRL3_1|6860|NRRL3_06860	NRRL3_06860
jgi|Aspni_NRRL3_1|6861|NRRL3_06861	NRRL3_06861
jgi|Aspni_NRRL3_1|6862|NRRL3_06862	NRRL3_06862
jgi|Aspni_NRRL3_1|6863|NRRL3_06863	NRRL3_06863
jgi|Aspni_NRRL3_1|6864|NRRL3_06864	NRRL3_06864
jgi|Aspni_NRRL3_1|6865|NRRL3_06865	NRRL3_06865
jgi|Aspni_NRRL3_1|6866|NRRL3_06866	NRRL3_06866
jgi|Aspni_NRRL3_1|6867|NRRL3_06867	NRRL3_06867
jgi|Aspni_NRRL3_1|6868|NRRL3_06868	NRRL3_06868
jgi|Aspni_NRRL3_1|6869|NRRL3_06869	NRRL3_06869
jgi|Aspni_NRRL3_1|6870|NRRL3_06870	NRRL3_06870
jgi|Aspni_NRRL3_1|6871|NRRL3_06871	NRRL3_06871
jgi|Aspni_NRRL3_1|6872|NRRL3_06872	NRRL3_06872
jgi|Aspni_NRRL3_1|6873|NRRL3_06873	NRRL3_06873
jgi|Aspni_NRRL3_1|6874|NRRL3_06874	NRRL3_06874
jgi|Aspni_NRRL3_1|6875|NRRL3_06875	NRRL3_06875
jgi|Aspni_NRRL3_1|6876|NRRL3_06876	NRRL3_06876
jgi|Aspni_NRRL3_1|6877|NRRL3_06877	NRRL3_06877
jgi|Aspni_NRRL3_1|6878|NRRL3_06878	NRRL3_06878
jgi|Aspni_NRRL3_1|6879|NRRL3_06879	NRRL3_06879
jgi|Aspni_NRRL3_1|6880|NRRL3_06880	NRRL3_06880
jgi|Aspni_NRRL3_1|6881|NRRL3_06881	NRRL3_06881
jgi|Aspni_NRRL3_1|6882|NRRL3_06882	NRRL3_06882
jgi|Aspni_NRRL3_1|6883|NRRL3_06883	NRRL3_06883
jgi|Aspni_NRRL3_1|6884|NRRL3_06884	NRRL3_06884
jgi|Aspni_NRRL3_1|6885|NRRL3_06885	NRRL3_06885
jgi|Aspni_NRRL3_1|6886|NRRL3_06886	NRRL3_06886
jgi|Aspni_NRRL3_1|6887|NRRL3_06887	NRRL3_06887
jgi|Aspni_NRRL3_1|6888|NRRL3_06888	NRRL3_06888
jgi|Aspni_NRRL3_1|6889|NRRL3_06889	NRRL3_06889
jgi|Aspni_NRRL3_1|6890|NRRL3_06890	NRRL3_06890
jgi|Aspni_NRRL3_1|6891|NRRL3_06891	NRRL3_06891
jgi|Aspni_NRRL3_1|6892|NRRL3_06892	NRRL3_06892
jgi|Aspni_NRRL3_1|6893|NRRL3_06893	NRRL3_06893
jgi|Aspni_NRRL3_1|6894|NRRL3_06894	NRRL3_06894
jgi|Aspni_NRRL3_1|6895|NRRL3_06895	NRRL3_06895
jgi|Aspni_NRRL3_1|6896|NRRL3_06896	NRRL3_06896
jgi|Aspni_NRRL3_1|6897|NRRL3_06897	NRRL3_06897
jgi|Aspni_NRRL3_1|6898|NRRL3_06898	NRRL3_06898
jgi|Aspni_NRRL3_1|6899|NRRL3_06899	NRRL3_06899
jgi|Aspni_NRRL3_1|6900|NRRL3_06900	NRRL3_06900
jgi|Aspni_NRRL3_1|6901|NRRL3_06901	NRRL3_06901
jgi|Aspni_NRRL3_1|6902|NRRL3_06902	NRRL3_06902
jgi|Aspni_NRRL3_1|6903|NRRL3_06903	NRRL3_06903
jgi|Aspni_NRRL3_1|6904|NRRL3_06904	NRRL3_06904
jgi|Aspni_NRRL3_1|6905|NRRL3_06905	NRRL3_06905
jgi|Aspni_NRRL3_1|6906|NRRL3_06906	NRRL3_06906
jgi|Aspni_NRRL3_1|6907|NRRL3_06907	NRRL3_06907
jgi|Aspni_NRRL3_1|6908|NRRL3_06908	NRRL3_06908
jgi|Aspni_NRRL3_1|6909|NRRL3_06909	NRRL3_06909
jgi|Aspni_NRRL3_1|6910|NRRL3_06910	NRRL3_06910
jgi|Aspni_NRRL3_1|6911|NRRL3_06911	NRRL3_06911
jgi|Aspni_NRRL3_1|6912|NRRL3_06912	NRRL3_06912
jgi|Aspni_NRRL3_1|6913|NRRL3_06913	NRRL3_06913
jgi|Aspni_NRRL3_1|6914|NRRL3_06914	NRRL3_06914
jgi|Aspni_NRRL3_1|6915|NRRL3_06915	NRRL3_06915
jgi|Aspni_NRRL3_1|6916|NRRL3_06916	NRRL3_06916
jgi|Aspni_NRRL3_1|6917|NRRL3_06917	NRRL3_06917
jgi|Aspni_NRRL3_1|6918|NRRL3_06918	NRRL3_06918
jgi|Aspni_NRRL3_1|6919|NRRL3_06919	NRRL3_06919
jgi|Aspni_NRRL3_1|6920|NRRL3_06920	NRRL3_06920
jgi|Aspni_NRRL3_1|6921|NRRL3_06921	NRRL3_06921
jgi|Aspni_NRRL3_1|6922|NRRL3_06922	NRRL3_06922
jgi|Aspni_NRRL3_1|6923|NRRL3_06923	NRRL3_06923
jgi|Aspni_NRRL3_1|6924|NRRL3_06924	NRRL3_06924
jgi|Aspni_NRRL3_1|6925|NRRL3_06925	NRRL3_06925
jgi|Aspni_NRRL3_1|6926|NRRL3_06926	NRRL3_06926
jgi|Aspni_NRRL3_1|6927|NRRL3_06927	NRRL3_06927
jgi|Aspni_NRRL3_1|6928|NRRL3_06928	NRRL3_06928
jgi|Aspni_NRRL3_1|6929|NRRL3_06929	NRRL3_06929
jgi|Aspni_NRRL3_1|6930|NRRL3_06930	NRRL3_06930
jgi|Aspni_NRRL3_1|6931|NRRL3_06931	NRRL3_06931
jgi|Aspni_NRRL3_1|6932|NRRL3_06932	NRRL3_06932
jgi|Aspni_NRRL3_1|6933|NRRL3_06933	NRRL3_06933
jgi|Aspni_NRRL3_1|6934|NRRL3_06934	NRRL3_06934
jgi|Aspni_NRRL3_1|6935|NRRL3_06935	NRRL3_06935
jgi|Aspni_NRRL3_1|6936|NRRL3_06936	NRRL3_06936
jgi|Aspni_NRRL3_1|6937|NRRL3_06937	NRRL3_06937
jgi|Aspni_NRRL3_1|6938|NRRL3_06938	NRRL3_06938
jgi|Aspni_NRRL3_1|6939|NRRL3_06939	NRRL3_06939
jgi|Aspni_NRRL3_1|6940|NRRL3_06940	NRRL3_06940
jgi|Aspni_NRRL3_1|6941|NRRL3_06941	NRRL3_06941
jgi|Aspni_NRRL3_1|6942|NRRL3_06942	NRRL3_06942
jgi|Aspni_NRRL3_1|6943|NRRL3_06943	NRRL3_06943
jgi|Aspni_NRRL3_1|6944|NRRL3_06944	NRRL3_06944
jgi|Aspni_NRRL3_1|6945|NRRL3_06945	NRRL3_06945
jgi|Aspni_NRRL3_1|6946|NRRL3_06946	NRRL3_06946
jgi|Aspni_NRRL3_1|6947|NRRL3_06947	NRRL3_06947
jgi|Aspni_NRRL3_1|6948|NRRL3_06948	NRRL3_06948
jgi|Aspni_NRRL3_1|6949|NRRL3_06949	NRRL3_06949
jgi|Aspni_NRRL3_1|6950|NRRL3_06950	NRRL3_06950
jgi|Aspni_NRRL3_1|6951|NRRL3_06951	NRRL3_06951
jgi|Aspni_NRRL3_1|6952|NRRL3_06952	NRRL3_06952
jgi|Aspni_NRRL3_1|6953|NRRL3_06953	NRRL3_06953
jgi|Aspni_NRRL3_1|6954|NRRL3_06954	NRRL3_06954
jgi|Aspni_NRRL3_1|6955|NRRL3_06955	NRRL3_06955
jgi|Aspni_NRRL3_1|6956|NRRL3_06956	NRRL3_06956
jgi|Aspni_NRRL3_1|6957|NRRL3_06957	NRRL3_06957
jgi|Aspni_NRRL3_1|6958|NRRL3_06958	NRRL3_06958
jgi|Aspni_NRRL3_1|6959|NRRL3_06959	NRRL3_06959
jgi|Aspni_NRRL3_1|6960|NRRL3_06960	NRRL3_06960
jgi|Aspni_NRRL3_1|6961|NRRL3_06961	NRRL3_06961
jgi|Aspni_NRRL3_1|6962|NRRL3_06962	NRRL3_06962
jgi|Aspni_NRRL3_1|6963|NRRL3_06963	NRRL3_06963
jgi|Aspni_NRRL3_1|6964|NRRL3_06964	NRRL3_06964
jgi|Aspni_NRRL3_1|6965|NRRL3_06965	NRRL3_06965
jgi|Aspni_NRRL3_1|6966|NRRL3_06966	NRRL3_06966
jgi|Aspni_NRRL3_1|6967|NRRL3_06967	NRRL3_06967
jgi|Aspni_NRRL3_1|6968|NRRL3_06968	NRRL3_06968
jgi|Aspni_NRRL3_1|6969|NRRL3_06969	NRRL3_06969
jgi|Aspni_NRRL3_1|6970|NRRL3_06970	NRRL3_06970
jgi|Aspni_NRRL3_1|6971|NRRL3_06971	NRRL3_06971
jgi|Aspni_NRRL3_1|6972|NRRL3_06972	NRRL3_06972
jgi|Aspni_NRRL3_1|6973|NRRL3_06973	NRRL3_06973
jgi|Aspni_NRRL3_1|6974|NRRL3_06974	NRRL3_06974
jgi|Aspni_NRRL3_1|6975|NRRL3_06975	NRRL3_06975
jgi|Aspni_NRRL3_1|6976|NRRL3_06976	NRRL3_06976
jgi|Aspni_NRRL3_1|6977|NRRL3_06977	NRRL3_06977
jgi|Aspni_NRRL3_1|6978|NRRL3_06978	NRRL3_06978
jgi|Aspni_NRRL3_1|6979|NRRL3_06979	NRRL3_06979
jgi|Aspni_NRRL3_1|6980|NRRL3_06980	NRRL3_06980
jgi|Aspni_NRRL3_1|6981|NRRL3_06981	NRRL3_06981
jgi|Aspni_NRRL3_1|6982|NRRL3_06982	NRRL3_06982
jgi|Aspni_NRRL3_1|6983|NRRL3_06983	NRRL3_06983
jgi|Aspni_NRRL3_1|6984|NRRL3_06984	NRRL3_06984
jgi|Aspni_NRRL3_1|6985|NRRL3_06985	NRRL3_06985
jgi|Aspni_NRRL3_1|6986|NRRL3_06986	NRRL3_06986
jgi|Aspni_NRRL3_1|6987|NRRL3_06987	NRRL3_06987
jgi|Aspni_NRRL3_1|6988|NRRL3_06988	NRRL3_06988
jgi|Aspni_NRRL3_1|6989|NRRL3_06989	NRRL3_06989
jgi|Aspni_NRRL3_1|6990|NRRL3_06990	NRRL3_06990
jgi|Aspni_NRRL3_1|6991|NRRL3_06991	NRRL3_06991
jgi|Aspni_NRRL3_1|6992|NRRL3_06992	NRRL3_06992
jgi|Aspni_NRRL3_1|6993|NRRL3_06993	NRRL3_06993
jgi|Aspni_NRRL3_1|6994|NRRL3_06994	NRRL3_06994
jgi|Aspni_NRRL3_1|6995|NRRL3_06995	NRRL3_06995
jgi|Aspni_NRRL3_1|6996|NRRL3_06996	NRRL3_06996
jgi|Aspni_NRRL3_1|6997|NRRL3_06997	NRRL3_06997
jgi|Aspni_NRRL3_1|6998|NRRL3_06998	NRRL3_06998
jgi|Aspni_NRRL3_1|6999|NRRL3_06999	NRRL3_06999
jgi|Aspni_NRRL3_1|7000|NRRL3_07000	NRRL3_07000
jgi|Aspni_NRRL3_1|7001|NRRL3_07001	NRRL3_07001
jgi|Aspni_NRRL3_1|7002|NRRL3_07002	NRRL3_07002
jgi|Aspni_NRRL3_1|7003|NRRL3_07003	NRRL3_07003
jgi|Aspni_NRRL3_1|7004|NRRL3_07004	NRRL3_07004
jgi|Aspni_NRRL3_1|7005|NRRL3_07005	NRRL3_07005
jgi|Aspni_NRRL3_1|7006|NRRL3_07006	NRRL3_07006
jgi|Aspni_NRRL3_1|7007|NRRL3_07007	NRRL3_07007
jgi|Aspni_NRRL3_1|7008|NRRL3_07008	NRRL3_07008
jgi|Aspni_NRRL3_1|7009|NRRL3_07009	NRRL3_07009
jgi|Aspni_NRRL3_1|7010|NRRL3_07010	NRRL3_07010
jgi|Aspni_NRRL3_1|7011|NRRL3_07011	NRRL3_07011
jgi|Aspni_NRRL3_1|7012|NRRL3_07012	NRRL3_07012
jgi|Aspni_NRRL3_1|7013|NRRL3_07013	NRRL3_07013
jgi|Aspni_NRRL3_1|7014|NRRL3_07014	NRRL3_07014
jgi|Aspni_NRRL3_1|7015|NRRL3_07015	NRRL3_07015
jgi|Aspni_NRRL3_1|7016|NRRL3_07016	NRRL3_07016
jgi|Aspni_NRRL3_1|7017|NRRL3_07017	NRRL3_07017
jgi|Aspni_NRRL3_1|7018|NRRL3_07018	NRRL3_07018
jgi|Aspni_NRRL3_1|7019|NRRL3_07019	NRRL3_07019
jgi|Aspni_NRRL3_1|7020|NRRL3_07020	NRRL3_07020
jgi|Aspni_NRRL3_1|7021|NRRL3_07021	NRRL3_07021
jgi|Aspni_NRRL3_1|7022|NRRL3_07022	NRRL3_07022
jgi|Aspni_NRRL3_1|7023|NRRL3_07023	NRRL3_07023
jgi|Aspni_NRRL3_1|7024|NRRL3_07024	NRRL3_07024
jgi|Aspni_NRRL3_1|7025|NRRL3_07025	NRRL3_07025
jgi|Aspni_NRRL3_1|7026|NRRL3_07026	NRRL3_07026
jgi|Aspni_NRRL3_1|7027|NRRL3_07027	NRRL3_07027
jgi|Aspni_NRRL3_1|7028|NRRL3_07028	NRRL3_07028
jgi|Aspni_NRRL3_1|7029|NRRL3_07029	NRRL3_07029
jgi|Aspni_NRRL3_1|7030|NRRL3_07030	NRRL3_07030
jgi|Aspni_NRRL3_1|7031|NRRL3_07031	NRRL3_07031
jgi|Aspni_NRRL3_1|7032|NRRL3_07032	NRRL3_07032
jgi|Aspni_NRRL3_1|7033|NRRL3_07033	NRRL3_07033
jgi|Aspni_NRRL3_1|7034|NRRL3_07034	NRRL3_07034
jgi|Aspni_NRRL3_1|7035|NRRL3_07035	NRRL3_07035
jgi|Aspni_NRRL3_1|7036|NRRL3_07036	NRRL3_07036
jgi|Aspni_NRRL3_1|7037|NRRL3_07037	NRRL3_07037
jgi|Aspni_NRRL3_1|7038|NRRL3_07038	NRRL3_07038
jgi|Aspni_NRRL3_1|7039|NRRL3_07039	NRRL3_07039
jgi|Aspni_NRRL3_1|7040|NRRL3_07040	NRRL3_07040
jgi|Aspni_NRRL3_1|7041|NRRL3_07041	NRRL3_07041
jgi|Aspni_NRRL3_1|7042|NRRL3_07042	NRRL3_07042
jgi|Aspni_NRRL3_1|7043|NRRL3_07043	NRRL3_07043
jgi|Aspni_NRRL3_1|7044|NRRL3_07044	NRRL3_07044
jgi|Aspni_NRRL3_1|7045|NRRL3_07045	NRRL3_07045
jgi|Aspni_NRRL3_1|7046|NRRL3_07046	NRRL3_07046
jgi|Aspni_NRRL3_1|7047|NRRL3_07047	NRRL3_07047
jgi|Aspni_NRRL3_1|7048|NRRL3_07048	NRRL3_07048
jgi|Aspni_NRRL3_1|7049|NRRL3_07049	NRRL3_07049
jgi|Aspni_NRRL3_1|7050|NRRL3_07050	NRRL3_07050
jgi|Aspni_NRRL3_1|7051|NRRL3_07051	NRRL3_07051
jgi|Aspni_NRRL3_1|7052|NRRL3_07052	NRRL3_07052
jgi|Aspni_NRRL3_1|7053|NRRL3_07053	NRRL3_07053
jgi|Aspni_NRRL3_1|7054|NRRL3_07054	NRRL3_07054
jgi|Aspni_NRRL3_1|7055|NRRL3_07055	NRRL3_07055
jgi|Aspni_NRRL3_1|7056|NRRL3_07056	NRRL3_07056
jgi|Aspni_NRRL3_1|7057|NRRL3_07057	NRRL3_07057
jgi|Aspni_NRRL3_1|7058|NRRL3_07058	NRRL3_07058
jgi|Aspni_NRRL3_1|7059|NRRL3_07059	NRRL3_07059
jgi|Aspni_NRRL3_1|7060|NRRL3_07060	NRRL3_07060
jgi|Aspni_NRRL3_1|7061|NRRL3_07061	NRRL3_07061
jgi|Aspni_NRRL3_1|7062|NRRL3_07062	NRRL3_07062
jgi|Aspni_NRRL3_1|7063|NRRL3_07063	NRRL3_07063
jgi|Aspni_NRRL3_1|7064|NRRL3_07064	NRRL3_07064
jgi|Aspni_NRRL3_1|7065|NRRL3_07065	NRRL3_07065
jgi|Aspni_NRRL3_1|7066|NRRL3_07066	NRRL3_07066
jgi|Aspni_NRRL3_1|7067|NRRL3_07067	NRRL3_07067
jgi|Aspni_NRRL3_1|7068|NRRL3_07068	NRRL3_07068
jgi|Aspni_NRRL3_1|7069|NRRL3_07069	NRRL3_07069
jgi|Aspni_NRRL3_1|7070|NRRL3_07070	NRRL3_07070
jgi|Aspni_NRRL3_1|7071|NRRL3_07071	NRRL3_07071
jgi|Aspni_NRRL3_1|7072|NRRL3_07072	NRRL3_07072
jgi|Aspni_NRRL3_1|7073|NRRL3_07073	NRRL3_07073
jgi|Aspni_NRRL3_1|7074|NRRL3_07074	NRRL3_07074
jgi|Aspni_NRRL3_1|7075|NRRL3_07075	NRRL3_07075
jgi|Aspni_NRRL3_1|7076|NRRL3_07076	NRRL3_07076
jgi|Aspni_NRRL3_1|7077|NRRL3_07077	NRRL3_07077
jgi|Aspni_NRRL3_1|7078|NRRL3_07078	NRRL3_07078
jgi|Aspni_NRRL3_1|7079|NRRL3_07079	NRRL3_07079
jgi|Aspni_NRRL3_1|7080|NRRL3_07080	NRRL3_07080
jgi|Aspni_NRRL3_1|7081|NRRL3_07081	NRRL3_07081
jgi|Aspni_NRRL3_1|7082|NRRL3_07082	NRRL3_07082
jgi|Aspni_NRRL3_1|7083|NRRL3_07083	NRRL3_07083
jgi|Aspni_NRRL3_1|7084|NRRL3_07084	NRRL3_07084
jgi|Aspni_NRRL3_1|7085|NRRL3_07085	NRRL3_07085
jgi|Aspni_NRRL3_1|7086|NRRL3_07086	NRRL3_07086
jgi|Aspni_NRRL3_1|7087|NRRL3_07087	NRRL3_07087
jgi|Aspni_NRRL3_1|7088|NRRL3_07088	NRRL3_07088
jgi|Aspni_NRRL3_1|7089|NRRL3_07089	NRRL3_07089
jgi|Aspni_NRRL3_1|7090|NRRL3_07090	NRRL3_07090
jgi|Aspni_NRRL3_1|7091|NRRL3_07091	NRRL3_07091
jgi|Aspni_NRRL3_1|7092|NRRL3_07092	NRRL3_07092
jgi|Aspni_NRRL3_1|7093|NRRL3_07093	NRRL3_07093
jgi|Aspni_NRRL3_1|7094|NRRL3_07094	NRRL3_07094
jgi|Aspni_NRRL3_1|7095|NRRL3_07095	NRRL3_07095
jgi|Aspni_NRRL3_1|7096|NRRL3_07096	NRRL3_07096
jgi|Aspni_NRRL3_1|7097|NRRL3_07097	NRRL3_07097
jgi|Aspni_NRRL3_1|7098|NRRL3_07098	NRRL3_07098
jgi|Aspni_NRRL3_1|7099|NRRL3_07099	NRRL3_07099
jgi|Aspni_NRRL3_1|7100|NRRL3_07100	NRRL3_07100
jgi|Aspni_NRRL3_1|7101|NRRL3_07101	NRRL3_07101
jgi|Aspni_NRRL3_1|7102|NRRL3_07102	NRRL3_07102
jgi|Aspni_NRRL3_1|7103|NRRL3_07103	NRRL3_07103
jgi|Aspni_NRRL3_1|7104|NRRL3_07104	NRRL3_07104
jgi|Aspni_NRRL3_1|7105|NRRL3_07105	NRRL3_07105
jgi|Aspni_NRRL3_1|7106|NRRL3_07106	NRRL3_07106
jgi|Aspni_NRRL3_1|7107|NRRL3_07107	NRRL3_07107
jgi|Aspni_NRRL3_1|7108|NRRL3_07108	NRRL3_07108
jgi|Aspni_NRRL3_1|7109|NRRL3_07109	NRRL3_07109
jgi|Aspni_NRRL3_1|7110|NRRL3_07110	NRRL3_07110
jgi|Aspni_NRRL3_1|7111|NRRL3_07111	NRRL3_07111
jgi|Aspni_NRRL3_1|7112|NRRL3_07112	NRRL3_07112
jgi|Aspni_NRRL3_1|7113|NRRL3_07113	NRRL3_07113
jgi|Aspni_NRRL3_1|7114|NRRL3_07114	NRRL3_07114
jgi|Aspni_NRRL3_1|7115|NRRL3_07115	NRRL3_07115
jgi|Aspni_NRRL3_1|7116|NRRL3_07116	NRRL3_07116
jgi|Aspni_NRRL3_1|7117|NRRL3_07117	NRRL3_07117
jgi|Aspni_NRRL3_1|7118|NRRL3_07118	NRRL3_07118
jgi|Aspni_NRRL3_1|7119|NRRL3_07119	NRRL3_07119
jgi|Aspni_NRRL3_1|7120|NRRL3_07120	NRRL3_07120
jgi|Aspni_NRRL3_1|7121|NRRL3_07121	NRRL3_07121
jgi|Aspni_NRRL3_1|7122|NRRL3_07122	NRRL3_07122
jgi|Aspni_NRRL3_1|7123|NRRL3_07123	NRRL3_07123
jgi|Aspni_NRRL3_1|7124|NRRL3_07124	NRRL3_07124
jgi|Aspni_NRRL3_1|7125|NRRL3_07125	NRRL3_07125
jgi|Aspni_NRRL3_1|7126|NRRL3_07126	NRRL3_07126
jgi|Aspni_NRRL3_1|7127|NRRL3_07127	NRRL3_07127
jgi|Aspni_NRRL3_1|7128|NRRL3_07128	NRRL3_07128
jgi|Aspni_NRRL3_1|7129|NRRL3_07129	NRRL3_07129
jgi|Aspni_NRRL3_1|7130|NRRL3_07130	NRRL3_07130
jgi|Aspni_NRRL3_1|7131|NRRL3_07131	NRRL3_07131
jgi|Aspni_NRRL3_1|7132|NRRL3_07132	NRRL3_07132
jgi|Aspni_NRRL3_1|7133|NRRL3_07133	NRRL3_07133
jgi|Aspni_NRRL3_1|7134|NRRL3_07134	NRRL3_07134
jgi|Aspni_NRRL3_1|7135|NRRL3_07135	NRRL3_07135
jgi|Aspni_NRRL3_1|7136|NRRL3_07136	NRRL3_07136
jgi|Aspni_NRRL3_1|7137|NRRL3_07137	NRRL3_07137
jgi|Aspni_NRRL3_1|7138|NRRL3_07138	NRRL3_07138
jgi|Aspni_NRRL3_1|7139|NRRL3_07139	NRRL3_07139
jgi|Aspni_NRRL3_1|7140|NRRL3_07140	NRRL3_07140
jgi|Aspni_NRRL3_1|7141|NRRL3_07141	NRRL3_07141
jgi|Aspni_NRRL3_1|7142|NRRL3_07142	NRRL3_07142
jgi|Aspni_NRRL3_1|7143|NRRL3_07143	NRRL3_07143
jgi|Aspni_NRRL3_1|7144|NRRL3_07144	NRRL3_07144
jgi|Aspni_NRRL3_1|7145|NRRL3_07145	NRRL3_07145
jgi|Aspni_NRRL3_1|7146|NRRL3_07146	NRRL3_07146
jgi|Aspni_NRRL3_1|7147|NRRL3_07147	NRRL3_07147
jgi|Aspni_NRRL3_1|7148|NRRL3_07148	NRRL3_07148
jgi|Aspni_NRRL3_1|7149|NRRL3_07149	NRRL3_07149
jgi|Aspni_NRRL3_1|7150|NRRL3_07150	NRRL3_07150
jgi|Aspni_NRRL3_1|7151|NRRL3_07151	NRRL3_07151
jgi|Aspni_NRRL3_1|7152|NRRL3_07152	NRRL3_07152
jgi|Aspni_NRRL3_1|7153|NRRL3_07153	NRRL3_07153
jgi|Aspni_NRRL3_1|7154|NRRL3_07154	NRRL3_07154
jgi|Aspni_NRRL3_1|7155|NRRL3_07155	NRRL3_07155
jgi|Aspni_NRRL3_1|7156|NRRL3_07156	NRRL3_07156
jgi|Aspni_NRRL3_1|7157|NRRL3_07157	NRRL3_07157
jgi|Aspni_NRRL3_1|7158|NRRL3_07158	NRRL3_07158
jgi|Aspni_NRRL3_1|7159|NRRL3_07159	NRRL3_07159
jgi|Aspni_NRRL3_1|7160|NRRL3_07160	NRRL3_07160
jgi|Aspni_NRRL3_1|7161|NRRL3_07161	NRRL3_07161
jgi|Aspni_NRRL3_1|7162|NRRL3_07162	NRRL3_07162
jgi|Aspni_NRRL3_1|7163|NRRL3_07163	NRRL3_07163
jgi|Aspni_NRRL3_1|7164|NRRL3_07164	NRRL3_07164
jgi|Aspni_NRRL3_1|7165|NRRL3_07165	NRRL3_07165
jgi|Aspni_NRRL3_1|7166|NRRL3_07166	NRRL3_07166
jgi|Aspni_NRRL3_1|7167|NRRL3_07167	NRRL3_07167
jgi|Aspni_NRRL3_1|7168|NRRL3_07168	NRRL3_07168
jgi|Aspni_NRRL3_1|7169|NRRL3_07169	NRRL3_07169
jgi|Aspni_NRRL3_1|7170|NRRL3_07170	NRRL3_07170
jgi|Aspni_NRRL3_1|7171|NRRL3_07171	NRRL3_07171
jgi|Aspni_NRRL3_1|7172|NRRL3_07172	NRRL3_07172
jgi|Aspni_NRRL3_1|7173|NRRL3_07173	NRRL3_07173
jgi|Aspni_NRRL3_1|7174|NRRL3_07174	NRRL3_07174
jgi|Aspni_NRRL3_1|7175|NRRL3_07175	NRRL3_07175
jgi|Aspni_NRRL3_1|7176|NRRL3_07176	NRRL3_07176
jgi|Aspni_NRRL3_1|7177|NRRL3_07177	NRRL3_07177
jgi|Aspni_NRRL3_1|7178|NRRL3_07178	NRRL3_07178
jgi|Aspni_NRRL3_1|7179|NRRL3_07179	NRRL3_07179
jgi|Aspni_NRRL3_1|7180|NRRL3_07180	NRRL3_07180
jgi|Aspni_NRRL3_1|7181|NRRL3_07181	NRRL3_07181
jgi|Aspni_NRRL3_1|7182|NRRL3_07182	NRRL3_07182
jgi|Aspni_NRRL3_1|7183|NRRL3_07183	NRRL3_07183
jgi|Aspni_NRRL3_1|7184|NRRL3_07184	NRRL3_07184
jgi|Aspni_NRRL3_1|7185|NRRL3_07185	NRRL3_07185
jgi|Aspni_NRRL3_1|7186|NRRL3_07186	NRRL3_07186
jgi|Aspni_NRRL3_1|7187|NRRL3_07187	NRRL3_07187
jgi|Aspni_NRRL3_1|7188|NRRL3_07188	NRRL3_07188
jgi|Aspni_NRRL3_1|7189|NRRL3_07189	NRRL3_07189
jgi|Aspni_NRRL3_1|7190|NRRL3_07190	NRRL3_07190
jgi|Aspni_NRRL3_1|7191|NRRL3_07191	NRRL3_07191
jgi|Aspni_NRRL3_1|7192|NRRL3_07192	NRRL3_07192
jgi|Aspni_NRRL3_1|7193|NRRL3_07193	NRRL3_07193
jgi|Aspni_NRRL3_1|7194|NRRL3_07194	NRRL3_07194
jgi|Aspni_NRRL3_1|7195|NRRL3_07195	NRRL3_07195
jgi|Aspni_NRRL3_1|7196|NRRL3_07196	NRRL3_07196
jgi|Aspni_NRRL3_1|7197|NRRL3_07197	NRRL3_07197
jgi|Aspni_NRRL3_1|7198|NRRL3_07198	NRRL3_07198
jgi|Aspni_NRRL3_1|7199|NRRL3_07199	NRRL3_07199
jgi|Aspni_NRRL3_1|7200|NRRL3_07200	NRRL3_07200
jgi|Aspni_NRRL3_1|7201|NRRL3_07201	NRRL3_07201
jgi|Aspni_NRRL3_1|7202|NRRL3_07202	NRRL3_07202
jgi|Aspni_NRRL3_1|7203|NRRL3_07203	NRRL3_07203
jgi|Aspni_NRRL3_1|7204|NRRL3_07204	NRRL3_07204
jgi|Aspni_NRRL3_1|7205|NRRL3_07205	NRRL3_07205
jgi|Aspni_NRRL3_1|7206|NRRL3_07206	NRRL3_07206
jgi|Aspni_NRRL3_1|7207|NRRL3_07207	NRRL3_07207
jgi|Aspni_NRRL3_1|7208|NRRL3_07208	NRRL3_07208
jgi|Aspni_NRRL3_1|7209|NRRL3_07209	NRRL3_07209
jgi|Aspni_NRRL3_1|7210|NRRL3_07210	NRRL3_07210
jgi|Aspni_NRRL3_1|7211|NRRL3_07211	NRRL3_07211
jgi|Aspni_NRRL3_1|7212|NRRL3_07212	NRRL3_07212
jgi|Aspni_NRRL3_1|7213|NRRL3_07213	NRRL3_07213
jgi|Aspni_NRRL3_1|7214|NRRL3_07214	NRRL3_07214
jgi|Aspni_NRRL3_1|7215|NRRL3_07215	NRRL3_07215
jgi|Aspni_NRRL3_1|7216|NRRL3_07216	NRRL3_07216
jgi|Aspni_NRRL3_1|7217|NRRL3_07217	NRRL3_07217
jgi|Aspni_NRRL3_1|7218|NRRL3_07218	NRRL3_07218
jgi|Aspni_NRRL3_1|7219|NRRL3_07219	NRRL3_07219
jgi|Aspni_NRRL3_1|7220|NRRL3_07220	NRRL3_07220
jgi|Aspni_NRRL3_1|7221|NRRL3_07221	NRRL3_07221
jgi|Aspni_NRRL3_1|7222|NRRL3_07222	NRRL3_07222
jgi|Aspni_NRRL3_1|7223|NRRL3_07223	NRRL3_07223
jgi|Aspni_NRRL3_1|7224|NRRL3_07224	NRRL3_07224
jgi|Aspni_NRRL3_1|7225|NRRL3_07225	NRRL3_07225
jgi|Aspni_NRRL3_1|7226|NRRL3_07226	NRRL3_07226
jgi|Aspni_NRRL3_1|7227|NRRL3_07227	NRRL3_07227
jgi|Aspni_NRRL3_1|7228|NRRL3_07228	NRRL3_07228
jgi|Aspni_NRRL3_1|7229|NRRL3_07229	NRRL3_07229
jgi|Aspni_NRRL3_1|7230|NRRL3_07230	NRRL3_07230
jgi|Aspni_NRRL3_1|7231|NRRL3_07231	NRRL3_07231
jgi|Aspni_NRRL3_1|7232|NRRL3_07232	NRRL3_07232
jgi|Aspni_NRRL3_1|7233|NRRL3_07233	NRRL3_07233
jgi|Aspni_NRRL3_1|7234|NRRL3_07234	NRRL3_07234
jgi|Aspni_NRRL3_1|7235|NRRL3_07235	NRRL3_07235
jgi|Aspni_NRRL3_1|7236|NRRL3_07236	NRRL3_07236
jgi|Aspni_NRRL3_1|7237|NRRL3_07237	NRRL3_07237
jgi|Aspni_NRRL3_1|7238|NRRL3_07238	NRRL3_07238
jgi|Aspni_NRRL3_1|7239|NRRL3_07239	NRRL3_07239
jgi|Aspni_NRRL3_1|7240|NRRL3_07240	NRRL3_07240
jgi|Aspni_NRRL3_1|7241|NRRL3_07241	NRRL3_07241
jgi|Aspni_NRRL3_1|7242|NRRL3_07242	NRRL3_07242
jgi|Aspni_NRRL3_1|7243|NRRL3_07243	NRRL3_07243
jgi|Aspni_NRRL3_1|7244|NRRL3_07244	NRRL3_07244
jgi|Aspni_NRRL3_1|7245|NRRL3_07245	NRRL3_07245
jgi|Aspni_NRRL3_1|7246|NRRL3_07246	NRRL3_07246
jgi|Aspni_NRRL3_1|7247|NRRL3_07247	NRRL3_07247
jgi|Aspni_NRRL3_1|7248|NRRL3_07248	NRRL3_07248
jgi|Aspni_NRRL3_1|7249|NRRL3_07249	NRRL3_07249
jgi|Aspni_NRRL3_1|7250|NRRL3_07250	NRRL3_07250
jgi|Aspni_NRRL3_1|7251|NRRL3_07251	NRRL3_07251
jgi|Aspni_NRRL3_1|7252|NRRL3_07252	NRRL3_07252
jgi|Aspni_NRRL3_1|7253|NRRL3_07253	NRRL3_07253
jgi|Aspni_NRRL3_1|7254|NRRL3_07254	NRRL3_07254
jgi|Aspni_NRRL3_1|7255|NRRL3_07255	NRRL3_07255
jgi|Aspni_NRRL3_1|7256|NRRL3_07256	NRRL3_07256
jgi|Aspni_NRRL3_1|7257|NRRL3_07257	NRRL3_07257
jgi|Aspni_NRRL3_1|7258|NRRL3_07258	NRRL3_07258
jgi|Aspni_NRRL3_1|7259|NRRL3_07259	NRRL3_07259
jgi|Aspni_NRRL3_1|7260|NRRL3_07260	NRRL3_07260
jgi|Aspni_NRRL3_1|7261|NRRL3_07261	NRRL3_07261
jgi|Aspni_NRRL3_1|7262|NRRL3_07262	NRRL3_07262
jgi|Aspni_NRRL3_1|7263|NRRL3_07263	NRRL3_07263
jgi|Aspni_NRRL3_1|7264|NRRL3_07264	NRRL3_07264
jgi|Aspni_NRRL3_1|7265|NRRL3_07265	NRRL3_07265
jgi|Aspni_NRRL3_1|7266|NRRL3_07266	NRRL3_07266
jgi|Aspni_NRRL3_1|7267|NRRL3_07267	NRRL3_07267
jgi|Aspni_NRRL3_1|7268|NRRL3_07268	NRRL3_07268
jgi|Aspni_NRRL3_1|7269|NRRL3_07269	NRRL3_07269
jgi|Aspni_NRRL3_1|7270|NRRL3_07270	NRRL3_07270
jgi|Aspni_NRRL3_1|7271|NRRL3_07271	NRRL3_07271
jgi|Aspni_NRRL3_1|7272|NRRL3_07272	NRRL3_07272
jgi|Aspni_NRRL3_1|7273|NRRL3_07273	NRRL3_07273
jgi|Aspni_NRRL3_1|7274|NRRL3_07274	NRRL3_07274
jgi|Aspni_NRRL3_1|7275|NRRL3_07275	NRRL3_07275
jgi|Aspni_NRRL3_1|7276|NRRL3_07276	NRRL3_07276
jgi|Aspni_NRRL3_1|7277|NRRL3_07277	NRRL3_07277
jgi|Aspni_NRRL3_1|7278|NRRL3_07278	NRRL3_07278
jgi|Aspni_NRRL3_1|7279|NRRL3_07279	NRRL3_07279
jgi|Aspni_NRRL3_1|7280|NRRL3_07280	NRRL3_07280
jgi|Aspni_NRRL3_1|7281|NRRL3_07281	NRRL3_07281
jgi|Aspni_NRRL3_1|7282|NRRL3_07282	NRRL3_07282
jgi|Aspni_NRRL3_1|7283|NRRL3_07283	NRRL3_07283
jgi|Aspni_NRRL3_1|7284|NRRL3_07284	NRRL3_07284
jgi|Aspni_NRRL3_1|7285|NRRL3_07285	NRRL3_07285
jgi|Aspni_NRRL3_1|7286|NRRL3_07286	NRRL3_07286
jgi|Aspni_NRRL3_1|7287|NRRL3_07287	NRRL3_07287
jgi|Aspni_NRRL3_1|7288|NRRL3_07288	NRRL3_07288
jgi|Aspni_NRRL3_1|7289|NRRL3_07289	NRRL3_07289
jgi|Aspni_NRRL3_1|7290|NRRL3_07290	NRRL3_07290
jgi|Aspni_NRRL3_1|7291|NRRL3_07291	NRRL3_07291
jgi|Aspni_NRRL3_1|7292|NRRL3_07292	NRRL3_07292
jgi|Aspni_NRRL3_1|7293|NRRL3_07293	NRRL3_07293
jgi|Aspni_NRRL3_1|7294|NRRL3_07294	NRRL3_07294
jgi|Aspni_NRRL3_1|7295|NRRL3_07295	NRRL3_07295
jgi|Aspni_NRRL3_1|7296|NRRL3_07296	NRRL3_07296
jgi|Aspni_NRRL3_1|7297|NRRL3_07297	NRRL3_07297
jgi|Aspni_NRRL3_1|7298|NRRL3_07298	NRRL3_07298
jgi|Aspni_NRRL3_1|7299|NRRL3_07299	NRRL3_07299
jgi|Aspni_NRRL3_1|7300|NRRL3_07300	NRRL3_07300
jgi|Aspni_NRRL3_1|7301|NRRL3_07301	NRRL3_07301
jgi|Aspni_NRRL3_1|7302|NRRL3_07302	NRRL3_07302
jgi|Aspni_NRRL3_1|7303|NRRL3_07303	NRRL3_07303
jgi|Aspni_NRRL3_1|7304|NRRL3_07304	NRRL3_07304
jgi|Aspni_NRRL3_1|7305|NRRL3_07305	NRRL3_07305
jgi|Aspni_NRRL3_1|7306|NRRL3_07306	NRRL3_07306
jgi|Aspni_NRRL3_1|7307|NRRL3_07307	NRRL3_07307
jgi|Aspni_NRRL3_1|7308|NRRL3_07308	NRRL3_07308
jgi|Aspni_NRRL3_1|7309|NRRL3_07309	NRRL3_07309
jgi|Aspni_NRRL3_1|7310|NRRL3_07310	NRRL3_07310
jgi|Aspni_NRRL3_1|7311|NRRL3_07311	NRRL3_07311
jgi|Aspni_NRRL3_1|7312|NRRL3_07312	NRRL3_07312
jgi|Aspni_NRRL3_1|7313|NRRL3_07313	NRRL3_07313
jgi|Aspni_NRRL3_1|7314|NRRL3_07314	NRRL3_07314
jgi|Aspni_NRRL3_1|7315|NRRL3_07315	NRRL3_07315
jgi|Aspni_NRRL3_1|7316|NRRL3_07316	NRRL3_07316
jgi|Aspni_NRRL3_1|7317|NRRL3_07317	NRRL3_07317
jgi|Aspni_NRRL3_1|7318|NRRL3_07318	NRRL3_07318
jgi|Aspni_NRRL3_1|7319|NRRL3_07319	NRRL3_07319
jgi|Aspni_NRRL3_1|7320|NRRL3_07320	NRRL3_07320
jgi|Aspni_NRRL3_1|7321|NRRL3_07321	NRRL3_07321
jgi|Aspni_NRRL3_1|7322|NRRL3_07322	NRRL3_07322
jgi|Aspni_NRRL3_1|7323|NRRL3_07323	NRRL3_07323
jgi|Aspni_NRRL3_1|7324|NRRL3_07324	NRRL3_07324
jgi|Aspni_NRRL3_1|7325|NRRL3_07325	NRRL3_07325
jgi|Aspni_NRRL3_1|7326|NRRL3_07326	NRRL3_07326
jgi|Aspni_NRRL3_1|7327|NRRL3_07327	NRRL3_07327
jgi|Aspni_NRRL3_1|7328|NRRL3_07328	NRRL3_07328
jgi|Aspni_NRRL3_1|7329|NRRL3_07329	NRRL3_07329
jgi|Aspni_NRRL3_1|7330|NRRL3_07330	NRRL3_07330
jgi|Aspni_NRRL3_1|7331|NRRL3_07331	NRRL3_07331
jgi|Aspni_NRRL3_1|7332|NRRL3_07332	NRRL3_07332
jgi|Aspni_NRRL3_1|7333|NRRL3_07333	NRRL3_07333
jgi|Aspni_NRRL3_1|7334|NRRL3_07334	NRRL3_07334
jgi|Aspni_NRRL3_1|7335|NRRL3_07335	NRRL3_07335
jgi|Aspni_NRRL3_1|7336|NRRL3_07336	NRRL3_07336
jgi|Aspni_NRRL3_1|7337|NRRL3_07337	NRRL3_07337
jgi|Aspni_NRRL3_1|7338|NRRL3_07338	NRRL3_07338
jgi|Aspni_NRRL3_1|7339|NRRL3_07339	NRRL3_07339
jgi|Aspni_NRRL3_1|7340|NRRL3_07340	NRRL3_07340
jgi|Aspni_NRRL3_1|7341|NRRL3_07341	NRRL3_07341
jgi|Aspni_NRRL3_1|7342|NRRL3_07342	NRRL3_07342
jgi|Aspni_NRRL3_1|7343|NRRL3_07343	NRRL3_07343
jgi|Aspni_NRRL3_1|7344|NRRL3_07344	NRRL3_07344
jgi|Aspni_NRRL3_1|7345|NRRL3_07345	NRRL3_07345
jgi|Aspni_NRRL3_1|7346|NRRL3_07346	NRRL3_07346
jgi|Aspni_NRRL3_1|7347|NRRL3_07347	NRRL3_07347
jgi|Aspni_NRRL3_1|7348|NRRL3_07348	NRRL3_07348
jgi|Aspni_NRRL3_1|7349|NRRL3_07349	NRRL3_07349
jgi|Aspni_NRRL3_1|7350|NRRL3_07350	NRRL3_07350
jgi|Aspni_NRRL3_1|7351|NRRL3_07351	NRRL3_07351
jgi|Aspni_NRRL3_1|7352|NRRL3_07352	NRRL3_07352
jgi|Aspni_NRRL3_1|7353|NRRL3_07353	NRRL3_07353
jgi|Aspni_NRRL3_1|7354|NRRL3_07354	NRRL3_07354
jgi|Aspni_NRRL3_1|7355|NRRL3_07355	NRRL3_07355
jgi|Aspni_NRRL3_1|7356|NRRL3_07356	NRRL3_07356
jgi|Aspni_NRRL3_1|7357|NRRL3_07357	NRRL3_07357
jgi|Aspni_NRRL3_1|7358|NRRL3_07358	NRRL3_07358
jgi|Aspni_NRRL3_1|7359|NRRL3_07359	NRRL3_07359
jgi|Aspni_NRRL3_1|7360|NRRL3_07360	NRRL3_07360
jgi|Aspni_NRRL3_1|7361|NRRL3_07361	NRRL3_07361
jgi|Aspni_NRRL3_1|7362|NRRL3_07362	NRRL3_07362
jgi|Aspni_NRRL3_1|7363|NRRL3_07363	NRRL3_07363
jgi|Aspni_NRRL3_1|7364|NRRL3_07364	NRRL3_07364
jgi|Aspni_NRRL3_1|7365|NRRL3_07365	NRRL3_07365
jgi|Aspni_NRRL3_1|7366|NRRL3_07366	NRRL3_07366
jgi|Aspni_NRRL3_1|7367|NRRL3_07367	NRRL3_07367
jgi|Aspni_NRRL3_1|7368|NRRL3_07368	NRRL3_07368
jgi|Aspni_NRRL3_1|7369|NRRL3_07369	NRRL3_07369
jgi|Aspni_NRRL3_1|7370|NRRL3_07370	NRRL3_07370
jgi|Aspni_NRRL3_1|7371|NRRL3_07371	NRRL3_07371
jgi|Aspni_NRRL3_1|7372|NRRL3_07372	NRRL3_07372
jgi|Aspni_NRRL3_1|7373|NRRL3_07373	NRRL3_07373
jgi|Aspni_NRRL3_1|7374|NRRL3_07374	NRRL3_07374
jgi|Aspni_NRRL3_1|7375|NRRL3_07375	NRRL3_07375
jgi|Aspni_NRRL3_1|7376|NRRL3_07376	NRRL3_07376
jgi|Aspni_NRRL3_1|7377|NRRL3_07377	NRRL3_07377
jgi|Aspni_NRRL3_1|7378|NRRL3_07378	NRRL3_07378
jgi|Aspni_NRRL3_1|7379|NRRL3_07379	NRRL3_07379
jgi|Aspni_NRRL3_1|7380|NRRL3_07380	NRRL3_07380
jgi|Aspni_NRRL3_1|7381|NRRL3_07381	NRRL3_07381
jgi|Aspni_NRRL3_1|7382|NRRL3_07382	NRRL3_07382
jgi|Aspni_NRRL3_1|7383|NRRL3_07383	NRRL3_07383
jgi|Aspni_NRRL3_1|7384|NRRL3_07384	NRRL3_07384
jgi|Aspni_NRRL3_1|7385|NRRL3_07385	NRRL3_07385
jgi|Aspni_NRRL3_1|7386|NRRL3_07386	NRRL3_07386
jgi|Aspni_NRRL3_1|7387|NRRL3_07387	NRRL3_07387
jgi|Aspni_NRRL3_1|7388|NRRL3_07388	NRRL3_07388
jgi|Aspni_NRRL3_1|7389|NRRL3_07389	NRRL3_07389
jgi|Aspni_NRRL3_1|7390|NRRL3_07390	NRRL3_07390
jgi|Aspni_NRRL3_1|7391|NRRL3_07391	NRRL3_07391
jgi|Aspni_NRRL3_1|7392|NRRL3_07392	NRRL3_07392
jgi|Aspni_NRRL3_1|7393|NRRL3_07393	NRRL3_07393
jgi|Aspni_NRRL3_1|7394|NRRL3_07394	NRRL3_07394
jgi|Aspni_NRRL3_1|7395|NRRL3_07395	NRRL3_07395
jgi|Aspni_NRRL3_1|7396|NRRL3_07396	NRRL3_07396
jgi|Aspni_NRRL3_1|7397|NRRL3_07397	NRRL3_07397
jgi|Aspni_NRRL3_1|7398|NRRL3_07398	NRRL3_07398
jgi|Aspni_NRRL3_1|7399|NRRL3_07399	NRRL3_07399
jgi|Aspni_NRRL3_1|7400|NRRL3_07400	NRRL3_07400
jgi|Aspni_NRRL3_1|7401|NRRL3_07401	NRRL3_07401
jgi|Aspni_NRRL3_1|7402|NRRL3_07402	NRRL3_07402
jgi|Aspni_NRRL3_1|7403|NRRL3_07403	NRRL3_07403
jgi|Aspni_NRRL3_1|7404|NRRL3_07404	NRRL3_07404
jgi|Aspni_NRRL3_1|7405|NRRL3_07405	NRRL3_07405
jgi|Aspni_NRRL3_1|7406|NRRL3_07406	NRRL3_07406
jgi|Aspni_NRRL3_1|7407|NRRL3_07407	NRRL3_07407
jgi|Aspni_NRRL3_1|7408|NRRL3_07408	NRRL3_07408
jgi|Aspni_NRRL3_1|7409|NRRL3_07409	NRRL3_07409
jgi|Aspni_NRRL3_1|7410|NRRL3_07410	NRRL3_07410
jgi|Aspni_NRRL3_1|7411|NRRL3_07411	NRRL3_07411
jgi|Aspni_NRRL3_1|7412|NRRL3_07412	NRRL3_07412
jgi|Aspni_NRRL3_1|7413|NRRL3_07413	NRRL3_07413
jgi|Aspni_NRRL3_1|7414|NRRL3_07414	NRRL3_07414
jgi|Aspni_NRRL3_1|7415|NRRL3_07415	NRRL3_07415
jgi|Aspni_NRRL3_1|7416|NRRL3_07416	NRRL3_07416
jgi|Aspni_NRRL3_1|7417|NRRL3_07417	NRRL3_07417
jgi|Aspni_NRRL3_1|7418|NRRL3_07418	NRRL3_07418
jgi|Aspni_NRRL3_1|7419|NRRL3_07419	NRRL3_07419
jgi|Aspni_NRRL3_1|7420|NRRL3_07420	NRRL3_07420
jgi|Aspni_NRRL3_1|7421|NRRL3_07421	NRRL3_07421
jgi|Aspni_NRRL3_1|7422|NRRL3_07422	NRRL3_07422
jgi|Aspni_NRRL3_1|7423|NRRL3_07423	NRRL3_07423
jgi|Aspni_NRRL3_1|7424|NRRL3_07424	NRRL3_07424
jgi|Aspni_NRRL3_1|7425|NRRL3_07425	NRRL3_07425
jgi|Aspni_NRRL3_1|7426|NRRL3_07426	NRRL3_07426
jgi|Aspni_NRRL3_1|7427|NRRL3_07427	NRRL3_07427
jgi|Aspni_NRRL3_1|7428|NRRL3_07428	NRRL3_07428
jgi|Aspni_NRRL3_1|7429|NRRL3_07429	NRRL3_07429
jgi|Aspni_NRRL3_1|7430|NRRL3_07430	NRRL3_07430
jgi|Aspni_NRRL3_1|7431|NRRL3_07431	NRRL3_07431
jgi|Aspni_NRRL3_1|7432|NRRL3_07432	NRRL3_07432
jgi|Aspni_NRRL3_1|7433|NRRL3_07433	NRRL3_07433
jgi|Aspni_NRRL3_1|7434|NRRL3_07434	NRRL3_07434
jgi|Aspni_NRRL3_1|7435|NRRL3_07435	NRRL3_07435
jgi|Aspni_NRRL3_1|7436|NRRL3_07436	NRRL3_07436
jgi|Aspni_NRRL3_1|7437|NRRL3_07437	NRRL3_07437
jgi|Aspni_NRRL3_1|7438|NRRL3_07438	NRRL3_07438
jgi|Aspni_NRRL3_1|7439|NRRL3_07439	NRRL3_07439
jgi|Aspni_NRRL3_1|7440|NRRL3_07440	NRRL3_07440
jgi|Aspni_NRRL3_1|7441|NRRL3_07441	NRRL3_07441
jgi|Aspni_NRRL3_1|7442|NRRL3_07442	NRRL3_07442
jgi|Aspni_NRRL3_1|7443|NRRL3_07443	NRRL3_07443
jgi|Aspni_NRRL3_1|7444|NRRL3_07444	NRRL3_07444
jgi|Aspni_NRRL3_1|7445|NRRL3_07445	NRRL3_07445
jgi|Aspni_NRRL3_1|7446|NRRL3_07446	NRRL3_07446
jgi|Aspni_NRRL3_1|7447|NRRL3_07447	NRRL3_07447
jgi|Aspni_NRRL3_1|7448|NRRL3_07448	NRRL3_07448
jgi|Aspni_NRRL3_1|7449|NRRL3_07449	NRRL3_07449
jgi|Aspni_NRRL3_1|7450|NRRL3_07450	NRRL3_07450
jgi|Aspni_NRRL3_1|7451|NRRL3_07451	NRRL3_07451
jgi|Aspni_NRRL3_1|7452|NRRL3_07452	NRRL3_07452
jgi|Aspni_NRRL3_1|7453|NRRL3_07453	NRRL3_07453
jgi|Aspni_NRRL3_1|7454|NRRL3_07454	NRRL3_07454
jgi|Aspni_NRRL3_1|7455|NRRL3_07455	NRRL3_07455
jgi|Aspni_NRRL3_1|7456|NRRL3_07456	NRRL3_07456
jgi|Aspni_NRRL3_1|7457|NRRL3_07457	NRRL3_07457
jgi|Aspni_NRRL3_1|7458|NRRL3_07458	NRRL3_07458
jgi|Aspni_NRRL3_1|7459|NRRL3_07459	NRRL3_07459
jgi|Aspni_NRRL3_1|7460|NRRL3_07460	NRRL3_07460
jgi|Aspni_NRRL3_1|7461|NRRL3_07461	NRRL3_07461
jgi|Aspni_NRRL3_1|7462|NRRL3_07462	NRRL3_07462
jgi|Aspni_NRRL3_1|7463|NRRL3_07463	NRRL3_07463
jgi|Aspni_NRRL3_1|7464|NRRL3_07464	NRRL3_07464
jgi|Aspni_NRRL3_1|7465|NRRL3_07465	NRRL3_07465
jgi|Aspni_NRRL3_1|7466|NRRL3_07466	NRRL3_07466
jgi|Aspni_NRRL3_1|7467|NRRL3_07467	NRRL3_07467
jgi|Aspni_NRRL3_1|7468|NRRL3_07468	NRRL3_07468
jgi|Aspni_NRRL3_1|7469|NRRL3_07469	NRRL3_07469
jgi|Aspni_NRRL3_1|7470|NRRL3_07470	NRRL3_07470
jgi|Aspni_NRRL3_1|7471|NRRL3_07471	NRRL3_07471
jgi|Aspni_NRRL3_1|7472|NRRL3_07472	NRRL3_07472
jgi|Aspni_NRRL3_1|7473|NRRL3_07473	NRRL3_07473
jgi|Aspni_NRRL3_1|7474|NRRL3_07474	NRRL3_07474
jgi|Aspni_NRRL3_1|7475|NRRL3_07475	NRRL3_07475
jgi|Aspni_NRRL3_1|7476|NRRL3_07476	NRRL3_07476
jgi|Aspni_NRRL3_1|7477|NRRL3_07477	NRRL3_07477
jgi|Aspni_NRRL3_1|7478|NRRL3_07478	NRRL3_07478
jgi|Aspni_NRRL3_1|7479|NRRL3_07479	NRRL3_07479
jgi|Aspni_NRRL3_1|7480|NRRL3_07480	NRRL3_07480
jgi|Aspni_NRRL3_1|7481|NRRL3_07481	NRRL3_07481
jgi|Aspni_NRRL3_1|7482|NRRL3_07482	NRRL3_07482
jgi|Aspni_NRRL3_1|7483|NRRL3_07483	NRRL3_07483
jgi|Aspni_NRRL3_1|7484|NRRL3_07484	NRRL3_07484
jgi|Aspni_NRRL3_1|7485|NRRL3_07485	NRRL3_07485
jgi|Aspni_NRRL3_1|7486|NRRL3_07486	NRRL3_07486
jgi|Aspni_NRRL3_1|7487|NRRL3_07487	NRRL3_07487
jgi|Aspni_NRRL3_1|7488|NRRL3_07488	NRRL3_07488
jgi|Aspni_NRRL3_1|7489|NRRL3_07489	NRRL3_07489
jgi|Aspni_NRRL3_1|7490|NRRL3_07490	NRRL3_07490
jgi|Aspni_NRRL3_1|7491|NRRL3_07491	NRRL3_07491
jgi|Aspni_NRRL3_1|7492|NRRL3_07492	NRRL3_07492
jgi|Aspni_NRRL3_1|7493|NRRL3_07493	NRRL3_07493
jgi|Aspni_NRRL3_1|7494|NRRL3_07494	NRRL3_07494
jgi|Aspni_NRRL3_1|7495|NRRL3_07495	NRRL3_07495
jgi|Aspni_NRRL3_1|7496|NRRL3_07496	NRRL3_07496
jgi|Aspni_NRRL3_1|7497|NRRL3_07497	NRRL3_07497
jgi|Aspni_NRRL3_1|7498|NRRL3_07498	NRRL3_07498
jgi|Aspni_NRRL3_1|7499|NRRL3_07499	NRRL3_07499
jgi|Aspni_NRRL3_1|7500|NRRL3_07500	NRRL3_07500
jgi|Aspni_NRRL3_1|7501|NRRL3_07501	NRRL3_07501
jgi|Aspni_NRRL3_1|7502|NRRL3_07502	NRRL3_07502
jgi|Aspni_NRRL3_1|7503|NRRL3_07503	NRRL3_07503
jgi|Aspni_NRRL3_1|7504|NRRL3_07504	NRRL3_07504
jgi|Aspni_NRRL3_1|7505|NRRL3_07505	NRRL3_07505
jgi|Aspni_NRRL3_1|7506|NRRL3_07506	NRRL3_07506
jgi|Aspni_NRRL3_1|7507|NRRL3_07507	NRRL3_07507
jgi|Aspni_NRRL3_1|7508|NRRL3_07508	NRRL3_07508
jgi|Aspni_NRRL3_1|7509|NRRL3_07509	NRRL3_07509
jgi|Aspni_NRRL3_1|7510|NRRL3_07510	NRRL3_07510
jgi|Aspni_NRRL3_1|7511|NRRL3_07511	NRRL3_07511
jgi|Aspni_NRRL3_1|7512|NRRL3_07512	NRRL3_07512
jgi|Aspni_NRRL3_1|7513|NRRL3_07513	NRRL3_07513
jgi|Aspni_NRRL3_1|7514|NRRL3_07514	NRRL3_07514
jgi|Aspni_NRRL3_1|7515|NRRL3_07515	NRRL3_07515
jgi|Aspni_NRRL3_1|7516|NRRL3_07516	NRRL3_07516
jgi|Aspni_NRRL3_1|7517|NRRL3_07517	NRRL3_07517
jgi|Aspni_NRRL3_1|7518|NRRL3_07518	NRRL3_07518
jgi|Aspni_NRRL3_1|7519|NRRL3_07519	NRRL3_07519
jgi|Aspni_NRRL3_1|7520|NRRL3_07520	NRRL3_07520
jgi|Aspni_NRRL3_1|7521|NRRL3_07521	NRRL3_07521
jgi|Aspni_NRRL3_1|7522|NRRL3_07522	NRRL3_07522
jgi|Aspni_NRRL3_1|7523|NRRL3_07523	NRRL3_07523
jgi|Aspni_NRRL3_1|7524|NRRL3_07524	NRRL3_07524
jgi|Aspni_NRRL3_1|7525|NRRL3_07525	NRRL3_07525
jgi|Aspni_NRRL3_1|7526|NRRL3_07526	NRRL3_07526
jgi|Aspni_NRRL3_1|7527|NRRL3_07527	NRRL3_07527
jgi|Aspni_NRRL3_1|7528|NRRL3_07528	NRRL3_07528
jgi|Aspni_NRRL3_1|7529|NRRL3_07529	NRRL3_07529
jgi|Aspni_NRRL3_1|7530|NRRL3_07530	NRRL3_07530
jgi|Aspni_NRRL3_1|7531|NRRL3_07531	NRRL3_07531
jgi|Aspni_NRRL3_1|7532|NRRL3_07532	NRRL3_07532
jgi|Aspni_NRRL3_1|7533|NRRL3_07533	NRRL3_07533
jgi|Aspni_NRRL3_1|7534|NRRL3_07534	NRRL3_07534
jgi|Aspni_NRRL3_1|7535|NRRL3_07535	NRRL3_07535
jgi|Aspni_NRRL3_1|7536|NRRL3_07536	NRRL3_07536
jgi|Aspni_NRRL3_1|7537|NRRL3_07537	NRRL3_07537
jgi|Aspni_NRRL3_1|7538|NRRL3_07538	NRRL3_07538
jgi|Aspni_NRRL3_1|7539|NRRL3_07539	NRRL3_07539
jgi|Aspni_NRRL3_1|7540|NRRL3_07540	NRRL3_07540
jgi|Aspni_NRRL3_1|7541|NRRL3_07541	NRRL3_07541
jgi|Aspni_NRRL3_1|7542|NRRL3_07542	NRRL3_07542
jgi|Aspni_NRRL3_1|7543|NRRL3_07543	NRRL3_07543
jgi|Aspni_NRRL3_1|7544|NRRL3_07544	NRRL3_07544
jgi|Aspni_NRRL3_1|7545|NRRL3_07545	NRRL3_07545
jgi|Aspni_NRRL3_1|7546|NRRL3_07546	NRRL3_07546
jgi|Aspni_NRRL3_1|7547|NRRL3_07547	NRRL3_07547
jgi|Aspni_NRRL3_1|7548|NRRL3_07548	NRRL3_07548
jgi|Aspni_NRRL3_1|7549|NRRL3_07549	NRRL3_07549
jgi|Aspni_NRRL3_1|7550|NRRL3_07550	NRRL3_07550
jgi|Aspni_NRRL3_1|7551|NRRL3_07551	NRRL3_07551
jgi|Aspni_NRRL3_1|7552|NRRL3_07552	NRRL3_07552
jgi|Aspni_NRRL3_1|7553|NRRL3_07553	NRRL3_07553
jgi|Aspni_NRRL3_1|7554|NRRL3_07554	NRRL3_07554
jgi|Aspni_NRRL3_1|7555|NRRL3_07555	NRRL3_07555
jgi|Aspni_NRRL3_1|7556|NRRL3_07556	NRRL3_07556
jgi|Aspni_NRRL3_1|7557|NRRL3_07557	NRRL3_07557
jgi|Aspni_NRRL3_1|7558|NRRL3_07558	NRRL3_07558
jgi|Aspni_NRRL3_1|7559|NRRL3_07559	NRRL3_07559
jgi|Aspni_NRRL3_1|7560|NRRL3_07560	NRRL3_07560
jgi|Aspni_NRRL3_1|7561|NRRL3_07561	NRRL3_07561
jgi|Aspni_NRRL3_1|7562|NRRL3_07562	NRRL3_07562
jgi|Aspni_NRRL3_1|7563|NRRL3_07563	NRRL3_07563
jgi|Aspni_NRRL3_1|7564|NRRL3_07564	NRRL3_07564
jgi|Aspni_NRRL3_1|7565|NRRL3_07565	NRRL3_07565
jgi|Aspni_NRRL3_1|7566|NRRL3_07566	NRRL3_07566
jgi|Aspni_NRRL3_1|7567|NRRL3_07567	NRRL3_07567
jgi|Aspni_NRRL3_1|7568|NRRL3_07568	NRRL3_07568
jgi|Aspni_NRRL3_1|7569|NRRL3_07569	NRRL3_07569
jgi|Aspni_NRRL3_1|7570|NRRL3_07570	NRRL3_07570
jgi|Aspni_NRRL3_1|7571|NRRL3_07571	NRRL3_07571
jgi|Aspni_NRRL3_1|7572|NRRL3_07572	NRRL3_07572
jgi|Aspni_NRRL3_1|7573|NRRL3_07573	NRRL3_07573
jgi|Aspni_NRRL3_1|7574|NRRL3_07574	NRRL3_07574
jgi|Aspni_NRRL3_1|7575|NRRL3_07575	NRRL3_07575
jgi|Aspni_NRRL3_1|7576|NRRL3_07576	NRRL3_07576
jgi|Aspni_NRRL3_1|7577|NRRL3_07577	NRRL3_07577
jgi|Aspni_NRRL3_1|7578|NRRL3_07578	NRRL3_07578
jgi|Aspni_NRRL3_1|7579|NRRL3_07579	NRRL3_07579
jgi|Aspni_NRRL3_1|7580|NRRL3_07580	NRRL3_07580
jgi|Aspni_NRRL3_1|7581|NRRL3_07581	NRRL3_07581
jgi|Aspni_NRRL3_1|7582|NRRL3_07582	NRRL3_07582
jgi|Aspni_NRRL3_1|7583|NRRL3_07583	NRRL3_07583
jgi|Aspni_NRRL3_1|7584|NRRL3_07584	NRRL3_07584
jgi|Aspni_NRRL3_1|7585|NRRL3_07585	NRRL3_07585
jgi|Aspni_NRRL3_1|7586|NRRL3_07586	NRRL3_07586
jgi|Aspni_NRRL3_1|7587|NRRL3_07587	NRRL3_07587
jgi|Aspni_NRRL3_1|7588|NRRL3_07588	NRRL3_07588
jgi|Aspni_NRRL3_1|7589|NRRL3_07589	NRRL3_07589
jgi|Aspni_NRRL3_1|7590|NRRL3_07590	NRRL3_07590
jgi|Aspni_NRRL3_1|7591|NRRL3_07591	NRRL3_07591
jgi|Aspni_NRRL3_1|7592|NRRL3_07592	NRRL3_07592
jgi|Aspni_NRRL3_1|7593|NRRL3_07593	NRRL3_07593
jgi|Aspni_NRRL3_1|7594|NRRL3_07594	NRRL3_07594
jgi|Aspni_NRRL3_1|7595|NRRL3_07595	NRRL3_07595
jgi|Aspni_NRRL3_1|7596|NRRL3_07596	NRRL3_07596
jgi|Aspni_NRRL3_1|7597|NRRL3_07597	NRRL3_07597
jgi|Aspni_NRRL3_1|7598|NRRL3_07598	NRRL3_07598
jgi|Aspni_NRRL3_1|7599|NRRL3_07599	NRRL3_07599
jgi|Aspni_NRRL3_1|7600|NRRL3_07600	NRRL3_07600
jgi|Aspni_NRRL3_1|7601|NRRL3_07601	NRRL3_07601
jgi|Aspni_NRRL3_1|7602|NRRL3_07602	NRRL3_07602
jgi|Aspni_NRRL3_1|7603|NRRL3_07603	NRRL3_07603
jgi|Aspni_NRRL3_1|7604|NRRL3_07604	NRRL3_07604
jgi|Aspni_NRRL3_1|7605|NRRL3_07605	NRRL3_07605
jgi|Aspni_NRRL3_1|7606|NRRL3_07606	NRRL3_07606
jgi|Aspni_NRRL3_1|7607|NRRL3_07607	NRRL3_07607
jgi|Aspni_NRRL3_1|7608|NRRL3_07608	NRRL3_07608
jgi|Aspni_NRRL3_1|7609|NRRL3_07609	NRRL3_07609
jgi|Aspni_NRRL3_1|7610|NRRL3_07610	NRRL3_07610
jgi|Aspni_NRRL3_1|7611|NRRL3_07611	NRRL3_07611
jgi|Aspni_NRRL3_1|7612|NRRL3_07612	NRRL3_07612
jgi|Aspni_NRRL3_1|7613|NRRL3_07613	NRRL3_07613
jgi|Aspni_NRRL3_1|7614|NRRL3_07614	NRRL3_07614
jgi|Aspni_NRRL3_1|7615|NRRL3_07615	NRRL3_07615
jgi|Aspni_NRRL3_1|7616|NRRL3_07616	NRRL3_07616
jgi|Aspni_NRRL3_1|7617|NRRL3_07617	NRRL3_07617
jgi|Aspni_NRRL3_1|7618|NRRL3_07618	NRRL3_07618
jgi|Aspni_NRRL3_1|7619|NRRL3_07619	NRRL3_07619
jgi|Aspni_NRRL3_1|7620|NRRL3_07620	NRRL3_07620
jgi|Aspni_NRRL3_1|7621|NRRL3_07621	NRRL3_07621
jgi|Aspni_NRRL3_1|7622|NRRL3_07622	NRRL3_07622
jgi|Aspni_NRRL3_1|7623|NRRL3_07623	NRRL3_07623
jgi|Aspni_NRRL3_1|7624|NRRL3_07624	NRRL3_07624
jgi|Aspni_NRRL3_1|7625|NRRL3_07625	NRRL3_07625
jgi|Aspni_NRRL3_1|7626|NRRL3_07626	NRRL3_07626
jgi|Aspni_NRRL3_1|7627|NRRL3_07627	NRRL3_07627
jgi|Aspni_NRRL3_1|7628|NRRL3_07628	NRRL3_07628
jgi|Aspni_NRRL3_1|7629|NRRL3_07629	NRRL3_07629
jgi|Aspni_NRRL3_1|7630|NRRL3_07630	NRRL3_07630
jgi|Aspni_NRRL3_1|7631|NRRL3_07631	NRRL3_07631
jgi|Aspni_NRRL3_1|7632|NRRL3_07632	NRRL3_07632
jgi|Aspni_NRRL3_1|7633|NRRL3_07633	NRRL3_07633
jgi|Aspni_NRRL3_1|7634|NRRL3_07634	NRRL3_07634
jgi|Aspni_NRRL3_1|7635|NRRL3_07635	NRRL3_07635
jgi|Aspni_NRRL3_1|7636|NRRL3_07636	NRRL3_07636
jgi|Aspni_NRRL3_1|7637|NRRL3_07637	NRRL3_07637
jgi|Aspni_NRRL3_1|7638|NRRL3_07638	NRRL3_07638
jgi|Aspni_NRRL3_1|7639|NRRL3_07639	NRRL3_07639
jgi|Aspni_NRRL3_1|7640|NRRL3_07640	NRRL3_07640
jgi|Aspni_NRRL3_1|7641|NRRL3_07641	NRRL3_07641
jgi|Aspni_NRRL3_1|7642|NRRL3_07642	NRRL3_07642
jgi|Aspni_NRRL3_1|7643|NRRL3_07643	NRRL3_07643
jgi|Aspni_NRRL3_1|7644|NRRL3_07644	NRRL3_07644
jgi|Aspni_NRRL3_1|7645|NRRL3_07645	NRRL3_07645
jgi|Aspni_NRRL3_1|7646|NRRL3_07646	NRRL3_07646
jgi|Aspni_NRRL3_1|7647|NRRL3_07647	NRRL3_07647
jgi|Aspni_NRRL3_1|7648|NRRL3_07648	NRRL3_07648
jgi|Aspni_NRRL3_1|7649|NRRL3_07649	NRRL3_07649
jgi|Aspni_NRRL3_1|7650|NRRL3_07650	NRRL3_07650
jgi|Aspni_NRRL3_1|7651|NRRL3_07651	NRRL3_07651
jgi|Aspni_NRRL3_1|7652|NRRL3_07652	NRRL3_07652
jgi|Aspni_NRRL3_1|7653|NRRL3_07653	NRRL3_07653
jgi|Aspni_NRRL3_1|7654|NRRL3_07654	NRRL3_07654
jgi|Aspni_NRRL3_1|7655|NRRL3_07655	NRRL3_07655
jgi|Aspni_NRRL3_1|7656|NRRL3_07656	NRRL3_07656
jgi|Aspni_NRRL3_1|7657|NRRL3_07657	NRRL3_07657
jgi|Aspni_NRRL3_1|7658|NRRL3_07658	NRRL3_07658
jgi|Aspni_NRRL3_1|7659|NRRL3_07659	NRRL3_07659
jgi|Aspni_NRRL3_1|7660|NRRL3_07660	NRRL3_07660
jgi|Aspni_NRRL3_1|7661|NRRL3_07661	NRRL3_07661
jgi|Aspni_NRRL3_1|7662|NRRL3_07662	NRRL3_07662
jgi|Aspni_NRRL3_1|7663|NRRL3_07663	NRRL3_07663
jgi|Aspni_NRRL3_1|7664|NRRL3_07664	NRRL3_07664
jgi|Aspni_NRRL3_1|7665|NRRL3_07665	NRRL3_07665
jgi|Aspni_NRRL3_1|7666|NRRL3_07666	NRRL3_07666
jgi|Aspni_NRRL3_1|7667|NRRL3_07667	NRRL3_07667
jgi|Aspni_NRRL3_1|7668|NRRL3_07668	NRRL3_07668
jgi|Aspni_NRRL3_1|7669|NRRL3_07669	NRRL3_07669
jgi|Aspni_NRRL3_1|7670|NRRL3_07670	NRRL3_07670
jgi|Aspni_NRRL3_1|7671|NRRL3_07671	NRRL3_07671
jgi|Aspni_NRRL3_1|7672|NRRL3_07672	NRRL3_07672
jgi|Aspni_NRRL3_1|7673|NRRL3_07673	NRRL3_07673
jgi|Aspni_NRRL3_1|7674|NRRL3_07674	NRRL3_07674
jgi|Aspni_NRRL3_1|7675|NRRL3_07675	NRRL3_07675
jgi|Aspni_NRRL3_1|7676|NRRL3_07676	NRRL3_07676
jgi|Aspni_NRRL3_1|7677|NRRL3_07677	NRRL3_07677
jgi|Aspni_NRRL3_1|7678|NRRL3_07678	NRRL3_07678
jgi|Aspni_NRRL3_1|7679|NRRL3_07679	NRRL3_07679
jgi|Aspni_NRRL3_1|7680|NRRL3_07680	NRRL3_07680
jgi|Aspni_NRRL3_1|7681|NRRL3_07681	NRRL3_07681
jgi|Aspni_NRRL3_1|7682|NRRL3_07682	NRRL3_07682
jgi|Aspni_NRRL3_1|7683|NRRL3_07683	NRRL3_07683
jgi|Aspni_NRRL3_1|7684|NRRL3_07684	NRRL3_07684
jgi|Aspni_NRRL3_1|7685|NRRL3_07685	NRRL3_07685
jgi|Aspni_NRRL3_1|7686|NRRL3_07686	NRRL3_07686
jgi|Aspni_NRRL3_1|7687|NRRL3_07687	NRRL3_07687
jgi|Aspni_NRRL3_1|7688|NRRL3_07688	NRRL3_07688
jgi|Aspni_NRRL3_1|7689|NRRL3_07689	NRRL3_07689
jgi|Aspni_NRRL3_1|7690|NRRL3_07690	NRRL3_07690
jgi|Aspni_NRRL3_1|7691|NRRL3_07691	NRRL3_07691
jgi|Aspni_NRRL3_1|7692|NRRL3_07692	NRRL3_07692
jgi|Aspni_NRRL3_1|7693|NRRL3_07693	NRRL3_07693
jgi|Aspni_NRRL3_1|7694|NRRL3_07694	NRRL3_07694
jgi|Aspni_NRRL3_1|7695|NRRL3_07695	NRRL3_07695
jgi|Aspni_NRRL3_1|7696|NRRL3_07696	NRRL3_07696
jgi|Aspni_NRRL3_1|7697|NRRL3_07697	NRRL3_07697
jgi|Aspni_NRRL3_1|7698|NRRL3_07698	NRRL3_07698
jgi|Aspni_NRRL3_1|7699|NRRL3_07699	NRRL3_07699
jgi|Aspni_NRRL3_1|7700|NRRL3_07700	NRRL3_07700
jgi|Aspni_NRRL3_1|7701|NRRL3_07701	NRRL3_07701
jgi|Aspni_NRRL3_1|7702|NRRL3_07702	NRRL3_07702
jgi|Aspni_NRRL3_1|7703|NRRL3_07703	NRRL3_07703
jgi|Aspni_NRRL3_1|7704|NRRL3_07704	NRRL3_07704
jgi|Aspni_NRRL3_1|7705|NRRL3_07705	NRRL3_07705
jgi|Aspni_NRRL3_1|7706|NRRL3_07706	NRRL3_07706
jgi|Aspni_NRRL3_1|7707|NRRL3_07707	NRRL3_07707
jgi|Aspni_NRRL3_1|7708|NRRL3_07708	NRRL3_07708
jgi|Aspni_NRRL3_1|7709|NRRL3_07709	NRRL3_07709
jgi|Aspni_NRRL3_1|7710|NRRL3_07710	NRRL3_07710
jgi|Aspni_NRRL3_1|7711|NRRL3_07711	NRRL3_07711
jgi|Aspni_NRRL3_1|7712|NRRL3_07712	NRRL3_07712
jgi|Aspni_NRRL3_1|7713|NRRL3_07713	NRRL3_07713
jgi|Aspni_NRRL3_1|7714|NRRL3_07714	NRRL3_07714
jgi|Aspni_NRRL3_1|7715|NRRL3_07715	NRRL3_07715
jgi|Aspni_NRRL3_1|7716|NRRL3_07716	NRRL3_07716
jgi|Aspni_NRRL3_1|7717|NRRL3_07717	NRRL3_07717
jgi|Aspni_NRRL3_1|7718|NRRL3_07718	NRRL3_07718
jgi|Aspni_NRRL3_1|7719|NRRL3_07719	NRRL3_07719
jgi|Aspni_NRRL3_1|7720|NRRL3_07720	NRRL3_07720
jgi|Aspni_NRRL3_1|7721|NRRL3_07721	NRRL3_07721
jgi|Aspni_NRRL3_1|7722|NRRL3_07722	NRRL3_07722
jgi|Aspni_NRRL3_1|7723|NRRL3_07723	NRRL3_07723
jgi|Aspni_NRRL3_1|7724|NRRL3_07724	NRRL3_07724
jgi|Aspni_NRRL3_1|7725|NRRL3_07725	NRRL3_07725
jgi|Aspni_NRRL3_1|7726|NRRL3_07726	NRRL3_07726
jgi|Aspni_NRRL3_1|7727|NRRL3_07727	NRRL3_07727
jgi|Aspni_NRRL3_1|7728|NRRL3_07728	NRRL3_07728
jgi|Aspni_NRRL3_1|7729|NRRL3_07729	NRRL3_07729
jgi|Aspni_NRRL3_1|7730|NRRL3_07730	NRRL3_07730
jgi|Aspni_NRRL3_1|7731|NRRL3_07731	NRRL3_07731
jgi|Aspni_NRRL3_1|7732|NRRL3_07732	NRRL3_07732
jgi|Aspni_NRRL3_1|7733|NRRL3_07733	NRRL3_07733
jgi|Aspni_NRRL3_1|7734|NRRL3_07734	NRRL3_07734
jgi|Aspni_NRRL3_1|7735|NRRL3_07735	NRRL3_07735
jgi|Aspni_NRRL3_1|7736|NRRL3_07736	NRRL3_07736
jgi|Aspni_NRRL3_1|7737|NRRL3_07737	NRRL3_07737
jgi|Aspni_NRRL3_1|7738|NRRL3_07738	NRRL3_07738
jgi|Aspni_NRRL3_1|7739|NRRL3_07739	NRRL3_07739
jgi|Aspni_NRRL3_1|7740|NRRL3_07740	NRRL3_07740
jgi|Aspni_NRRL3_1|7741|NRRL3_07741	NRRL3_07741
jgi|Aspni_NRRL3_1|7742|NRRL3_07742	NRRL3_07742
jgi|Aspni_NRRL3_1|7743|NRRL3_07743	NRRL3_07743
jgi|Aspni_NRRL3_1|7744|NRRL3_07744	NRRL3_07744
jgi|Aspni_NRRL3_1|7745|NRRL3_07745	NRRL3_07745
jgi|Aspni_NRRL3_1|7746|NRRL3_07746	NRRL3_07746
jgi|Aspni_NRRL3_1|7747|NRRL3_07747	NRRL3_07747
jgi|Aspni_NRRL3_1|7748|NRRL3_07748	NRRL3_07748
jgi|Aspni_NRRL3_1|7749|NRRL3_07749	NRRL3_07749
jgi|Aspni_NRRL3_1|7750|NRRL3_07750	NRRL3_07750
jgi|Aspni_NRRL3_1|7751|NRRL3_07751	NRRL3_07751
jgi|Aspni_NRRL3_1|7752|NRRL3_07752	NRRL3_07752
jgi|Aspni_NRRL3_1|7753|NRRL3_07753	NRRL3_07753
jgi|Aspni_NRRL3_1|7754|NRRL3_07754	NRRL3_07754
jgi|Aspni_NRRL3_1|7755|NRRL3_07755	NRRL3_07755
jgi|Aspni_NRRL3_1|7756|NRRL3_07756	NRRL3_07756
jgi|Aspni_NRRL3_1|7757|NRRL3_07757	NRRL3_07757
jgi|Aspni_NRRL3_1|7758|NRRL3_07758	NRRL3_07758
jgi|Aspni_NRRL3_1|7759|NRRL3_07759	NRRL3_07759
jgi|Aspni_NRRL3_1|7760|NRRL3_07760	NRRL3_07760
jgi|Aspni_NRRL3_1|7761|NRRL3_07761	NRRL3_07761
jgi|Aspni_NRRL3_1|7762|NRRL3_07762	NRRL3_07762
jgi|Aspni_NRRL3_1|7763|NRRL3_07763	NRRL3_07763
jgi|Aspni_NRRL3_1|7764|NRRL3_07764	NRRL3_07764
jgi|Aspni_NRRL3_1|7765|NRRL3_07765	NRRL3_07765
jgi|Aspni_NRRL3_1|7766|NRRL3_07766	NRRL3_07766
jgi|Aspni_NRRL3_1|7767|NRRL3_07767	NRRL3_07767
jgi|Aspni_NRRL3_1|7768|NRRL3_07768	NRRL3_07768
jgi|Aspni_NRRL3_1|7769|NRRL3_07769	NRRL3_07769
jgi|Aspni_NRRL3_1|7770|NRRL3_07770	NRRL3_07770
jgi|Aspni_NRRL3_1|7771|NRRL3_07771	NRRL3_07771
jgi|Aspni_NRRL3_1|7772|NRRL3_07772	NRRL3_07772
jgi|Aspni_NRRL3_1|7773|NRRL3_07773	NRRL3_07773
jgi|Aspni_NRRL3_1|7774|NRRL3_07774	NRRL3_07774
jgi|Aspni_NRRL3_1|7775|NRRL3_07775	NRRL3_07775
jgi|Aspni_NRRL3_1|7776|NRRL3_07776	NRRL3_07776
jgi|Aspni_NRRL3_1|7777|NRRL3_07777	NRRL3_07777
jgi|Aspni_NRRL3_1|7778|NRRL3_07778	NRRL3_07778
jgi|Aspni_NRRL3_1|7779|NRRL3_07779	NRRL3_07779
jgi|Aspni_NRRL3_1|7780|NRRL3_07780	NRRL3_07780
jgi|Aspni_NRRL3_1|7781|NRRL3_07781	NRRL3_07781
jgi|Aspni_NRRL3_1|7782|NRRL3_07782	NRRL3_07782
jgi|Aspni_NRRL3_1|7783|NRRL3_07783	NRRL3_07783
jgi|Aspni_NRRL3_1|7784|NRRL3_07784	NRRL3_07784
jgi|Aspni_NRRL3_1|7785|NRRL3_07785	NRRL3_07785
jgi|Aspni_NRRL3_1|7786|NRRL3_07786	NRRL3_07786
jgi|Aspni_NRRL3_1|7787|NRRL3_07787	NRRL3_07787
jgi|Aspni_NRRL3_1|7788|NRRL3_07788	NRRL3_07788
jgi|Aspni_NRRL3_1|7789|NRRL3_07789	NRRL3_07789
jgi|Aspni_NRRL3_1|7790|NRRL3_07790	NRRL3_07790
jgi|Aspni_NRRL3_1|7791|NRRL3_07791	NRRL3_07791
jgi|Aspni_NRRL3_1|7792|NRRL3_07792	NRRL3_07792
jgi|Aspni_NRRL3_1|7793|NRRL3_07793	NRRL3_07793
jgi|Aspni_NRRL3_1|7794|NRRL3_07794	NRRL3_07794
jgi|Aspni_NRRL3_1|7795|NRRL3_07795	NRRL3_07795
jgi|Aspni_NRRL3_1|7796|NRRL3_07796	NRRL3_07796
jgi|Aspni_NRRL3_1|7797|NRRL3_07797	NRRL3_07797
jgi|Aspni_NRRL3_1|7798|NRRL3_07798	NRRL3_07798
jgi|Aspni_NRRL3_1|7799|NRRL3_07799	NRRL3_07799
jgi|Aspni_NRRL3_1|7800|NRRL3_07800	NRRL3_07800
jgi|Aspni_NRRL3_1|7801|NRRL3_07801	NRRL3_07801
jgi|Aspni_NRRL3_1|7802|NRRL3_07802	NRRL3_07802
jgi|Aspni_NRRL3_1|7803|NRRL3_07803	NRRL3_07803
jgi|Aspni_NRRL3_1|7804|NRRL3_07804	NRRL3_07804
jgi|Aspni_NRRL3_1|7805|NRRL3_07805	NRRL3_07805
jgi|Aspni_NRRL3_1|7806|NRRL3_07806	NRRL3_07806
jgi|Aspni_NRRL3_1|7807|NRRL3_07807	NRRL3_07807
jgi|Aspni_NRRL3_1|7808|NRRL3_07808	NRRL3_07808
jgi|Aspni_NRRL3_1|7809|NRRL3_07809	NRRL3_07809
jgi|Aspni_NRRL3_1|7810|NRRL3_07810	NRRL3_07810
jgi|Aspni_NRRL3_1|7811|NRRL3_07811	NRRL3_07811
jgi|Aspni_NRRL3_1|7812|NRRL3_07812	NRRL3_07812
jgi|Aspni_NRRL3_1|7813|NRRL3_07813	NRRL3_07813
jgi|Aspni_NRRL3_1|7814|NRRL3_07814	NRRL3_07814
jgi|Aspni_NRRL3_1|7815|NRRL3_07815	NRRL3_07815
jgi|Aspni_NRRL3_1|7816|NRRL3_07816	NRRL3_07816
jgi|Aspni_NRRL3_1|7817|NRRL3_07817	NRRL3_07817
jgi|Aspni_NRRL3_1|7818|NRRL3_07818	NRRL3_07818
jgi|Aspni_NRRL3_1|7819|NRRL3_07819	NRRL3_07819
jgi|Aspni_NRRL3_1|7820|NRRL3_07820	NRRL3_07820
jgi|Aspni_NRRL3_1|7821|NRRL3_07821	NRRL3_07821
jgi|Aspni_NRRL3_1|7822|NRRL3_07822	NRRL3_07822
jgi|Aspni_NRRL3_1|7823|NRRL3_07823	NRRL3_07823
jgi|Aspni_NRRL3_1|7824|NRRL3_07824	NRRL3_07824
jgi|Aspni_NRRL3_1|7825|NRRL3_07825	NRRL3_07825
jgi|Aspni_NRRL3_1|7826|NRRL3_07826	NRRL3_07826
jgi|Aspni_NRRL3_1|7827|NRRL3_07827	NRRL3_07827
jgi|Aspni_NRRL3_1|7828|NRRL3_07828	NRRL3_07828
jgi|Aspni_NRRL3_1|7829|NRRL3_07829	NRRL3_07829
jgi|Aspni_NRRL3_1|7830|NRRL3_07830	NRRL3_07830
jgi|Aspni_NRRL3_1|7831|NRRL3_07831	NRRL3_07831
jgi|Aspni_NRRL3_1|7832|NRRL3_07832	NRRL3_07832
jgi|Aspni_NRRL3_1|7833|NRRL3_07833	NRRL3_07833
jgi|Aspni_NRRL3_1|7834|NRRL3_07834	NRRL3_07834
jgi|Aspni_NRRL3_1|7835|NRRL3_07835	NRRL3_07835
jgi|Aspni_NRRL3_1|7836|NRRL3_07836	NRRL3_07836
jgi|Aspni_NRRL3_1|7837|NRRL3_07837	NRRL3_07837
jgi|Aspni_NRRL3_1|7838|NRRL3_07838	NRRL3_07838
jgi|Aspni_NRRL3_1|7839|NRRL3_07839	NRRL3_07839
jgi|Aspni_NRRL3_1|7840|NRRL3_07840	NRRL3_07840
jgi|Aspni_NRRL3_1|7841|NRRL3_07841	NRRL3_07841
jgi|Aspni_NRRL3_1|7842|NRRL3_07842	NRRL3_07842
jgi|Aspni_NRRL3_1|7843|NRRL3_07843	NRRL3_07843
jgi|Aspni_NRRL3_1|7844|NRRL3_07844	NRRL3_07844
jgi|Aspni_NRRL3_1|7845|NRRL3_07845	NRRL3_07845
jgi|Aspni_NRRL3_1|7846|NRRL3_07846	NRRL3_07846
jgi|Aspni_NRRL3_1|7847|NRRL3_07847	NRRL3_07847
jgi|Aspni_NRRL3_1|7848|NRRL3_07848	NRRL3_07848
jgi|Aspni_NRRL3_1|7849|NRRL3_07849	NRRL3_07849
jgi|Aspni_NRRL3_1|7850|NRRL3_07850	NRRL3_07850
jgi|Aspni_NRRL3_1|7851|NRRL3_07851	NRRL3_07851
jgi|Aspni_NRRL3_1|7852|NRRL3_07852	NRRL3_07852
jgi|Aspni_NRRL3_1|7853|NRRL3_07853	NRRL3_07853
jgi|Aspni_NRRL3_1|7854|NRRL3_07854	NRRL3_07854
jgi|Aspni_NRRL3_1|7855|NRRL3_07855	NRRL3_07855
jgi|Aspni_NRRL3_1|7856|NRRL3_07856	NRRL3_07856
jgi|Aspni_NRRL3_1|7857|NRRL3_07857	NRRL3_07857
jgi|Aspni_NRRL3_1|7858|NRRL3_07858	NRRL3_07858
jgi|Aspni_NRRL3_1|7859|NRRL3_07859	NRRL3_07859
jgi|Aspni_NRRL3_1|7860|NRRL3_07860	NRRL3_07860
jgi|Aspni_NRRL3_1|7861|NRRL3_07861	NRRL3_07861
jgi|Aspni_NRRL3_1|7862|NRRL3_07862	NRRL3_07862
jgi|Aspni_NRRL3_1|7863|NRRL3_07863	NRRL3_07863
jgi|Aspni_NRRL3_1|7864|NRRL3_07864	NRRL3_07864
jgi|Aspni_NRRL3_1|7865|NRRL3_07865	NRRL3_07865
jgi|Aspni_NRRL3_1|7866|NRRL3_07866	NRRL3_07866
jgi|Aspni_NRRL3_1|7867|NRRL3_07867	NRRL3_07867
jgi|Aspni_NRRL3_1|7868|NRRL3_07868	NRRL3_07868
jgi|Aspni_NRRL3_1|7869|NRRL3_07869	NRRL3_07869
jgi|Aspni_NRRL3_1|7870|NRRL3_07870	NRRL3_07870
jgi|Aspni_NRRL3_1|7871|NRRL3_07871	NRRL3_07871
jgi|Aspni_NRRL3_1|7872|NRRL3_07872	NRRL3_07872
jgi|Aspni_NRRL3_1|7873|NRRL3_07873	NRRL3_07873
jgi|Aspni_NRRL3_1|7874|NRRL3_07874	NRRL3_07874
jgi|Aspni_NRRL3_1|7875|NRRL3_07875	NRRL3_07875
jgi|Aspni_NRRL3_1|7876|NRRL3_07876	NRRL3_07876
jgi|Aspni_NRRL3_1|7877|NRRL3_07877	NRRL3_07877
jgi|Aspni_NRRL3_1|7878|NRRL3_07878	NRRL3_07878
jgi|Aspni_NRRL3_1|7879|NRRL3_07879	NRRL3_07879
jgi|Aspni_NRRL3_1|7880|NRRL3_07880	NRRL3_07880
jgi|Aspni_NRRL3_1|7881|NRRL3_07881	NRRL3_07881
jgi|Aspni_NRRL3_1|7882|NRRL3_07882	NRRL3_07882
jgi|Aspni_NRRL3_1|7883|NRRL3_07883	NRRL3_07883
jgi|Aspni_NRRL3_1|7884|NRRL3_07884	NRRL3_07884
jgi|Aspni_NRRL3_1|7885|NRRL3_07885	NRRL3_07885
jgi|Aspni_NRRL3_1|7886|NRRL3_07886	NRRL3_07886
jgi|Aspni_NRRL3_1|7887|NRRL3_07887	NRRL3_07887
jgi|Aspni_NRRL3_1|7888|NRRL3_07888	NRRL3_07888
jgi|Aspni_NRRL3_1|7889|NRRL3_07889	NRRL3_07889
jgi|Aspni_NRRL3_1|7890|NRRL3_07890	NRRL3_07890
jgi|Aspni_NRRL3_1|7891|NRRL3_07891	NRRL3_07891
jgi|Aspni_NRRL3_1|7892|NRRL3_07892	NRRL3_07892
jgi|Aspni_NRRL3_1|7893|NRRL3_07893	NRRL3_07893
jgi|Aspni_NRRL3_1|7894|NRRL3_07894	NRRL3_07894
jgi|Aspni_NRRL3_1|7895|NRRL3_07895	NRRL3_07895
jgi|Aspni_NRRL3_1|7896|NRRL3_07896	NRRL3_07896
jgi|Aspni_NRRL3_1|7897|NRRL3_07897	NRRL3_07897
jgi|Aspni_NRRL3_1|7898|NRRL3_07898	NRRL3_07898
jgi|Aspni_NRRL3_1|7899|NRRL3_07899	NRRL3_07899
jgi|Aspni_NRRL3_1|7900|NRRL3_07900	NRRL3_07900
jgi|Aspni_NRRL3_1|7901|NRRL3_07901	NRRL3_07901
jgi|Aspni_NRRL3_1|7902|NRRL3_07902	NRRL3_07902
jgi|Aspni_NRRL3_1|7903|NRRL3_07903	NRRL3_07903
jgi|Aspni_NRRL3_1|7904|NRRL3_07904	NRRL3_07904
jgi|Aspni_NRRL3_1|7905|NRRL3_07905	NRRL3_07905
jgi|Aspni_NRRL3_1|7906|NRRL3_07906	NRRL3_07906
jgi|Aspni_NRRL3_1|7907|NRRL3_07907	NRRL3_07907
jgi|Aspni_NRRL3_1|7908|NRRL3_07908	NRRL3_07908
jgi|Aspni_NRRL3_1|7909|NRRL3_07909	NRRL3_07909
jgi|Aspni_NRRL3_1|7910|NRRL3_07910	NRRL3_07910
jgi|Aspni_NRRL3_1|7911|NRRL3_07911	NRRL3_07911
jgi|Aspni_NRRL3_1|7912|NRRL3_07912	NRRL3_07912
jgi|Aspni_NRRL3_1|7913|NRRL3_07913	NRRL3_07913
jgi|Aspni_NRRL3_1|7914|NRRL3_07914	NRRL3_07914
jgi|Aspni_NRRL3_1|7915|NRRL3_07915	NRRL3_07915
jgi|Aspni_NRRL3_1|7916|NRRL3_07916	NRRL3_07916
jgi|Aspni_NRRL3_1|7917|NRRL3_07917	NRRL3_07917
jgi|Aspni_NRRL3_1|7918|NRRL3_07918	NRRL3_07918
jgi|Aspni_NRRL3_1|7919|NRRL3_07919	NRRL3_07919
jgi|Aspni_NRRL3_1|7920|NRRL3_07920	NRRL3_07920
jgi|Aspni_NRRL3_1|7921|NRRL3_07921	NRRL3_07921
jgi|Aspni_NRRL3_1|7922|NRRL3_07922	NRRL3_07922
jgi|Aspni_NRRL3_1|7923|NRRL3_07923	NRRL3_07923
jgi|Aspni_NRRL3_1|7924|NRRL3_07924	NRRL3_07924
jgi|Aspni_NRRL3_1|7925|NRRL3_07925	NRRL3_07925
jgi|Aspni_NRRL3_1|7926|NRRL3_07926	NRRL3_07926
jgi|Aspni_NRRL3_1|7927|NRRL3_07927	NRRL3_07927
jgi|Aspni_NRRL3_1|7928|NRRL3_07928	NRRL3_07928
jgi|Aspni_NRRL3_1|7929|NRRL3_07929	NRRL3_07929
jgi|Aspni_NRRL3_1|7930|NRRL3_07930	NRRL3_07930
jgi|Aspni_NRRL3_1|7931|NRRL3_07931	NRRL3_07931
jgi|Aspni_NRRL3_1|7932|NRRL3_07932	NRRL3_07932
jgi|Aspni_NRRL3_1|7933|NRRL3_07933	NRRL3_07933
jgi|Aspni_NRRL3_1|7934|NRRL3_07934	NRRL3_07934
jgi|Aspni_NRRL3_1|7935|NRRL3_07935	NRRL3_07935
jgi|Aspni_NRRL3_1|7936|NRRL3_07936	NRRL3_07936
jgi|Aspni_NRRL3_1|7937|NRRL3_07937	NRRL3_07937
jgi|Aspni_NRRL3_1|7938|NRRL3_07938	NRRL3_07938
jgi|Aspni_NRRL3_1|7939|NRRL3_07939	NRRL3_07939
jgi|Aspni_NRRL3_1|7940|NRRL3_07940	NRRL3_07940
jgi|Aspni_NRRL3_1|7941|NRRL3_07941	NRRL3_07941
jgi|Aspni_NRRL3_1|7942|NRRL3_07942	NRRL3_07942
jgi|Aspni_NRRL3_1|7943|NRRL3_07943	NRRL3_07943
jgi|Aspni_NRRL3_1|7944|NRRL3_07944	NRRL3_07944
jgi|Aspni_NRRL3_1|7945|NRRL3_07945	NRRL3_07945
jgi|Aspni_NRRL3_1|7946|NRRL3_07946	NRRL3_07946
jgi|Aspni_NRRL3_1|7947|NRRL3_07947	NRRL3_07947
jgi|Aspni_NRRL3_1|7948|NRRL3_07948	NRRL3_07948
jgi|Aspni_NRRL3_1|7949|NRRL3_07949	NRRL3_07949
jgi|Aspni_NRRL3_1|7950|NRRL3_07950	NRRL3_07950
jgi|Aspni_NRRL3_1|7951|NRRL3_07951	NRRL3_07951
jgi|Aspni_NRRL3_1|7952|NRRL3_07952	NRRL3_07952
jgi|Aspni_NRRL3_1|7953|NRRL3_07953	NRRL3_07953
jgi|Aspni_NRRL3_1|7954|NRRL3_07954	NRRL3_07954
jgi|Aspni_NRRL3_1|7955|NRRL3_07955	NRRL3_07955
jgi|Aspni_NRRL3_1|7956|NRRL3_07956	NRRL3_07956
jgi|Aspni_NRRL3_1|7957|NRRL3_07957	NRRL3_07957
jgi|Aspni_NRRL3_1|7958|NRRL3_07958	NRRL3_07958
jgi|Aspni_NRRL3_1|7959|NRRL3_07959	NRRL3_07959
jgi|Aspni_NRRL3_1|7960|NRRL3_07960	NRRL3_07960
jgi|Aspni_NRRL3_1|7961|NRRL3_07961	NRRL3_07961
jgi|Aspni_NRRL3_1|7962|NRRL3_07962	NRRL3_07962
jgi|Aspni_NRRL3_1|7963|NRRL3_07963	NRRL3_07963
jgi|Aspni_NRRL3_1|7964|NRRL3_07964	NRRL3_07964
jgi|Aspni_NRRL3_1|7965|NRRL3_07965	NRRL3_07965
jgi|Aspni_NRRL3_1|7966|NRRL3_07966	NRRL3_07966
jgi|Aspni_NRRL3_1|7967|NRRL3_07967	NRRL3_07967
jgi|Aspni_NRRL3_1|7968|NRRL3_07968	NRRL3_07968
jgi|Aspni_NRRL3_1|7969|NRRL3_07969	NRRL3_07969
jgi|Aspni_NRRL3_1|7970|NRRL3_07970	NRRL3_07970
jgi|Aspni_NRRL3_1|7971|NRRL3_07971	NRRL3_07971
jgi|Aspni_NRRL3_1|7972|NRRL3_07972	NRRL3_07972
jgi|Aspni_NRRL3_1|7973|NRRL3_07973	NRRL3_07973
jgi|Aspni_NRRL3_1|7974|NRRL3_07974	NRRL3_07974
jgi|Aspni_NRRL3_1|7975|NRRL3_07975	NRRL3_07975
jgi|Aspni_NRRL3_1|7976|NRRL3_07976	NRRL3_07976
jgi|Aspni_NRRL3_1|7977|NRRL3_07977	NRRL3_07977
jgi|Aspni_NRRL3_1|7978|NRRL3_07978	NRRL3_07978
jgi|Aspni_NRRL3_1|7979|NRRL3_07979	NRRL3_07979
jgi|Aspni_NRRL3_1|7980|NRRL3_07980	NRRL3_07980
jgi|Aspni_NRRL3_1|7981|NRRL3_07981	NRRL3_07981
jgi|Aspni_NRRL3_1|7982|NRRL3_07982	NRRL3_07982
jgi|Aspni_NRRL3_1|7983|NRRL3_07983	NRRL3_07983
jgi|Aspni_NRRL3_1|7984|NRRL3_07984	NRRL3_07984
jgi|Aspni_NRRL3_1|7985|NRRL3_07985	NRRL3_07985
jgi|Aspni_NRRL3_1|7986|NRRL3_07986	NRRL3_07986
jgi|Aspni_NRRL3_1|7987|NRRL3_07987	NRRL3_07987
jgi|Aspni_NRRL3_1|7988|NRRL3_07988	NRRL3_07988
jgi|Aspni_NRRL3_1|7989|NRRL3_07989	NRRL3_07989
jgi|Aspni_NRRL3_1|7990|NRRL3_07990	NRRL3_07990
jgi|Aspni_NRRL3_1|7991|NRRL3_07991	NRRL3_07991
jgi|Aspni_NRRL3_1|7992|NRRL3_07992	NRRL3_07992
jgi|Aspni_NRRL3_1|7993|NRRL3_07993	NRRL3_07993
jgi|Aspni_NRRL3_1|7994|NRRL3_07994	NRRL3_07994
jgi|Aspni_NRRL3_1|7995|NRRL3_07995	NRRL3_07995
jgi|Aspni_NRRL3_1|7996|NRRL3_07996	NRRL3_07996
jgi|Aspni_NRRL3_1|7997|NRRL3_07997	NRRL3_07997
jgi|Aspni_NRRL3_1|7998|NRRL3_07998	NRRL3_07998
jgi|Aspni_NRRL3_1|7999|NRRL3_07999	NRRL3_07999
jgi|Aspni_NRRL3_1|8000|NRRL3_08000	NRRL3_08000
jgi|Aspni_NRRL3_1|8001|NRRL3_08001	NRRL3_08001
jgi|Aspni_NRRL3_1|8002|NRRL3_08002	NRRL3_08002
jgi|Aspni_NRRL3_1|8003|NRRL3_08003	NRRL3_08003
jgi|Aspni_NRRL3_1|8004|NRRL3_08004	NRRL3_08004
jgi|Aspni_NRRL3_1|8005|NRRL3_08005	NRRL3_08005
jgi|Aspni_NRRL3_1|8006|NRRL3_08006	NRRL3_08006
jgi|Aspni_NRRL3_1|8007|NRRL3_08007	NRRL3_08007
jgi|Aspni_NRRL3_1|8008|NRRL3_08008	NRRL3_08008
jgi|Aspni_NRRL3_1|8009|NRRL3_08009	NRRL3_08009
jgi|Aspni_NRRL3_1|8010|NRRL3_08010	NRRL3_08010
jgi|Aspni_NRRL3_1|8011|NRRL3_08011	NRRL3_08011
jgi|Aspni_NRRL3_1|8012|NRRL3_08012	NRRL3_08012
jgi|Aspni_NRRL3_1|8013|NRRL3_08013	NRRL3_08013
jgi|Aspni_NRRL3_1|8014|NRRL3_08014	NRRL3_08014
jgi|Aspni_NRRL3_1|8015|NRRL3_08015	NRRL3_08015
jgi|Aspni_NRRL3_1|8016|NRRL3_08016	NRRL3_08016
jgi|Aspni_NRRL3_1|8017|NRRL3_08017	NRRL3_08017
jgi|Aspni_NRRL3_1|8018|NRRL3_08018	NRRL3_08018
jgi|Aspni_NRRL3_1|8019|NRRL3_08019	NRRL3_08019
jgi|Aspni_NRRL3_1|8020|NRRL3_08020	NRRL3_08020
jgi|Aspni_NRRL3_1|8021|NRRL3_08021	NRRL3_08021
jgi|Aspni_NRRL3_1|8022|NRRL3_08022	NRRL3_08022
jgi|Aspni_NRRL3_1|8023|NRRL3_08023	NRRL3_08023
jgi|Aspni_NRRL3_1|8024|NRRL3_08024	NRRL3_08024
jgi|Aspni_NRRL3_1|8025|NRRL3_08025	NRRL3_08025
jgi|Aspni_NRRL3_1|8026|NRRL3_08026	NRRL3_08026
jgi|Aspni_NRRL3_1|8027|NRRL3_08027	NRRL3_08027
jgi|Aspni_NRRL3_1|8028|NRRL3_08028	NRRL3_08028
jgi|Aspni_NRRL3_1|8029|NRRL3_08029	NRRL3_08029
jgi|Aspni_NRRL3_1|8030|NRRL3_08030	NRRL3_08030
jgi|Aspni_NRRL3_1|8031|NRRL3_08031	NRRL3_08031
jgi|Aspni_NRRL3_1|8032|NRRL3_08032	NRRL3_08032
jgi|Aspni_NRRL3_1|8033|NRRL3_08033	NRRL3_08033
jgi|Aspni_NRRL3_1|8034|NRRL3_08034	NRRL3_08034
jgi|Aspni_NRRL3_1|8035|NRRL3_08035	NRRL3_08035
jgi|Aspni_NRRL3_1|8036|NRRL3_08036	NRRL3_08036
jgi|Aspni_NRRL3_1|8037|NRRL3_08037	NRRL3_08037
jgi|Aspni_NRRL3_1|8038|NRRL3_08038	NRRL3_08038
jgi|Aspni_NRRL3_1|8039|NRRL3_08039	NRRL3_08039
jgi|Aspni_NRRL3_1|8040|NRRL3_08040	NRRL3_08040
jgi|Aspni_NRRL3_1|8041|NRRL3_08041	NRRL3_08041
jgi|Aspni_NRRL3_1|8042|NRRL3_08042	NRRL3_08042
jgi|Aspni_NRRL3_1|8043|NRRL3_08043	NRRL3_08043
jgi|Aspni_NRRL3_1|8044|NRRL3_08044	NRRL3_08044
jgi|Aspni_NRRL3_1|8045|NRRL3_08045	NRRL3_08045
jgi|Aspni_NRRL3_1|8046|NRRL3_08046	NRRL3_08046
jgi|Aspni_NRRL3_1|8047|NRRL3_08047	NRRL3_08047
jgi|Aspni_NRRL3_1|8048|NRRL3_08048	NRRL3_08048
jgi|Aspni_NRRL3_1|8049|NRRL3_08049	NRRL3_08049
jgi|Aspni_NRRL3_1|8050|NRRL3_08050	NRRL3_08050
jgi|Aspni_NRRL3_1|8051|NRRL3_08051	NRRL3_08051
jgi|Aspni_NRRL3_1|8052|NRRL3_08052	NRRL3_08052
jgi|Aspni_NRRL3_1|8053|NRRL3_08053	NRRL3_08053
jgi|Aspni_NRRL3_1|8054|NRRL3_08054	NRRL3_08054
jgi|Aspni_NRRL3_1|8055|NRRL3_08055	NRRL3_08055
jgi|Aspni_NRRL3_1|8056|NRRL3_08056	NRRL3_08056
jgi|Aspni_NRRL3_1|8057|NRRL3_08057	NRRL3_08057
jgi|Aspni_NRRL3_1|8058|NRRL3_08058	NRRL3_08058
jgi|Aspni_NRRL3_1|8059|NRRL3_08059	NRRL3_08059
jgi|Aspni_NRRL3_1|8060|NRRL3_08060	NRRL3_08060
jgi|Aspni_NRRL3_1|8061|NRRL3_08061	NRRL3_08061
jgi|Aspni_NRRL3_1|8062|NRRL3_08062	NRRL3_08062
jgi|Aspni_NRRL3_1|8063|NRRL3_08063	NRRL3_08063
jgi|Aspni_NRRL3_1|8064|NRRL3_08064	NRRL3_08064
jgi|Aspni_NRRL3_1|8065|NRRL3_08065	NRRL3_08065
jgi|Aspni_NRRL3_1|8066|NRRL3_08066	NRRL3_08066
jgi|Aspni_NRRL3_1|8067|NRRL3_08067	NRRL3_08067
jgi|Aspni_NRRL3_1|8068|NRRL3_08068	NRRL3_08068
jgi|Aspni_NRRL3_1|8069|NRRL3_08069	NRRL3_08069
jgi|Aspni_NRRL3_1|8070|NRRL3_08070	NRRL3_08070
jgi|Aspni_NRRL3_1|8071|NRRL3_08071	NRRL3_08071
jgi|Aspni_NRRL3_1|8072|NRRL3_08072	NRRL3_08072
jgi|Aspni_NRRL3_1|8073|NRRL3_08073	NRRL3_08073
jgi|Aspni_NRRL3_1|8074|NRRL3_08074	NRRL3_08074
jgi|Aspni_NRRL3_1|8075|NRRL3_08075	NRRL3_08075
jgi|Aspni_NRRL3_1|8076|NRRL3_08076	NRRL3_08076
jgi|Aspni_NRRL3_1|8077|NRRL3_08077	NRRL3_08077
jgi|Aspni_NRRL3_1|8078|NRRL3_08078	NRRL3_08078
jgi|Aspni_NRRL3_1|8079|NRRL3_08079	NRRL3_08079
jgi|Aspni_NRRL3_1|8080|NRRL3_08080	NRRL3_08080
jgi|Aspni_NRRL3_1|8081|NRRL3_08081	NRRL3_08081
jgi|Aspni_NRRL3_1|8082|NRRL3_08082	NRRL3_08082
jgi|Aspni_NRRL3_1|8083|NRRL3_08083	NRRL3_08083
jgi|Aspni_NRRL3_1|8084|NRRL3_08084	NRRL3_08084
jgi|Aspni_NRRL3_1|8085|NRRL3_08085	NRRL3_08085
jgi|Aspni_NRRL3_1|8086|NRRL3_08086	NRRL3_08086
jgi|Aspni_NRRL3_1|8087|NRRL3_08087	NRRL3_08087
jgi|Aspni_NRRL3_1|8088|NRRL3_08088	NRRL3_08088
jgi|Aspni_NRRL3_1|8089|NRRL3_08089	NRRL3_08089
jgi|Aspni_NRRL3_1|8090|NRRL3_08090	NRRL3_08090
jgi|Aspni_NRRL3_1|8091|NRRL3_08091	NRRL3_08091
jgi|Aspni_NRRL3_1|8092|NRRL3_08092	NRRL3_08092
jgi|Aspni_NRRL3_1|8093|NRRL3_08093	NRRL3_08093
jgi|Aspni_NRRL3_1|8094|NRRL3_08094	NRRL3_08094
jgi|Aspni_NRRL3_1|8095|NRRL3_08095	NRRL3_08095
jgi|Aspni_NRRL3_1|8096|NRRL3_08096	NRRL3_08096
jgi|Aspni_NRRL3_1|8097|NRRL3_08097	NRRL3_08097
jgi|Aspni_NRRL3_1|8098|NRRL3_08098	NRRL3_08098
jgi|Aspni_NRRL3_1|8099|NRRL3_08099	NRRL3_08099
jgi|Aspni_NRRL3_1|8100|NRRL3_08100	NRRL3_08100
jgi|Aspni_NRRL3_1|8101|NRRL3_08101	NRRL3_08101
jgi|Aspni_NRRL3_1|8102|NRRL3_08102	NRRL3_08102
jgi|Aspni_NRRL3_1|8103|NRRL3_08103	NRRL3_08103
jgi|Aspni_NRRL3_1|8104|NRRL3_08104	NRRL3_08104
jgi|Aspni_NRRL3_1|8105|NRRL3_08105	NRRL3_08105
jgi|Aspni_NRRL3_1|8106|NRRL3_08106	NRRL3_08106
jgi|Aspni_NRRL3_1|8107|NRRL3_08107	NRRL3_08107
jgi|Aspni_NRRL3_1|8108|NRRL3_08108	NRRL3_08108
jgi|Aspni_NRRL3_1|8109|NRRL3_08109	NRRL3_08109
jgi|Aspni_NRRL3_1|8110|NRRL3_08110	NRRL3_08110
jgi|Aspni_NRRL3_1|8111|NRRL3_08111	NRRL3_08111
jgi|Aspni_NRRL3_1|8112|NRRL3_08112	NRRL3_08112
jgi|Aspni_NRRL3_1|8113|NRRL3_08113	NRRL3_08113
jgi|Aspni_NRRL3_1|8114|NRRL3_08114	NRRL3_08114
jgi|Aspni_NRRL3_1|8115|NRRL3_08115	NRRL3_08115
jgi|Aspni_NRRL3_1|8116|NRRL3_08116	NRRL3_08116
jgi|Aspni_NRRL3_1|8117|NRRL3_08117	NRRL3_08117
jgi|Aspni_NRRL3_1|8118|NRRL3_08118	NRRL3_08118
jgi|Aspni_NRRL3_1|8119|NRRL3_08119	NRRL3_08119
jgi|Aspni_NRRL3_1|8120|NRRL3_08120	NRRL3_08120
jgi|Aspni_NRRL3_1|8121|NRRL3_08121	NRRL3_08121
jgi|Aspni_NRRL3_1|8122|NRRL3_08122	NRRL3_08122
jgi|Aspni_NRRL3_1|8123|NRRL3_08123	NRRL3_08123
jgi|Aspni_NRRL3_1|8124|NRRL3_08124	NRRL3_08124
jgi|Aspni_NRRL3_1|8125|NRRL3_08125	NRRL3_08125
jgi|Aspni_NRRL3_1|8126|NRRL3_08126	NRRL3_08126
jgi|Aspni_NRRL3_1|8127|NRRL3_08127	NRRL3_08127
jgi|Aspni_NRRL3_1|8128|NRRL3_08128	NRRL3_08128
jgi|Aspni_NRRL3_1|8129|NRRL3_08129	NRRL3_08129
jgi|Aspni_NRRL3_1|8130|NRRL3_08130	NRRL3_08130
jgi|Aspni_NRRL3_1|8131|NRRL3_08131	NRRL3_08131
jgi|Aspni_NRRL3_1|8132|NRRL3_08132	NRRL3_08132
jgi|Aspni_NRRL3_1|8133|NRRL3_08133	NRRL3_08133
jgi|Aspni_NRRL3_1|8134|NRRL3_08134	NRRL3_08134
jgi|Aspni_NRRL3_1|8135|NRRL3_08135	NRRL3_08135
jgi|Aspni_NRRL3_1|8136|NRRL3_08136	NRRL3_08136
jgi|Aspni_NRRL3_1|8137|NRRL3_08137	NRRL3_08137
jgi|Aspni_NRRL3_1|8138|NRRL3_08138	NRRL3_08138
jgi|Aspni_NRRL3_1|8139|NRRL3_08139	NRRL3_08139
jgi|Aspni_NRRL3_1|8140|NRRL3_08140	NRRL3_08140
jgi|Aspni_NRRL3_1|8141|NRRL3_08141	NRRL3_08141
jgi|Aspni_NRRL3_1|8142|NRRL3_08142	NRRL3_08142
jgi|Aspni_NRRL3_1|8143|NRRL3_08143	NRRL3_08143
jgi|Aspni_NRRL3_1|8144|NRRL3_08144	NRRL3_08144
jgi|Aspni_NRRL3_1|8145|NRRL3_08145	NRRL3_08145
jgi|Aspni_NRRL3_1|8146|NRRL3_08146	NRRL3_08146
jgi|Aspni_NRRL3_1|8147|NRRL3_08147	NRRL3_08147
jgi|Aspni_NRRL3_1|8148|NRRL3_08148	NRRL3_08148
jgi|Aspni_NRRL3_1|8149|NRRL3_08149	NRRL3_08149
jgi|Aspni_NRRL3_1|8150|NRRL3_08150	NRRL3_08150
jgi|Aspni_NRRL3_1|8151|NRRL3_08151	NRRL3_08151
jgi|Aspni_NRRL3_1|8152|NRRL3_08152	NRRL3_08152
jgi|Aspni_NRRL3_1|8153|NRRL3_08153	NRRL3_08153
jgi|Aspni_NRRL3_1|8154|NRRL3_08154	NRRL3_08154
jgi|Aspni_NRRL3_1|8155|NRRL3_08155	NRRL3_08155
jgi|Aspni_NRRL3_1|8156|NRRL3_08156	NRRL3_08156
jgi|Aspni_NRRL3_1|8157|NRRL3_08157	NRRL3_08157
jgi|Aspni_NRRL3_1|8158|NRRL3_08158	NRRL3_08158
jgi|Aspni_NRRL3_1|8159|NRRL3_08159	NRRL3_08159
jgi|Aspni_NRRL3_1|8160|NRRL3_08160	NRRL3_08160
jgi|Aspni_NRRL3_1|8161|NRRL3_08161	NRRL3_08161
jgi|Aspni_NRRL3_1|8162|NRRL3_08162	NRRL3_08162
jgi|Aspni_NRRL3_1|8163|NRRL3_08163	NRRL3_08163
jgi|Aspni_NRRL3_1|8164|NRRL3_08164	NRRL3_08164
jgi|Aspni_NRRL3_1|8165|NRRL3_08165	NRRL3_08165
jgi|Aspni_NRRL3_1|8166|NRRL3_08166	NRRL3_08166
jgi|Aspni_NRRL3_1|8167|NRRL3_08167	NRRL3_08167
jgi|Aspni_NRRL3_1|8168|NRRL3_08168	NRRL3_08168
jgi|Aspni_NRRL3_1|8169|NRRL3_08169	NRRL3_08169
jgi|Aspni_NRRL3_1|8170|NRRL3_08170	NRRL3_08170
jgi|Aspni_NRRL3_1|8171|NRRL3_08171	NRRL3_08171
jgi|Aspni_NRRL3_1|8172|NRRL3_08172	NRRL3_08172
jgi|Aspni_NRRL3_1|8173|NRRL3_08173	NRRL3_08173
jgi|Aspni_NRRL3_1|8174|NRRL3_08174	NRRL3_08174
jgi|Aspni_NRRL3_1|8175|NRRL3_08175	NRRL3_08175
jgi|Aspni_NRRL3_1|8176|NRRL3_08176	NRRL3_08176
jgi|Aspni_NRRL3_1|8177|NRRL3_08177	NRRL3_08177
jgi|Aspni_NRRL3_1|8178|NRRL3_08178	NRRL3_08178
jgi|Aspni_NRRL3_1|8179|NRRL3_08179	NRRL3_08179
jgi|Aspni_NRRL3_1|8180|NRRL3_08180	NRRL3_08180
jgi|Aspni_NRRL3_1|8181|NRRL3_08181	NRRL3_08181
jgi|Aspni_NRRL3_1|8182|NRRL3_08182	NRRL3_08182
jgi|Aspni_NRRL3_1|8183|NRRL3_08183	NRRL3_08183
jgi|Aspni_NRRL3_1|8184|NRRL3_08184	NRRL3_08184
jgi|Aspni_NRRL3_1|8185|NRRL3_08185	NRRL3_08185
jgi|Aspni_NRRL3_1|8186|NRRL3_08186	NRRL3_08186
jgi|Aspni_NRRL3_1|8187|NRRL3_08187	NRRL3_08187
jgi|Aspni_NRRL3_1|8188|NRRL3_08188	NRRL3_08188
jgi|Aspni_NRRL3_1|8189|NRRL3_08189	NRRL3_08189
jgi|Aspni_NRRL3_1|8190|NRRL3_08190	NRRL3_08190
jgi|Aspni_NRRL3_1|8191|NRRL3_08191	NRRL3_08191
jgi|Aspni_NRRL3_1|8192|NRRL3_08192	NRRL3_08192
jgi|Aspni_NRRL3_1|8193|NRRL3_08193	NRRL3_08193
jgi|Aspni_NRRL3_1|8194|NRRL3_08194	NRRL3_08194
jgi|Aspni_NRRL3_1|8195|NRRL3_08195	NRRL3_08195
jgi|Aspni_NRRL3_1|8196|NRRL3_08196	NRRL3_08196
jgi|Aspni_NRRL3_1|8197|NRRL3_08197	NRRL3_08197
jgi|Aspni_NRRL3_1|8198|NRRL3_08198	NRRL3_08198
jgi|Aspni_NRRL3_1|8199|NRRL3_08199	NRRL3_08199
jgi|Aspni_NRRL3_1|8200|NRRL3_08200	NRRL3_08200
jgi|Aspni_NRRL3_1|8201|NRRL3_08201	NRRL3_08201
jgi|Aspni_NRRL3_1|8202|NRRL3_08202	NRRL3_08202
jgi|Aspni_NRRL3_1|8203|NRRL3_08203	NRRL3_08203
jgi|Aspni_NRRL3_1|8204|NRRL3_08204	NRRL3_08204
jgi|Aspni_NRRL3_1|8205|NRRL3_08205	NRRL3_08205
jgi|Aspni_NRRL3_1|8206|NRRL3_08206	NRRL3_08206
jgi|Aspni_NRRL3_1|8207|NRRL3_08207	NRRL3_08207
jgi|Aspni_NRRL3_1|8208|NRRL3_08208	NRRL3_08208
jgi|Aspni_NRRL3_1|8209|NRRL3_08209	NRRL3_08209
jgi|Aspni_NRRL3_1|8210|NRRL3_08210	NRRL3_08210
jgi|Aspni_NRRL3_1|8211|NRRL3_08211	NRRL3_08211
jgi|Aspni_NRRL3_1|8212|NRRL3_08212	NRRL3_08212
jgi|Aspni_NRRL3_1|8213|NRRL3_08213	NRRL3_08213
jgi|Aspni_NRRL3_1|8214|NRRL3_08214	NRRL3_08214
jgi|Aspni_NRRL3_1|8215|NRRL3_08215	NRRL3_08215
jgi|Aspni_NRRL3_1|8216|NRRL3_08216	NRRL3_08216
jgi|Aspni_NRRL3_1|8217|NRRL3_08217	NRRL3_08217
jgi|Aspni_NRRL3_1|8218|NRRL3_08218	NRRL3_08218
jgi|Aspni_NRRL3_1|8219|NRRL3_08219	NRRL3_08219
jgi|Aspni_NRRL3_1|8220|NRRL3_08220	NRRL3_08220
jgi|Aspni_NRRL3_1|8221|NRRL3_08221	NRRL3_08221
jgi|Aspni_NRRL3_1|8222|NRRL3_08222	NRRL3_08222
jgi|Aspni_NRRL3_1|8223|NRRL3_08223	NRRL3_08223
jgi|Aspni_NRRL3_1|8224|NRRL3_08224	NRRL3_08224
jgi|Aspni_NRRL3_1|8225|NRRL3_08225	NRRL3_08225
jgi|Aspni_NRRL3_1|8226|NRRL3_08226	NRRL3_08226
jgi|Aspni_NRRL3_1|8227|NRRL3_08227	NRRL3_08227
jgi|Aspni_NRRL3_1|8228|NRRL3_08228	NRRL3_08228
jgi|Aspni_NRRL3_1|8229|NRRL3_08229	NRRL3_08229
jgi|Aspni_NRRL3_1|8230|NRRL3_08230	NRRL3_08230
jgi|Aspni_NRRL3_1|8231|NRRL3_08231	NRRL3_08231
jgi|Aspni_NRRL3_1|8232|NRRL3_08232	NRRL3_08232
jgi|Aspni_NRRL3_1|8233|NRRL3_08233	NRRL3_08233
jgi|Aspni_NRRL3_1|8234|NRRL3_08234	NRRL3_08234
jgi|Aspni_NRRL3_1|8235|NRRL3_08235	NRRL3_08235
jgi|Aspni_NRRL3_1|8236|NRRL3_08236	NRRL3_08236
jgi|Aspni_NRRL3_1|8237|NRRL3_08237	NRRL3_08237
jgi|Aspni_NRRL3_1|8238|NRRL3_08238	NRRL3_08238
jgi|Aspni_NRRL3_1|8239|NRRL3_08239	NRRL3_08239
jgi|Aspni_NRRL3_1|8240|NRRL3_08240	NRRL3_08240
jgi|Aspni_NRRL3_1|8241|NRRL3_08241	NRRL3_08241
jgi|Aspni_NRRL3_1|8242|NRRL3_08242	NRRL3_08242
jgi|Aspni_NRRL3_1|8243|NRRL3_08243	NRRL3_08243
jgi|Aspni_NRRL3_1|8244|NRRL3_08244	NRRL3_08244
jgi|Aspni_NRRL3_1|8245|NRRL3_08245	NRRL3_08245
jgi|Aspni_NRRL3_1|8246|NRRL3_08246	NRRL3_08246
jgi|Aspni_NRRL3_1|8247|NRRL3_08247	NRRL3_08247
jgi|Aspni_NRRL3_1|8248|NRRL3_08248	NRRL3_08248
jgi|Aspni_NRRL3_1|8249|NRRL3_08249	NRRL3_08249
jgi|Aspni_NRRL3_1|8250|NRRL3_08250	NRRL3_08250
jgi|Aspni_NRRL3_1|8251|NRRL3_08251	NRRL3_08251
jgi|Aspni_NRRL3_1|8252|NRRL3_08252	NRRL3_08252
jgi|Aspni_NRRL3_1|8253|NRRL3_08253	NRRL3_08253
jgi|Aspni_NRRL3_1|8254|NRRL3_08254	NRRL3_08254
jgi|Aspni_NRRL3_1|8255|NRRL3_08255	NRRL3_08255
jgi|Aspni_NRRL3_1|8256|NRRL3_08256	NRRL3_08256
jgi|Aspni_NRRL3_1|8257|NRRL3_08257	NRRL3_08257
jgi|Aspni_NRRL3_1|8258|NRRL3_08258	NRRL3_08258
jgi|Aspni_NRRL3_1|8259|NRRL3_08259	NRRL3_08259
jgi|Aspni_NRRL3_1|8260|NRRL3_08260	NRRL3_08260
jgi|Aspni_NRRL3_1|8261|NRRL3_08261	NRRL3_08261
jgi|Aspni_NRRL3_1|8262|NRRL3_08262	NRRL3_08262
jgi|Aspni_NRRL3_1|8263|NRRL3_08263	NRRL3_08263
jgi|Aspni_NRRL3_1|8264|NRRL3_08264	NRRL3_08264
jgi|Aspni_NRRL3_1|8265|NRRL3_08265	NRRL3_08265
jgi|Aspni_NRRL3_1|8266|NRRL3_08266	NRRL3_08266
jgi|Aspni_NRRL3_1|8267|NRRL3_08267	NRRL3_08267
jgi|Aspni_NRRL3_1|8268|NRRL3_08268	NRRL3_08268
jgi|Aspni_NRRL3_1|8269|NRRL3_08269	NRRL3_08269
jgi|Aspni_NRRL3_1|8270|NRRL3_08270	NRRL3_08270
jgi|Aspni_NRRL3_1|8271|NRRL3_08271	NRRL3_08271
jgi|Aspni_NRRL3_1|8272|NRRL3_08272	NRRL3_08272
jgi|Aspni_NRRL3_1|8273|NRRL3_08273	NRRL3_08273
jgi|Aspni_NRRL3_1|8274|NRRL3_08274	NRRL3_08274
jgi|Aspni_NRRL3_1|8275|NRRL3_08275	NRRL3_08275
jgi|Aspni_NRRL3_1|8276|NRRL3_08276	NRRL3_08276
jgi|Aspni_NRRL3_1|8277|NRRL3_08277	NRRL3_08277
jgi|Aspni_NRRL3_1|8278|NRRL3_08278	NRRL3_08278
jgi|Aspni_NRRL3_1|8279|NRRL3_08279	NRRL3_08279
jgi|Aspni_NRRL3_1|8280|NRRL3_08280	NRRL3_08280
jgi|Aspni_NRRL3_1|8281|NRRL3_08281	NRRL3_08281
jgi|Aspni_NRRL3_1|8282|NRRL3_08282	NRRL3_08282
jgi|Aspni_NRRL3_1|8283|NRRL3_08283	NRRL3_08283
jgi|Aspni_NRRL3_1|8284|NRRL3_08284	NRRL3_08284
jgi|Aspni_NRRL3_1|8285|NRRL3_08285	NRRL3_08285
jgi|Aspni_NRRL3_1|8286|NRRL3_08286	NRRL3_08286
jgi|Aspni_NRRL3_1|8287|NRRL3_08287	NRRL3_08287
jgi|Aspni_NRRL3_1|8288|NRRL3_08288	NRRL3_08288
jgi|Aspni_NRRL3_1|8289|NRRL3_08289	NRRL3_08289
jgi|Aspni_NRRL3_1|8290|NRRL3_08290	NRRL3_08290
jgi|Aspni_NRRL3_1|8291|NRRL3_08291	NRRL3_08291
jgi|Aspni_NRRL3_1|8292|NRRL3_08292	NRRL3_08292
jgi|Aspni_NRRL3_1|8293|NRRL3_08293	NRRL3_08293
jgi|Aspni_NRRL3_1|8294|NRRL3_08294	NRRL3_08294
jgi|Aspni_NRRL3_1|8295|NRRL3_08295	NRRL3_08295
jgi|Aspni_NRRL3_1|8296|NRRL3_08296	NRRL3_08296
jgi|Aspni_NRRL3_1|8297|NRRL3_08297	NRRL3_08297
jgi|Aspni_NRRL3_1|8298|NRRL3_08298	NRRL3_08298
jgi|Aspni_NRRL3_1|8299|NRRL3_08299	NRRL3_08299
jgi|Aspni_NRRL3_1|8300|NRRL3_08300	NRRL3_08300
jgi|Aspni_NRRL3_1|8301|NRRL3_08301	NRRL3_08301
jgi|Aspni_NRRL3_1|8302|NRRL3_08302	NRRL3_08302
jgi|Aspni_NRRL3_1|8303|NRRL3_08303	NRRL3_08303
jgi|Aspni_NRRL3_1|8304|NRRL3_08304	NRRL3_08304
jgi|Aspni_NRRL3_1|8305|NRRL3_08305	NRRL3_08305
jgi|Aspni_NRRL3_1|8306|NRRL3_08306	NRRL3_08306
jgi|Aspni_NRRL3_1|8307|NRRL3_08307	NRRL3_08307
jgi|Aspni_NRRL3_1|8308|NRRL3_08308	NRRL3_08308
jgi|Aspni_NRRL3_1|8309|NRRL3_08309	NRRL3_08309
jgi|Aspni_NRRL3_1|8310|NRRL3_08310	NRRL3_08310
jgi|Aspni_NRRL3_1|8311|NRRL3_08311	NRRL3_08311
jgi|Aspni_NRRL3_1|8312|NRRL3_08312	NRRL3_08312
jgi|Aspni_NRRL3_1|8313|NRRL3_08313	NRRL3_08313
jgi|Aspni_NRRL3_1|8314|NRRL3_08314	NRRL3_08314
jgi|Aspni_NRRL3_1|8315|NRRL3_08315	NRRL3_08315
jgi|Aspni_NRRL3_1|8316|NRRL3_08316	NRRL3_08316
jgi|Aspni_NRRL3_1|8317|NRRL3_08317	NRRL3_08317
jgi|Aspni_NRRL3_1|8318|NRRL3_08318	NRRL3_08318
jgi|Aspni_NRRL3_1|8319|NRRL3_08319	NRRL3_08319
jgi|Aspni_NRRL3_1|8320|NRRL3_08320	NRRL3_08320
jgi|Aspni_NRRL3_1|8321|NRRL3_08321	NRRL3_08321
jgi|Aspni_NRRL3_1|8322|NRRL3_08322	NRRL3_08322
jgi|Aspni_NRRL3_1|8323|NRRL3_08323	NRRL3_08323
jgi|Aspni_NRRL3_1|8324|NRRL3_08324	NRRL3_08324
jgi|Aspni_NRRL3_1|8325|NRRL3_08325	NRRL3_08325
jgi|Aspni_NRRL3_1|8326|NRRL3_08326	NRRL3_08326
jgi|Aspni_NRRL3_1|8327|NRRL3_08327	NRRL3_08327
jgi|Aspni_NRRL3_1|8328|NRRL3_08328	NRRL3_08328
jgi|Aspni_NRRL3_1|8329|NRRL3_08329	NRRL3_08329
jgi|Aspni_NRRL3_1|8330|NRRL3_08330	NRRL3_08330
jgi|Aspni_NRRL3_1|8331|NRRL3_08331	NRRL3_08331
jgi|Aspni_NRRL3_1|8332|NRRL3_08332	NRRL3_08332
jgi|Aspni_NRRL3_1|8333|NRRL3_08333	NRRL3_08333
jgi|Aspni_NRRL3_1|8334|NRRL3_08334	NRRL3_08334
jgi|Aspni_NRRL3_1|8335|NRRL3_08335	NRRL3_08335
jgi|Aspni_NRRL3_1|8336|NRRL3_08336	NRRL3_08336
jgi|Aspni_NRRL3_1|8337|NRRL3_08337	NRRL3_08337
jgi|Aspni_NRRL3_1|8338|NRRL3_08338	NRRL3_08338
jgi|Aspni_NRRL3_1|8339|NRRL3_08339	NRRL3_08339
jgi|Aspni_NRRL3_1|8340|NRRL3_08340	NRRL3_08340
jgi|Aspni_NRRL3_1|8341|NRRL3_08341	NRRL3_08341
jgi|Aspni_NRRL3_1|8342|NRRL3_08342	NRRL3_08342
jgi|Aspni_NRRL3_1|8343|NRRL3_08343	NRRL3_08343
jgi|Aspni_NRRL3_1|8344|NRRL3_08344	NRRL3_08344
jgi|Aspni_NRRL3_1|8345|NRRL3_08345	NRRL3_08345
jgi|Aspni_NRRL3_1|8346|NRRL3_08346	NRRL3_08346
jgi|Aspni_NRRL3_1|8347|NRRL3_08347	NRRL3_08347
jgi|Aspni_NRRL3_1|8348|NRRL3_08348	NRRL3_08348
jgi|Aspni_NRRL3_1|8349|NRRL3_08349	NRRL3_08349
jgi|Aspni_NRRL3_1|8350|NRRL3_08350	NRRL3_08350
jgi|Aspni_NRRL3_1|8351|NRRL3_08351	NRRL3_08351
jgi|Aspni_NRRL3_1|8352|NRRL3_08352	NRRL3_08352
jgi|Aspni_NRRL3_1|8353|NRRL3_08353	NRRL3_08353
jgi|Aspni_NRRL3_1|8354|NRRL3_08354	NRRL3_08354
jgi|Aspni_NRRL3_1|8355|NRRL3_08355	NRRL3_08355
jgi|Aspni_NRRL3_1|8356|NRRL3_08356	NRRL3_08356
jgi|Aspni_NRRL3_1|8357|NRRL3_08357	NRRL3_08357
jgi|Aspni_NRRL3_1|8358|NRRL3_08358	NRRL3_08358
jgi|Aspni_NRRL3_1|8359|NRRL3_08359	NRRL3_08359
jgi|Aspni_NRRL3_1|8360|NRRL3_08360	NRRL3_08360
jgi|Aspni_NRRL3_1|8361|NRRL3_08361	NRRL3_08361
jgi|Aspni_NRRL3_1|8362|NRRL3_08362	NRRL3_08362
jgi|Aspni_NRRL3_1|8363|NRRL3_08363	NRRL3_08363
jgi|Aspni_NRRL3_1|8364|NRRL3_08364	NRRL3_08364
jgi|Aspni_NRRL3_1|8365|NRRL3_08365	NRRL3_08365
jgi|Aspni_NRRL3_1|8366|NRRL3_08366	NRRL3_08366
jgi|Aspni_NRRL3_1|8367|NRRL3_08367	NRRL3_08367
jgi|Aspni_NRRL3_1|8368|NRRL3_08368	NRRL3_08368
jgi|Aspni_NRRL3_1|8369|NRRL3_08369	NRRL3_08369
jgi|Aspni_NRRL3_1|8370|NRRL3_08370	NRRL3_08370
jgi|Aspni_NRRL3_1|8371|NRRL3_08371	NRRL3_08371
jgi|Aspni_NRRL3_1|8372|NRRL3_08372	NRRL3_08372
jgi|Aspni_NRRL3_1|8373|NRRL3_08373	NRRL3_08373
jgi|Aspni_NRRL3_1|8374|NRRL3_08374	NRRL3_08374
jgi|Aspni_NRRL3_1|8375|NRRL3_08375	NRRL3_08375
jgi|Aspni_NRRL3_1|8376|NRRL3_08376	NRRL3_08376
jgi|Aspni_NRRL3_1|8377|NRRL3_08377	NRRL3_08377
jgi|Aspni_NRRL3_1|8378|NRRL3_08378	NRRL3_08378
jgi|Aspni_NRRL3_1|8379|NRRL3_08379	NRRL3_08379
jgi|Aspni_NRRL3_1|8380|NRRL3_08380	NRRL3_08380
jgi|Aspni_NRRL3_1|8381|NRRL3_08381	NRRL3_08381
jgi|Aspni_NRRL3_1|8382|NRRL3_08382	NRRL3_08382
jgi|Aspni_NRRL3_1|8383|NRRL3_08383	NRRL3_08383
jgi|Aspni_NRRL3_1|8384|NRRL3_08384	NRRL3_08384
jgi|Aspni_NRRL3_1|8385|NRRL3_08385	NRRL3_08385
jgi|Aspni_NRRL3_1|8386|NRRL3_08386	NRRL3_08386
jgi|Aspni_NRRL3_1|8387|NRRL3_08387	NRRL3_08387
jgi|Aspni_NRRL3_1|8388|NRRL3_08388	NRRL3_08388
jgi|Aspni_NRRL3_1|8389|NRRL3_08389	NRRL3_08389
jgi|Aspni_NRRL3_1|8390|NRRL3_08390	NRRL3_08390
jgi|Aspni_NRRL3_1|8391|NRRL3_08391	NRRL3_08391
jgi|Aspni_NRRL3_1|8392|NRRL3_08392	NRRL3_08392
jgi|Aspni_NRRL3_1|8393|NRRL3_08393	NRRL3_08393
jgi|Aspni_NRRL3_1|8394|NRRL3_08394	NRRL3_08394
jgi|Aspni_NRRL3_1|8395|NRRL3_08395	NRRL3_08395
jgi|Aspni_NRRL3_1|8396|NRRL3_08396	NRRL3_08396
jgi|Aspni_NRRL3_1|8397|NRRL3_08397	NRRL3_08397
jgi|Aspni_NRRL3_1|8398|NRRL3_08398	NRRL3_08398
jgi|Aspni_NRRL3_1|8399|NRRL3_08399	NRRL3_08399
jgi|Aspni_NRRL3_1|8400|NRRL3_08400	NRRL3_08400
jgi|Aspni_NRRL3_1|8401|NRRL3_08401	NRRL3_08401
jgi|Aspni_NRRL3_1|8402|NRRL3_08402	NRRL3_08402
jgi|Aspni_NRRL3_1|8403|NRRL3_08403	NRRL3_08403
jgi|Aspni_NRRL3_1|8404|NRRL3_08404	NRRL3_08404
jgi|Aspni_NRRL3_1|8405|NRRL3_08405	NRRL3_08405
jgi|Aspni_NRRL3_1|8406|NRRL3_08406	NRRL3_08406
jgi|Aspni_NRRL3_1|8407|NRRL3_08407	NRRL3_08407
jgi|Aspni_NRRL3_1|8408|NRRL3_08408	NRRL3_08408
jgi|Aspni_NRRL3_1|8409|NRRL3_08409	NRRL3_08409
jgi|Aspni_NRRL3_1|8410|NRRL3_08410	NRRL3_08410
jgi|Aspni_NRRL3_1|8411|NRRL3_08411	NRRL3_08411
jgi|Aspni_NRRL3_1|8412|NRRL3_08412	NRRL3_08412
jgi|Aspni_NRRL3_1|8413|NRRL3_08413	NRRL3_08413
jgi|Aspni_NRRL3_1|8414|NRRL3_08414	NRRL3_08414
jgi|Aspni_NRRL3_1|8415|NRRL3_08415	NRRL3_08415
jgi|Aspni_NRRL3_1|8416|NRRL3_08416	NRRL3_08416
jgi|Aspni_NRRL3_1|8417|NRRL3_08417	NRRL3_08417
jgi|Aspni_NRRL3_1|8418|NRRL3_08418	NRRL3_08418
jgi|Aspni_NRRL3_1|8419|NRRL3_08419	NRRL3_08419
jgi|Aspni_NRRL3_1|8420|NRRL3_08420	NRRL3_08420
jgi|Aspni_NRRL3_1|8421|NRRL3_08421	NRRL3_08421
jgi|Aspni_NRRL3_1|8422|NRRL3_08422	NRRL3_08422
jgi|Aspni_NRRL3_1|8423|NRRL3_08423	NRRL3_08423
jgi|Aspni_NRRL3_1|8424|NRRL3_08424	NRRL3_08424
jgi|Aspni_NRRL3_1|8425|NRRL3_08425	NRRL3_08425
jgi|Aspni_NRRL3_1|8426|NRRL3_08426	NRRL3_08426
jgi|Aspni_NRRL3_1|8427|NRRL3_08427	NRRL3_08427
jgi|Aspni_NRRL3_1|8428|NRRL3_08428	NRRL3_08428
jgi|Aspni_NRRL3_1|8429|NRRL3_08429	NRRL3_08429
jgi|Aspni_NRRL3_1|8430|NRRL3_08430	NRRL3_08430
jgi|Aspni_NRRL3_1|8431|NRRL3_08431	NRRL3_08431
jgi|Aspni_NRRL3_1|8432|NRRL3_08432	NRRL3_08432
jgi|Aspni_NRRL3_1|8433|NRRL3_08433	NRRL3_08433
jgi|Aspni_NRRL3_1|8434|NRRL3_08434	NRRL3_08434
jgi|Aspni_NRRL3_1|8435|NRRL3_08435	NRRL3_08435
jgi|Aspni_NRRL3_1|8436|NRRL3_08436	NRRL3_08436
jgi|Aspni_NRRL3_1|8437|NRRL3_08437	NRRL3_08437
jgi|Aspni_NRRL3_1|8438|NRRL3_08438	NRRL3_08438
jgi|Aspni_NRRL3_1|8439|NRRL3_08439	NRRL3_08439
jgi|Aspni_NRRL3_1|8440|NRRL3_08440	NRRL3_08440
jgi|Aspni_NRRL3_1|8441|NRRL3_08441	NRRL3_08441
jgi|Aspni_NRRL3_1|8442|NRRL3_08442	NRRL3_08442
jgi|Aspni_NRRL3_1|8443|NRRL3_08443	NRRL3_08443
jgi|Aspni_NRRL3_1|8444|NRRL3_08444	NRRL3_08444
jgi|Aspni_NRRL3_1|8445|NRRL3_08445	NRRL3_08445
jgi|Aspni_NRRL3_1|8446|NRRL3_08446	NRRL3_08446
jgi|Aspni_NRRL3_1|8447|NRRL3_08447	NRRL3_08447
jgi|Aspni_NRRL3_1|8448|NRRL3_08448	NRRL3_08448
jgi|Aspni_NRRL3_1|8449|NRRL3_08449	NRRL3_08449
jgi|Aspni_NRRL3_1|8450|NRRL3_08450	NRRL3_08450
jgi|Aspni_NRRL3_1|8451|NRRL3_08451	NRRL3_08451
jgi|Aspni_NRRL3_1|8452|NRRL3_08452	NRRL3_08452
jgi|Aspni_NRRL3_1|8453|NRRL3_08453	NRRL3_08453
jgi|Aspni_NRRL3_1|8454|NRRL3_08454	NRRL3_08454
jgi|Aspni_NRRL3_1|8455|NRRL3_08455	NRRL3_08455
jgi|Aspni_NRRL3_1|8456|NRRL3_08456	NRRL3_08456
jgi|Aspni_NRRL3_1|8457|NRRL3_08457	NRRL3_08457
jgi|Aspni_NRRL3_1|8458|NRRL3_08458	NRRL3_08458
jgi|Aspni_NRRL3_1|8459|NRRL3_08459	NRRL3_08459
jgi|Aspni_NRRL3_1|8460|NRRL3_08460	NRRL3_08460
jgi|Aspni_NRRL3_1|8461|NRRL3_08461	NRRL3_08461
jgi|Aspni_NRRL3_1|8462|NRRL3_08462	NRRL3_08462
jgi|Aspni_NRRL3_1|8463|NRRL3_08463	NRRL3_08463
jgi|Aspni_NRRL3_1|8464|NRRL3_08464	NRRL3_08464
jgi|Aspni_NRRL3_1|8465|NRRL3_08465	NRRL3_08465
jgi|Aspni_NRRL3_1|8466|NRRL3_08466	NRRL3_08466
jgi|Aspni_NRRL3_1|8467|NRRL3_08467	NRRL3_08467
jgi|Aspni_NRRL3_1|8468|NRRL3_08468	NRRL3_08468
jgi|Aspni_NRRL3_1|8469|NRRL3_08469	NRRL3_08469
jgi|Aspni_NRRL3_1|8470|NRRL3_08470	NRRL3_08470
jgi|Aspni_NRRL3_1|8471|NRRL3_08471	NRRL3_08471
jgi|Aspni_NRRL3_1|8472|NRRL3_08472	NRRL3_08472
jgi|Aspni_NRRL3_1|8473|NRRL3_08473	NRRL3_08473
jgi|Aspni_NRRL3_1|8474|NRRL3_08474	NRRL3_08474
jgi|Aspni_NRRL3_1|8475|NRRL3_08475	NRRL3_08475
jgi|Aspni_NRRL3_1|8476|NRRL3_08476	NRRL3_08476
jgi|Aspni_NRRL3_1|8477|NRRL3_08477	NRRL3_08477
jgi|Aspni_NRRL3_1|8478|NRRL3_08478	NRRL3_08478
jgi|Aspni_NRRL3_1|8479|NRRL3_08479	NRRL3_08479
jgi|Aspni_NRRL3_1|8480|NRRL3_08480	NRRL3_08480
jgi|Aspni_NRRL3_1|8481|NRRL3_08481	NRRL3_08481
jgi|Aspni_NRRL3_1|8482|NRRL3_08482	NRRL3_08482
jgi|Aspni_NRRL3_1|8483|NRRL3_08483	NRRL3_08483
jgi|Aspni_NRRL3_1|8484|NRRL3_08484	NRRL3_08484
jgi|Aspni_NRRL3_1|8485|NRRL3_08485	NRRL3_08485
jgi|Aspni_NRRL3_1|8486|NRRL3_08486	NRRL3_08486
jgi|Aspni_NRRL3_1|8487|NRRL3_08487	NRRL3_08487
jgi|Aspni_NRRL3_1|8488|NRRL3_08488	NRRL3_08488
jgi|Aspni_NRRL3_1|8489|NRRL3_08489	NRRL3_08489
jgi|Aspni_NRRL3_1|8490|NRRL3_08490	NRRL3_08490
jgi|Aspni_NRRL3_1|8491|NRRL3_08491	NRRL3_08491
jgi|Aspni_NRRL3_1|8492|NRRL3_08492	NRRL3_08492
jgi|Aspni_NRRL3_1|8493|NRRL3_08493	NRRL3_08493
jgi|Aspni_NRRL3_1|8494|NRRL3_08494	NRRL3_08494
jgi|Aspni_NRRL3_1|8495|NRRL3_08495	NRRL3_08495
jgi|Aspni_NRRL3_1|8496|NRRL3_08496	NRRL3_08496
jgi|Aspni_NRRL3_1|8497|NRRL3_08497	NRRL3_08497
jgi|Aspni_NRRL3_1|8498|NRRL3_08498	NRRL3_08498
jgi|Aspni_NRRL3_1|8499|NRRL3_08499	NRRL3_08499
jgi|Aspni_NRRL3_1|8500|NRRL3_08500	NRRL3_08500
jgi|Aspni_NRRL3_1|8501|NRRL3_08501	NRRL3_08501
jgi|Aspni_NRRL3_1|8502|NRRL3_08502	NRRL3_08502
jgi|Aspni_NRRL3_1|8503|NRRL3_08503	NRRL3_08503
jgi|Aspni_NRRL3_1|8504|NRRL3_08504	NRRL3_08504
jgi|Aspni_NRRL3_1|8505|NRRL3_08505	NRRL3_08505
jgi|Aspni_NRRL3_1|8506|NRRL3_08506	NRRL3_08506
jgi|Aspni_NRRL3_1|8507|NRRL3_08507	NRRL3_08507
jgi|Aspni_NRRL3_1|8508|NRRL3_08508	NRRL3_08508
jgi|Aspni_NRRL3_1|8509|NRRL3_08509	NRRL3_08509
jgi|Aspni_NRRL3_1|8510|NRRL3_08510	NRRL3_08510
jgi|Aspni_NRRL3_1|8511|NRRL3_08511	NRRL3_08511
jgi|Aspni_NRRL3_1|8512|NRRL3_08512	NRRL3_08512
jgi|Aspni_NRRL3_1|8513|NRRL3_08513	NRRL3_08513
jgi|Aspni_NRRL3_1|8514|NRRL3_08514	NRRL3_08514
jgi|Aspni_NRRL3_1|8515|NRRL3_08515	NRRL3_08515
jgi|Aspni_NRRL3_1|8516|NRRL3_08516	NRRL3_08516
jgi|Aspni_NRRL3_1|8517|NRRL3_08517	NRRL3_08517
jgi|Aspni_NRRL3_1|8518|NRRL3_08518	NRRL3_08518
jgi|Aspni_NRRL3_1|8519|NRRL3_08519	NRRL3_08519
jgi|Aspni_NRRL3_1|8520|NRRL3_08520	NRRL3_08520
jgi|Aspni_NRRL3_1|8521|NRRL3_08521	NRRL3_08521
jgi|Aspni_NRRL3_1|8522|NRRL3_08522	NRRL3_08522
jgi|Aspni_NRRL3_1|8523|NRRL3_08523	NRRL3_08523
jgi|Aspni_NRRL3_1|8524|NRRL3_08524	NRRL3_08524
jgi|Aspni_NRRL3_1|8525|NRRL3_08525	NRRL3_08525
jgi|Aspni_NRRL3_1|8526|NRRL3_08526	NRRL3_08526
jgi|Aspni_NRRL3_1|8527|NRRL3_08527	NRRL3_08527
jgi|Aspni_NRRL3_1|8528|NRRL3_08528	NRRL3_08528
jgi|Aspni_NRRL3_1|8529|NRRL3_08529	NRRL3_08529
jgi|Aspni_NRRL3_1|8530|NRRL3_08530	NRRL3_08530
jgi|Aspni_NRRL3_1|8531|NRRL3_08531	NRRL3_08531
jgi|Aspni_NRRL3_1|8532|NRRL3_08532	NRRL3_08532
jgi|Aspni_NRRL3_1|8533|NRRL3_08533	NRRL3_08533
jgi|Aspni_NRRL3_1|8534|NRRL3_08534	NRRL3_08534
jgi|Aspni_NRRL3_1|8535|NRRL3_08535	NRRL3_08535
jgi|Aspni_NRRL3_1|8536|NRRL3_08536	NRRL3_08536
jgi|Aspni_NRRL3_1|8537|NRRL3_08537	NRRL3_08537
jgi|Aspni_NRRL3_1|8538|NRRL3_08538	NRRL3_08538
jgi|Aspni_NRRL3_1|8539|NRRL3_08539	NRRL3_08539
jgi|Aspni_NRRL3_1|8540|NRRL3_08540	NRRL3_08540
jgi|Aspni_NRRL3_1|8541|NRRL3_08541	NRRL3_08541
jgi|Aspni_NRRL3_1|8542|NRRL3_08542	NRRL3_08542
jgi|Aspni_NRRL3_1|8543|NRRL3_08543	NRRL3_08543
jgi|Aspni_NRRL3_1|8544|NRRL3_08544	NRRL3_08544
jgi|Aspni_NRRL3_1|8545|NRRL3_08545	NRRL3_08545
jgi|Aspni_NRRL3_1|8546|NRRL3_08546	NRRL3_08546
jgi|Aspni_NRRL3_1|8547|NRRL3_08547	NRRL3_08547
jgi|Aspni_NRRL3_1|8548|NRRL3_08548	NRRL3_08548
jgi|Aspni_NRRL3_1|8549|NRRL3_08549	NRRL3_08549
jgi|Aspni_NRRL3_1|8550|NRRL3_08550	NRRL3_08550
jgi|Aspni_NRRL3_1|8551|NRRL3_08551	NRRL3_08551
jgi|Aspni_NRRL3_1|8552|NRRL3_08552	NRRL3_08552
jgi|Aspni_NRRL3_1|8553|NRRL3_08553	NRRL3_08553
jgi|Aspni_NRRL3_1|8554|NRRL3_08554	NRRL3_08554
jgi|Aspni_NRRL3_1|8555|NRRL3_08555	NRRL3_08555
jgi|Aspni_NRRL3_1|8556|NRRL3_08556	NRRL3_08556
jgi|Aspni_NRRL3_1|8557|NRRL3_08557	NRRL3_08557
jgi|Aspni_NRRL3_1|8558|NRRL3_08558	NRRL3_08558
jgi|Aspni_NRRL3_1|8559|NRRL3_08559	NRRL3_08559
jgi|Aspni_NRRL3_1|8560|NRRL3_08560	NRRL3_08560
jgi|Aspni_NRRL3_1|8561|NRRL3_08561	NRRL3_08561
jgi|Aspni_NRRL3_1|8562|NRRL3_08562	NRRL3_08562
jgi|Aspni_NRRL3_1|8563|NRRL3_08563	NRRL3_08563
jgi|Aspni_NRRL3_1|8564|NRRL3_08564	NRRL3_08564
jgi|Aspni_NRRL3_1|8565|NRRL3_08565	NRRL3_08565
jgi|Aspni_NRRL3_1|8566|NRRL3_08566	NRRL3_08566
jgi|Aspni_NRRL3_1|8567|NRRL3_08567	NRRL3_08567
jgi|Aspni_NRRL3_1|8568|NRRL3_08568	NRRL3_08568
jgi|Aspni_NRRL3_1|8569|NRRL3_08569	NRRL3_08569
jgi|Aspni_NRRL3_1|8570|NRRL3_08570	NRRL3_08570
jgi|Aspni_NRRL3_1|8571|NRRL3_08571	NRRL3_08571
jgi|Aspni_NRRL3_1|8572|NRRL3_08572	NRRL3_08572
jgi|Aspni_NRRL3_1|8573|NRRL3_08573	NRRL3_08573
jgi|Aspni_NRRL3_1|8574|NRRL3_08574	NRRL3_08574
jgi|Aspni_NRRL3_1|8575|NRRL3_08575	NRRL3_08575
jgi|Aspni_NRRL3_1|8576|NRRL3_08576	NRRL3_08576
jgi|Aspni_NRRL3_1|8577|NRRL3_08577	NRRL3_08577
jgi|Aspni_NRRL3_1|8578|NRRL3_08578	NRRL3_08578
jgi|Aspni_NRRL3_1|8579|NRRL3_08579	NRRL3_08579
jgi|Aspni_NRRL3_1|8580|NRRL3_08580	NRRL3_08580
jgi|Aspni_NRRL3_1|8581|NRRL3_08581	NRRL3_08581
jgi|Aspni_NRRL3_1|8582|NRRL3_08582	NRRL3_08582
jgi|Aspni_NRRL3_1|8583|NRRL3_08583	NRRL3_08583
jgi|Aspni_NRRL3_1|8584|NRRL3_08584	NRRL3_08584
jgi|Aspni_NRRL3_1|8585|NRRL3_08585	NRRL3_08585
jgi|Aspni_NRRL3_1|8586|NRRL3_08586	NRRL3_08586
jgi|Aspni_NRRL3_1|8587|NRRL3_08587	NRRL3_08587
jgi|Aspni_NRRL3_1|8588|NRRL3_08588	NRRL3_08588
jgi|Aspni_NRRL3_1|8589|NRRL3_08589	NRRL3_08589
jgi|Aspni_NRRL3_1|8590|NRRL3_08590	NRRL3_08590
jgi|Aspni_NRRL3_1|8591|NRRL3_08591	NRRL3_08591
jgi|Aspni_NRRL3_1|8592|NRRL3_08592	NRRL3_08592
jgi|Aspni_NRRL3_1|8593|NRRL3_08593	NRRL3_08593
jgi|Aspni_NRRL3_1|8594|NRRL3_08594	NRRL3_08594
jgi|Aspni_NRRL3_1|8595|NRRL3_08595	NRRL3_08595
jgi|Aspni_NRRL3_1|8596|NRRL3_08596	NRRL3_08596
jgi|Aspni_NRRL3_1|8597|NRRL3_08597	NRRL3_08597
jgi|Aspni_NRRL3_1|8598|NRRL3_08598	NRRL3_08598
jgi|Aspni_NRRL3_1|8599|NRRL3_08599	NRRL3_08599
jgi|Aspni_NRRL3_1|8600|NRRL3_08600	NRRL3_08600
jgi|Aspni_NRRL3_1|8601|NRRL3_08601	NRRL3_08601
jgi|Aspni_NRRL3_1|8602|NRRL3_08602	NRRL3_08602
jgi|Aspni_NRRL3_1|8603|NRRL3_08603	NRRL3_08603
jgi|Aspni_NRRL3_1|8604|NRRL3_08604	NRRL3_08604
jgi|Aspni_NRRL3_1|8605|NRRL3_08605	NRRL3_08605
jgi|Aspni_NRRL3_1|8606|NRRL3_08606	NRRL3_08606
jgi|Aspni_NRRL3_1|8607|NRRL3_08607	NRRL3_08607
jgi|Aspni_NRRL3_1|8608|NRRL3_08608	NRRL3_08608
jgi|Aspni_NRRL3_1|8609|NRRL3_08609	NRRL3_08609
jgi|Aspni_NRRL3_1|8610|NRRL3_08610	NRRL3_08610
jgi|Aspni_NRRL3_1|8611|NRRL3_08611	NRRL3_08611
jgi|Aspni_NRRL3_1|8612|NRRL3_08612	NRRL3_08612
jgi|Aspni_NRRL3_1|8613|NRRL3_08613	NRRL3_08613
jgi|Aspni_NRRL3_1|8614|NRRL3_08614	NRRL3_08614
jgi|Aspni_NRRL3_1|8615|NRRL3_08615	NRRL3_08615
jgi|Aspni_NRRL3_1|8616|NRRL3_08616	NRRL3_08616
jgi|Aspni_NRRL3_1|8617|NRRL3_08617	NRRL3_08617
jgi|Aspni_NRRL3_1|8618|NRRL3_08618	NRRL3_08618
jgi|Aspni_NRRL3_1|8619|NRRL3_08619	NRRL3_08619
jgi|Aspni_NRRL3_1|8620|NRRL3_08620	NRRL3_08620
jgi|Aspni_NRRL3_1|8621|NRRL3_08621	NRRL3_08621
jgi|Aspni_NRRL3_1|8622|NRRL3_08622	NRRL3_08622
jgi|Aspni_NRRL3_1|8623|NRRL3_08623	NRRL3_08623
jgi|Aspni_NRRL3_1|8624|NRRL3_08624	NRRL3_08624
jgi|Aspni_NRRL3_1|8625|NRRL3_08625	NRRL3_08625
jgi|Aspni_NRRL3_1|8626|NRRL3_08626	NRRL3_08626
jgi|Aspni_NRRL3_1|8627|NRRL3_08627	NRRL3_08627
jgi|Aspni_NRRL3_1|8628|NRRL3_08628	NRRL3_08628
jgi|Aspni_NRRL3_1|8629|NRRL3_08629	NRRL3_08629
jgi|Aspni_NRRL3_1|8630|NRRL3_08630	NRRL3_08630
jgi|Aspni_NRRL3_1|8631|NRRL3_08631	NRRL3_08631
jgi|Aspni_NRRL3_1|8632|NRRL3_08632	NRRL3_08632
jgi|Aspni_NRRL3_1|8633|NRRL3_08633	NRRL3_08633
jgi|Aspni_NRRL3_1|8634|NRRL3_08634	NRRL3_08634
jgi|Aspni_NRRL3_1|8635|NRRL3_08635	NRRL3_08635
jgi|Aspni_NRRL3_1|8636|NRRL3_08636	NRRL3_08636
jgi|Aspni_NRRL3_1|8637|NRRL3_08637	NRRL3_08637
jgi|Aspni_NRRL3_1|8638|NRRL3_08638	NRRL3_08638
jgi|Aspni_NRRL3_1|8639|NRRL3_08639	NRRL3_08639
jgi|Aspni_NRRL3_1|8640|NRRL3_08640	NRRL3_08640
jgi|Aspni_NRRL3_1|8641|NRRL3_08641	NRRL3_08641
jgi|Aspni_NRRL3_1|8642|NRRL3_08642	NRRL3_08642
jgi|Aspni_NRRL3_1|8643|NRRL3_08643	NRRL3_08643
jgi|Aspni_NRRL3_1|8644|NRRL3_08644	NRRL3_08644
jgi|Aspni_NRRL3_1|8645|NRRL3_08645	NRRL3_08645
jgi|Aspni_NRRL3_1|8646|NRRL3_08646	NRRL3_08646
jgi|Aspni_NRRL3_1|8647|NRRL3_08647	NRRL3_08647
jgi|Aspni_NRRL3_1|8648|NRRL3_08648	NRRL3_08648
jgi|Aspni_NRRL3_1|8649|NRRL3_08649	NRRL3_08649
jgi|Aspni_NRRL3_1|8650|NRRL3_08650	NRRL3_08650
jgi|Aspni_NRRL3_1|8651|NRRL3_08651	NRRL3_08651
jgi|Aspni_NRRL3_1|8652|NRRL3_08652	NRRL3_08652
jgi|Aspni_NRRL3_1|8653|NRRL3_08653	NRRL3_08653
jgi|Aspni_NRRL3_1|8654|NRRL3_08654	NRRL3_08654
jgi|Aspni_NRRL3_1|8655|NRRL3_08655	NRRL3_08655
jgi|Aspni_NRRL3_1|8656|NRRL3_08656	NRRL3_08656
jgi|Aspni_NRRL3_1|8657|NRRL3_08657	NRRL3_08657
jgi|Aspni_NRRL3_1|8658|NRRL3_08658	NRRL3_08658
jgi|Aspni_NRRL3_1|8659|NRRL3_08659	NRRL3_08659
jgi|Aspni_NRRL3_1|8660|NRRL3_08660	NRRL3_08660
jgi|Aspni_NRRL3_1|8661|NRRL3_08661	NRRL3_08661
jgi|Aspni_NRRL3_1|8662|NRRL3_08662	NRRL3_08662
jgi|Aspni_NRRL3_1|8663|NRRL3_08663	NRRL3_08663
jgi|Aspni_NRRL3_1|8664|NRRL3_08664	NRRL3_08664
jgi|Aspni_NRRL3_1|8665|NRRL3_08665	NRRL3_08665
jgi|Aspni_NRRL3_1|8666|NRRL3_08666	NRRL3_08666
jgi|Aspni_NRRL3_1|8667|NRRL3_08667	NRRL3_08667
jgi|Aspni_NRRL3_1|8668|NRRL3_08668	NRRL3_08668
jgi|Aspni_NRRL3_1|8669|NRRL3_08669	NRRL3_08669
jgi|Aspni_NRRL3_1|8670|NRRL3_08670	NRRL3_08670
jgi|Aspni_NRRL3_1|8671|NRRL3_08671	NRRL3_08671
jgi|Aspni_NRRL3_1|8672|NRRL3_08672	NRRL3_08672
jgi|Aspni_NRRL3_1|8673|NRRL3_08673	NRRL3_08673
jgi|Aspni_NRRL3_1|8674|NRRL3_08674	NRRL3_08674
jgi|Aspni_NRRL3_1|8675|NRRL3_08675	NRRL3_08675
jgi|Aspni_NRRL3_1|8676|NRRL3_08676	NRRL3_08676
jgi|Aspni_NRRL3_1|8677|NRRL3_08677	NRRL3_08677
jgi|Aspni_NRRL3_1|8678|NRRL3_08678	NRRL3_08678
jgi|Aspni_NRRL3_1|8679|NRRL3_08679	NRRL3_08679
jgi|Aspni_NRRL3_1|8680|NRRL3_08680	NRRL3_08680
jgi|Aspni_NRRL3_1|8681|NRRL3_08681	NRRL3_08681
jgi|Aspni_NRRL3_1|8682|NRRL3_08682	NRRL3_08682
jgi|Aspni_NRRL3_1|8683|NRRL3_08683	NRRL3_08683
jgi|Aspni_NRRL3_1|8684|NRRL3_08684	NRRL3_08684
jgi|Aspni_NRRL3_1|8685|NRRL3_08685	NRRL3_08685
jgi|Aspni_NRRL3_1|8686|NRRL3_08686	NRRL3_08686
jgi|Aspni_NRRL3_1|8687|NRRL3_08687	NRRL3_08687
jgi|Aspni_NRRL3_1|8688|NRRL3_08688	NRRL3_08688
jgi|Aspni_NRRL3_1|8689|NRRL3_08689	NRRL3_08689
jgi|Aspni_NRRL3_1|8690|NRRL3_08690	NRRL3_08690
jgi|Aspni_NRRL3_1|8691|NRRL3_08691	NRRL3_08691
jgi|Aspni_NRRL3_1|8692|NRRL3_08692	NRRL3_08692
jgi|Aspni_NRRL3_1|8693|NRRL3_08693	NRRL3_08693
jgi|Aspni_NRRL3_1|8694|NRRL3_08694	NRRL3_08694
jgi|Aspni_NRRL3_1|8695|NRRL3_08695	NRRL3_08695
jgi|Aspni_NRRL3_1|8696|NRRL3_08696	NRRL3_08696
jgi|Aspni_NRRL3_1|8697|NRRL3_08697	NRRL3_08697
jgi|Aspni_NRRL3_1|8698|NRRL3_08698	NRRL3_08698
jgi|Aspni_NRRL3_1|8699|NRRL3_08699	NRRL3_08699
jgi|Aspni_NRRL3_1|8700|NRRL3_08700	NRRL3_08700
jgi|Aspni_NRRL3_1|8701|NRRL3_08701	NRRL3_08701
jgi|Aspni_NRRL3_1|8702|NRRL3_08702	NRRL3_08702
jgi|Aspni_NRRL3_1|8703|NRRL3_08703	NRRL3_08703
jgi|Aspni_NRRL3_1|8704|NRRL3_08704	NRRL3_08704
jgi|Aspni_NRRL3_1|8705|NRRL3_08705	NRRL3_08705
jgi|Aspni_NRRL3_1|8706|NRRL3_08706	NRRL3_08706
jgi|Aspni_NRRL3_1|8707|NRRL3_08707	NRRL3_08707
jgi|Aspni_NRRL3_1|8708|NRRL3_08708	NRRL3_08708
jgi|Aspni_NRRL3_1|8709|NRRL3_08709	NRRL3_08709
jgi|Aspni_NRRL3_1|8710|NRRL3_08710	NRRL3_08710
jgi|Aspni_NRRL3_1|8711|NRRL3_08711	NRRL3_08711
jgi|Aspni_NRRL3_1|8712|NRRL3_08712	NRRL3_08712
jgi|Aspni_NRRL3_1|8713|NRRL3_08713	NRRL3_08713
jgi|Aspni_NRRL3_1|8714|NRRL3_08714	NRRL3_08714
jgi|Aspni_NRRL3_1|8715|NRRL3_08715	NRRL3_08715
jgi|Aspni_NRRL3_1|8716|NRRL3_08716	NRRL3_08716
jgi|Aspni_NRRL3_1|8717|NRRL3_08717	NRRL3_08717
jgi|Aspni_NRRL3_1|8718|NRRL3_08718	NRRL3_08718
jgi|Aspni_NRRL3_1|8719|NRRL3_08719	NRRL3_08719
jgi|Aspni_NRRL3_1|8720|NRRL3_08720	NRRL3_08720
jgi|Aspni_NRRL3_1|8721|NRRL3_08721	NRRL3_08721
jgi|Aspni_NRRL3_1|8722|NRRL3_08722	NRRL3_08722
jgi|Aspni_NRRL3_1|8723|NRRL3_08723	NRRL3_08723
jgi|Aspni_NRRL3_1|8724|NRRL3_08724	NRRL3_08724
jgi|Aspni_NRRL3_1|8725|NRRL3_08725	NRRL3_08725
jgi|Aspni_NRRL3_1|8726|NRRL3_08726	NRRL3_08726
jgi|Aspni_NRRL3_1|8727|NRRL3_08727	NRRL3_08727
jgi|Aspni_NRRL3_1|8728|NRRL3_08728	NRRL3_08728
jgi|Aspni_NRRL3_1|8729|NRRL3_08729	NRRL3_08729
jgi|Aspni_NRRL3_1|8730|NRRL3_08730	NRRL3_08730
jgi|Aspni_NRRL3_1|8731|NRRL3_08731	NRRL3_08731
jgi|Aspni_NRRL3_1|8732|NRRL3_08732	NRRL3_08732
jgi|Aspni_NRRL3_1|8733|NRRL3_08733	NRRL3_08733
jgi|Aspni_NRRL3_1|8734|NRRL3_08734	NRRL3_08734
jgi|Aspni_NRRL3_1|8735|NRRL3_08735	NRRL3_08735
jgi|Aspni_NRRL3_1|8736|NRRL3_08736	NRRL3_08736
jgi|Aspni_NRRL3_1|8737|NRRL3_08737	NRRL3_08737
jgi|Aspni_NRRL3_1|8738|NRRL3_08738	NRRL3_08738
jgi|Aspni_NRRL3_1|8739|NRRL3_08739	NRRL3_08739
jgi|Aspni_NRRL3_1|8740|NRRL3_08740	NRRL3_08740
jgi|Aspni_NRRL3_1|8741|NRRL3_08741	NRRL3_08741
jgi|Aspni_NRRL3_1|8742|NRRL3_08742	NRRL3_08742
jgi|Aspni_NRRL3_1|8743|NRRL3_08743	NRRL3_08743
jgi|Aspni_NRRL3_1|8744|NRRL3_08744	NRRL3_08744
jgi|Aspni_NRRL3_1|8745|NRRL3_08745	NRRL3_08745
jgi|Aspni_NRRL3_1|8746|NRRL3_08746	NRRL3_08746
jgi|Aspni_NRRL3_1|8747|NRRL3_08747	NRRL3_08747
jgi|Aspni_NRRL3_1|8748|NRRL3_08748	NRRL3_08748
jgi|Aspni_NRRL3_1|8749|NRRL3_08749	NRRL3_08749
jgi|Aspni_NRRL3_1|8750|NRRL3_08750	NRRL3_08750
jgi|Aspni_NRRL3_1|8751|NRRL3_08751	NRRL3_08751
jgi|Aspni_NRRL3_1|8752|NRRL3_08752	NRRL3_08752
jgi|Aspni_NRRL3_1|8753|NRRL3_08753	NRRL3_08753
jgi|Aspni_NRRL3_1|8754|NRRL3_08754	NRRL3_08754
jgi|Aspni_NRRL3_1|8755|NRRL3_08755	NRRL3_08755
jgi|Aspni_NRRL3_1|8756|NRRL3_08756	NRRL3_08756
jgi|Aspni_NRRL3_1|8757|NRRL3_08757	NRRL3_08757
jgi|Aspni_NRRL3_1|8758|NRRL3_08758	NRRL3_08758
jgi|Aspni_NRRL3_1|8759|NRRL3_08759	NRRL3_08759
jgi|Aspni_NRRL3_1|8760|NRRL3_08760	NRRL3_08760
jgi|Aspni_NRRL3_1|8761|NRRL3_08761	NRRL3_08761
jgi|Aspni_NRRL3_1|8762|NRRL3_08762	NRRL3_08762
jgi|Aspni_NRRL3_1|8763|NRRL3_08763	NRRL3_08763
jgi|Aspni_NRRL3_1|8764|NRRL3_08764	NRRL3_08764
jgi|Aspni_NRRL3_1|8765|NRRL3_08765	NRRL3_08765
jgi|Aspni_NRRL3_1|8766|NRRL3_08766	NRRL3_08766
jgi|Aspni_NRRL3_1|8767|NRRL3_08767	NRRL3_08767
jgi|Aspni_NRRL3_1|8768|NRRL3_08768	NRRL3_08768
jgi|Aspni_NRRL3_1|8769|NRRL3_08769	NRRL3_08769
jgi|Aspni_NRRL3_1|8770|NRRL3_08770	NRRL3_08770
jgi|Aspni_NRRL3_1|8771|NRRL3_08771	NRRL3_08771
jgi|Aspni_NRRL3_1|8772|NRRL3_08772	NRRL3_08772
jgi|Aspni_NRRL3_1|8773|NRRL3_08773	NRRL3_08773
jgi|Aspni_NRRL3_1|8774|NRRL3_08774	NRRL3_08774
jgi|Aspni_NRRL3_1|8775|NRRL3_08775	NRRL3_08775
jgi|Aspni_NRRL3_1|8776|NRRL3_08776	NRRL3_08776
jgi|Aspni_NRRL3_1|8777|NRRL3_08777	NRRL3_08777
jgi|Aspni_NRRL3_1|8778|NRRL3_08778	NRRL3_08778
jgi|Aspni_NRRL3_1|8779|NRRL3_08779	NRRL3_08779
jgi|Aspni_NRRL3_1|8780|NRRL3_08780	NRRL3_08780
jgi|Aspni_NRRL3_1|8781|NRRL3_08781	NRRL3_08781
jgi|Aspni_NRRL3_1|8782|NRRL3_08782	NRRL3_08782
jgi|Aspni_NRRL3_1|8783|NRRL3_08783	NRRL3_08783
jgi|Aspni_NRRL3_1|8784|NRRL3_08784	NRRL3_08784
jgi|Aspni_NRRL3_1|8785|NRRL3_08785	NRRL3_08785
jgi|Aspni_NRRL3_1|8786|NRRL3_08786	NRRL3_08786
jgi|Aspni_NRRL3_1|8787|NRRL3_08787	NRRL3_08787
jgi|Aspni_NRRL3_1|8788|NRRL3_08788	NRRL3_08788
jgi|Aspni_NRRL3_1|8789|NRRL3_08789	NRRL3_08789
jgi|Aspni_NRRL3_1|8790|NRRL3_08790	NRRL3_08790
jgi|Aspni_NRRL3_1|8791|NRRL3_08791	NRRL3_08791
jgi|Aspni_NRRL3_1|8792|NRRL3_08792	NRRL3_08792
jgi|Aspni_NRRL3_1|8793|NRRL3_08793	NRRL3_08793
jgi|Aspni_NRRL3_1|8794|NRRL3_08794	NRRL3_08794
jgi|Aspni_NRRL3_1|8795|NRRL3_08795	NRRL3_08795
jgi|Aspni_NRRL3_1|8796|NRRL3_08796	NRRL3_08796
jgi|Aspni_NRRL3_1|8797|NRRL3_08797	NRRL3_08797
jgi|Aspni_NRRL3_1|8798|NRRL3_08798	NRRL3_08798
jgi|Aspni_NRRL3_1|8799|NRRL3_08799	NRRL3_08799
jgi|Aspni_NRRL3_1|8800|NRRL3_08800	NRRL3_08800
jgi|Aspni_NRRL3_1|8801|NRRL3_08801	NRRL3_08801
jgi|Aspni_NRRL3_1|8802|NRRL3_08802	NRRL3_08802
jgi|Aspni_NRRL3_1|8803|NRRL3_08803	NRRL3_08803
jgi|Aspni_NRRL3_1|8804|NRRL3_08804	NRRL3_08804
jgi|Aspni_NRRL3_1|8805|NRRL3_08805	NRRL3_08805
jgi|Aspni_NRRL3_1|8806|NRRL3_08806	NRRL3_08806
jgi|Aspni_NRRL3_1|8807|NRRL3_08807	NRRL3_08807
jgi|Aspni_NRRL3_1|8808|NRRL3_08808	NRRL3_08808
jgi|Aspni_NRRL3_1|8809|NRRL3_08809	NRRL3_08809
jgi|Aspni_NRRL3_1|8810|NRRL3_08810	NRRL3_08810
jgi|Aspni_NRRL3_1|8811|NRRL3_08811	NRRL3_08811
jgi|Aspni_NRRL3_1|8812|NRRL3_08812	NRRL3_08812
jgi|Aspni_NRRL3_1|8813|NRRL3_08813	NRRL3_08813
jgi|Aspni_NRRL3_1|8814|NRRL3_08814	NRRL3_08814
jgi|Aspni_NRRL3_1|8815|NRRL3_08815	NRRL3_08815
jgi|Aspni_NRRL3_1|8816|NRRL3_08816	NRRL3_08816
jgi|Aspni_NRRL3_1|8817|NRRL3_08817	NRRL3_08817
jgi|Aspni_NRRL3_1|8818|NRRL3_08818	NRRL3_08818
jgi|Aspni_NRRL3_1|8819|NRRL3_08819	NRRL3_08819
jgi|Aspni_NRRL3_1|8820|NRRL3_08820	NRRL3_08820
jgi|Aspni_NRRL3_1|8821|NRRL3_08821	NRRL3_08821
jgi|Aspni_NRRL3_1|8822|NRRL3_08822	NRRL3_08822
jgi|Aspni_NRRL3_1|8823|NRRL3_08823	NRRL3_08823
jgi|Aspni_NRRL3_1|8824|NRRL3_08824	NRRL3_08824
jgi|Aspni_NRRL3_1|8825|NRRL3_08825	NRRL3_08825
jgi|Aspni_NRRL3_1|8826|NRRL3_08826	NRRL3_08826
jgi|Aspni_NRRL3_1|8827|NRRL3_08827	NRRL3_08827
jgi|Aspni_NRRL3_1|8828|NRRL3_08828	NRRL3_08828
jgi|Aspni_NRRL3_1|8829|NRRL3_08829	NRRL3_08829
jgi|Aspni_NRRL3_1|8830|NRRL3_08830	NRRL3_08830
jgi|Aspni_NRRL3_1|8831|NRRL3_08831	NRRL3_08831
jgi|Aspni_NRRL3_1|8832|NRRL3_08832	NRRL3_08832
jgi|Aspni_NRRL3_1|8833|NRRL3_08833	NRRL3_08833
jgi|Aspni_NRRL3_1|8834|NRRL3_08834	NRRL3_08834
jgi|Aspni_NRRL3_1|8835|NRRL3_08835	NRRL3_08835
jgi|Aspni_NRRL3_1|8836|NRRL3_08836	NRRL3_08836
jgi|Aspni_NRRL3_1|8837|NRRL3_08837	NRRL3_08837
jgi|Aspni_NRRL3_1|8838|NRRL3_08838	NRRL3_08838
jgi|Aspni_NRRL3_1|8839|NRRL3_08839	NRRL3_08839
jgi|Aspni_NRRL3_1|8840|NRRL3_08840	NRRL3_08840
jgi|Aspni_NRRL3_1|8841|NRRL3_08841	NRRL3_08841
jgi|Aspni_NRRL3_1|8842|NRRL3_08842	NRRL3_08842
jgi|Aspni_NRRL3_1|8843|NRRL3_08843	NRRL3_08843
jgi|Aspni_NRRL3_1|8844|NRRL3_08844	NRRL3_08844
jgi|Aspni_NRRL3_1|8845|NRRL3_08845	NRRL3_08845
jgi|Aspni_NRRL3_1|8846|NRRL3_08846	NRRL3_08846
jgi|Aspni_NRRL3_1|8847|NRRL3_08847	NRRL3_08847
jgi|Aspni_NRRL3_1|8848|NRRL3_08848	NRRL3_08848
jgi|Aspni_NRRL3_1|8849|NRRL3_08849	NRRL3_08849
jgi|Aspni_NRRL3_1|8850|NRRL3_08850	NRRL3_08850
jgi|Aspni_NRRL3_1|8851|NRRL3_08851	NRRL3_08851
jgi|Aspni_NRRL3_1|8852|NRRL3_08852	NRRL3_08852
jgi|Aspni_NRRL3_1|8853|NRRL3_08853	NRRL3_08853
jgi|Aspni_NRRL3_1|8854|NRRL3_08854	NRRL3_08854
jgi|Aspni_NRRL3_1|8855|NRRL3_08855	NRRL3_08855
jgi|Aspni_NRRL3_1|8856|NRRL3_08856	NRRL3_08856
jgi|Aspni_NRRL3_1|8857|NRRL3_08857	NRRL3_08857
jgi|Aspni_NRRL3_1|8858|NRRL3_08858	NRRL3_08858
jgi|Aspni_NRRL3_1|8859|NRRL3_08859	NRRL3_08859
jgi|Aspni_NRRL3_1|8860|NRRL3_08860	NRRL3_08860
jgi|Aspni_NRRL3_1|8861|NRRL3_08861	NRRL3_08861
jgi|Aspni_NRRL3_1|8862|NRRL3_08862	NRRL3_08862
jgi|Aspni_NRRL3_1|8863|NRRL3_08863	NRRL3_08863
jgi|Aspni_NRRL3_1|8864|NRRL3_08864	NRRL3_08864
jgi|Aspni_NRRL3_1|8865|NRRL3_08865	NRRL3_08865
jgi|Aspni_NRRL3_1|8866|NRRL3_08866	NRRL3_08866
jgi|Aspni_NRRL3_1|8867|NRRL3_08867	NRRL3_08867
jgi|Aspni_NRRL3_1|8868|NRRL3_08868	NRRL3_08868
jgi|Aspni_NRRL3_1|8869|NRRL3_08869	NRRL3_08869
jgi|Aspni_NRRL3_1|8870|NRRL3_08870	NRRL3_08870
jgi|Aspni_NRRL3_1|8871|NRRL3_08871	NRRL3_08871
jgi|Aspni_NRRL3_1|8872|NRRL3_08872	NRRL3_08872
jgi|Aspni_NRRL3_1|8873|NRRL3_08873	NRRL3_08873
jgi|Aspni_NRRL3_1|8874|NRRL3_08874	NRRL3_08874
jgi|Aspni_NRRL3_1|8875|NRRL3_08875	NRRL3_08875
jgi|Aspni_NRRL3_1|8876|NRRL3_08876	NRRL3_08876
jgi|Aspni_NRRL3_1|8877|NRRL3_08877	NRRL3_08877
jgi|Aspni_NRRL3_1|8878|NRRL3_08878	NRRL3_08878
jgi|Aspni_NRRL3_1|8879|NRRL3_08879	NRRL3_08879
jgi|Aspni_NRRL3_1|8880|NRRL3_08880	NRRL3_08880
jgi|Aspni_NRRL3_1|8881|NRRL3_08881	NRRL3_08881
jgi|Aspni_NRRL3_1|8882|NRRL3_08882	NRRL3_08882
jgi|Aspni_NRRL3_1|8883|NRRL3_08883	NRRL3_08883
jgi|Aspni_NRRL3_1|8884|NRRL3_08884	NRRL3_08884
jgi|Aspni_NRRL3_1|8885|NRRL3_08885	NRRL3_08885
jgi|Aspni_NRRL3_1|8886|NRRL3_08886	NRRL3_08886
jgi|Aspni_NRRL3_1|8887|NRRL3_08887	NRRL3_08887
jgi|Aspni_NRRL3_1|8888|NRRL3_08888	NRRL3_08888
jgi|Aspni_NRRL3_1|8889|NRRL3_08889	NRRL3_08889
jgi|Aspni_NRRL3_1|8890|NRRL3_08890	NRRL3_08890
jgi|Aspni_NRRL3_1|8891|NRRL3_08891	NRRL3_08891
jgi|Aspni_NRRL3_1|8892|NRRL3_08892	NRRL3_08892
jgi|Aspni_NRRL3_1|8893|NRRL3_08893	NRRL3_08893
jgi|Aspni_NRRL3_1|8894|NRRL3_08894	NRRL3_08894
jgi|Aspni_NRRL3_1|8895|NRRL3_08895	NRRL3_08895
jgi|Aspni_NRRL3_1|8896|NRRL3_08896	NRRL3_08896
jgi|Aspni_NRRL3_1|8897|NRRL3_08897	NRRL3_08897
jgi|Aspni_NRRL3_1|8898|NRRL3_08898	NRRL3_08898
jgi|Aspni_NRRL3_1|8899|NRRL3_08899	NRRL3_08899
jgi|Aspni_NRRL3_1|8900|NRRL3_08900	NRRL3_08900
jgi|Aspni_NRRL3_1|8901|NRRL3_08901	NRRL3_08901
jgi|Aspni_NRRL3_1|8902|NRRL3_08902	NRRL3_08902
jgi|Aspni_NRRL3_1|8903|NRRL3_08903	NRRL3_08903
jgi|Aspni_NRRL3_1|8904|NRRL3_08904	NRRL3_08904
jgi|Aspni_NRRL3_1|8905|NRRL3_08905	NRRL3_08905
jgi|Aspni_NRRL3_1|8906|NRRL3_08906	NRRL3_08906
jgi|Aspni_NRRL3_1|8907|NRRL3_08907	NRRL3_08907
jgi|Aspni_NRRL3_1|8908|NRRL3_08908	NRRL3_08908
jgi|Aspni_NRRL3_1|8909|NRRL3_08909	NRRL3_08909
jgi|Aspni_NRRL3_1|8910|NRRL3_08910	NRRL3_08910
jgi|Aspni_NRRL3_1|8911|NRRL3_08911	NRRL3_08911
jgi|Aspni_NRRL3_1|8912|NRRL3_08912	NRRL3_08912
jgi|Aspni_NRRL3_1|8913|NRRL3_08913	NRRL3_08913
jgi|Aspni_NRRL3_1|8914|NRRL3_08914	NRRL3_08914
jgi|Aspni_NRRL3_1|8915|NRRL3_08915	NRRL3_08915
jgi|Aspni_NRRL3_1|8916|NRRL3_08916	NRRL3_08916
jgi|Aspni_NRRL3_1|8917|NRRL3_08917	NRRL3_08917
jgi|Aspni_NRRL3_1|8918|NRRL3_08918	NRRL3_08918
jgi|Aspni_NRRL3_1|8919|NRRL3_08919	NRRL3_08919
jgi|Aspni_NRRL3_1|8920|NRRL3_08920	NRRL3_08920
jgi|Aspni_NRRL3_1|8921|NRRL3_08921	NRRL3_08921
jgi|Aspni_NRRL3_1|8922|NRRL3_08922	NRRL3_08922
jgi|Aspni_NRRL3_1|8923|NRRL3_08923	NRRL3_08923
jgi|Aspni_NRRL3_1|8924|NRRL3_08924	NRRL3_08924
jgi|Aspni_NRRL3_1|8925|NRRL3_08925	NRRL3_08925
jgi|Aspni_NRRL3_1|8926|NRRL3_08926	NRRL3_08926
jgi|Aspni_NRRL3_1|8927|NRRL3_08927	NRRL3_08927
jgi|Aspni_NRRL3_1|8928|NRRL3_08928	NRRL3_08928
jgi|Aspni_NRRL3_1|8929|NRRL3_08929	NRRL3_08929
jgi|Aspni_NRRL3_1|8930|NRRL3_08930	NRRL3_08930
jgi|Aspni_NRRL3_1|8931|NRRL3_08931	NRRL3_08931
jgi|Aspni_NRRL3_1|8932|NRRL3_08932	NRRL3_08932
jgi|Aspni_NRRL3_1|8933|NRRL3_08933	NRRL3_08933
jgi|Aspni_NRRL3_1|8934|NRRL3_08934	NRRL3_08934
jgi|Aspni_NRRL3_1|8935|NRRL3_08935	NRRL3_08935
jgi|Aspni_NRRL3_1|8936|NRRL3_08936	NRRL3_08936
jgi|Aspni_NRRL3_1|8937|NRRL3_08937	NRRL3_08937
jgi|Aspni_NRRL3_1|8938|NRRL3_08938	NRRL3_08938
jgi|Aspni_NRRL3_1|8939|NRRL3_08939	NRRL3_08939
jgi|Aspni_NRRL3_1|8940|NRRL3_08940	NRRL3_08940
jgi|Aspni_NRRL3_1|8941|NRRL3_08941	NRRL3_08941
jgi|Aspni_NRRL3_1|8942|NRRL3_08942	NRRL3_08942
jgi|Aspni_NRRL3_1|8943|NRRL3_08943	NRRL3_08943
jgi|Aspni_NRRL3_1|8944|NRRL3_08944	NRRL3_08944
jgi|Aspni_NRRL3_1|8945|NRRL3_08945	NRRL3_08945
jgi|Aspni_NRRL3_1|8946|NRRL3_08946	NRRL3_08946
jgi|Aspni_NRRL3_1|8947|NRRL3_08947	NRRL3_08947
jgi|Aspni_NRRL3_1|8948|NRRL3_08948	NRRL3_08948
jgi|Aspni_NRRL3_1|8949|NRRL3_08949	NRRL3_08949
jgi|Aspni_NRRL3_1|8950|NRRL3_08950	NRRL3_08950
jgi|Aspni_NRRL3_1|8951|NRRL3_08951	NRRL3_08951
jgi|Aspni_NRRL3_1|8952|NRRL3_08952	NRRL3_08952
jgi|Aspni_NRRL3_1|8953|NRRL3_08953	NRRL3_08953
jgi|Aspni_NRRL3_1|8954|NRRL3_08954	NRRL3_08954
jgi|Aspni_NRRL3_1|8955|NRRL3_08955	NRRL3_08955
jgi|Aspni_NRRL3_1|8956|NRRL3_08956	NRRL3_08956
jgi|Aspni_NRRL3_1|8957|NRRL3_08957	NRRL3_08957
jgi|Aspni_NRRL3_1|8958|NRRL3_08958	NRRL3_08958
jgi|Aspni_NRRL3_1|8959|NRRL3_08959	NRRL3_08959
jgi|Aspni_NRRL3_1|8960|NRRL3_08960	NRRL3_08960
jgi|Aspni_NRRL3_1|8961|NRRL3_08961	NRRL3_08961
jgi|Aspni_NRRL3_1|8962|NRRL3_08962	NRRL3_08962
jgi|Aspni_NRRL3_1|8963|NRRL3_08963	NRRL3_08963
jgi|Aspni_NRRL3_1|8964|NRRL3_08964	NRRL3_08964
jgi|Aspni_NRRL3_1|8965|NRRL3_08965	NRRL3_08965
jgi|Aspni_NRRL3_1|8966|NRRL3_08966	NRRL3_08966
jgi|Aspni_NRRL3_1|8967|NRRL3_08967	NRRL3_08967
jgi|Aspni_NRRL3_1|8968|NRRL3_08968	NRRL3_08968
jgi|Aspni_NRRL3_1|8969|NRRL3_08969	NRRL3_08969
jgi|Aspni_NRRL3_1|8970|NRRL3_08970	NRRL3_08970
jgi|Aspni_NRRL3_1|8971|NRRL3_08971	NRRL3_08971
jgi|Aspni_NRRL3_1|8972|NRRL3_08972	NRRL3_08972
jgi|Aspni_NRRL3_1|8973|NRRL3_08973	NRRL3_08973
jgi|Aspni_NRRL3_1|8974|NRRL3_08974	NRRL3_08974
jgi|Aspni_NRRL3_1|8975|NRRL3_08975	NRRL3_08975
jgi|Aspni_NRRL3_1|8976|NRRL3_08976	NRRL3_08976
jgi|Aspni_NRRL3_1|8977|NRRL3_08977	NRRL3_08977
jgi|Aspni_NRRL3_1|8978|NRRL3_08978	NRRL3_08978
jgi|Aspni_NRRL3_1|8979|NRRL3_08979	NRRL3_08979
jgi|Aspni_NRRL3_1|8980|NRRL3_08980	NRRL3_08980
jgi|Aspni_NRRL3_1|8981|NRRL3_08981	NRRL3_08981
jgi|Aspni_NRRL3_1|8982|NRRL3_08982	NRRL3_08982
jgi|Aspni_NRRL3_1|8983|NRRL3_08983	NRRL3_08983
jgi|Aspni_NRRL3_1|8984|NRRL3_08984	NRRL3_08984
jgi|Aspni_NRRL3_1|8985|NRRL3_08985	NRRL3_08985
jgi|Aspni_NRRL3_1|8986|NRRL3_08986	NRRL3_08986
jgi|Aspni_NRRL3_1|8987|NRRL3_08987	NRRL3_08987
jgi|Aspni_NRRL3_1|8988|NRRL3_08988	NRRL3_08988
jgi|Aspni_NRRL3_1|8989|NRRL3_08989	NRRL3_08989
jgi|Aspni_NRRL3_1|8990|NRRL3_08990	NRRL3_08990
jgi|Aspni_NRRL3_1|8991|NRRL3_08991	NRRL3_08991
jgi|Aspni_NRRL3_1|8992|NRRL3_08992	NRRL3_08992
jgi|Aspni_NRRL3_1|8993|NRRL3_08993	NRRL3_08993
jgi|Aspni_NRRL3_1|8994|NRRL3_08994	NRRL3_08994
jgi|Aspni_NRRL3_1|8995|NRRL3_08995	NRRL3_08995
jgi|Aspni_NRRL3_1|8996|NRRL3_08996	NRRL3_08996
jgi|Aspni_NRRL3_1|8997|NRRL3_08997	NRRL3_08997
jgi|Aspni_NRRL3_1|8998|NRRL3_08998	NRRL3_08998
jgi|Aspni_NRRL3_1|8999|NRRL3_08999	NRRL3_08999
jgi|Aspni_NRRL3_1|9000|NRRL3_09000	NRRL3_09000
jgi|Aspni_NRRL3_1|9001|NRRL3_09001	NRRL3_09001
jgi|Aspni_NRRL3_1|9002|NRRL3_09002	NRRL3_09002
jgi|Aspni_NRRL3_1|9003|NRRL3_09003	NRRL3_09003
jgi|Aspni_NRRL3_1|9004|NRRL3_09004	NRRL3_09004
jgi|Aspni_NRRL3_1|9005|NRRL3_09005	NRRL3_09005
jgi|Aspni_NRRL3_1|9006|NRRL3_09006	NRRL3_09006
jgi|Aspni_NRRL3_1|9007|NRRL3_09007	NRRL3_09007
jgi|Aspni_NRRL3_1|9008|NRRL3_09008	NRRL3_09008
jgi|Aspni_NRRL3_1|9009|NRRL3_09009	NRRL3_09009
jgi|Aspni_NRRL3_1|9010|NRRL3_09010	NRRL3_09010
jgi|Aspni_NRRL3_1|9011|NRRL3_09011	NRRL3_09011
jgi|Aspni_NRRL3_1|9012|NRRL3_09012	NRRL3_09012
jgi|Aspni_NRRL3_1|9013|NRRL3_09013	NRRL3_09013
jgi|Aspni_NRRL3_1|9014|NRRL3_09014	NRRL3_09014
jgi|Aspni_NRRL3_1|9015|NRRL3_09015	NRRL3_09015
jgi|Aspni_NRRL3_1|9016|NRRL3_09016	NRRL3_09016
jgi|Aspni_NRRL3_1|9017|NRRL3_09017	NRRL3_09017
jgi|Aspni_NRRL3_1|9018|NRRL3_09018	NRRL3_09018
jgi|Aspni_NRRL3_1|9019|NRRL3_09019	NRRL3_09019
jgi|Aspni_NRRL3_1|9020|NRRL3_09020	NRRL3_09020
jgi|Aspni_NRRL3_1|9021|NRRL3_09021	NRRL3_09021
jgi|Aspni_NRRL3_1|9022|NRRL3_09022	NRRL3_09022
jgi|Aspni_NRRL3_1|9023|NRRL3_09023	NRRL3_09023
jgi|Aspni_NRRL3_1|9024|NRRL3_09024	NRRL3_09024
jgi|Aspni_NRRL3_1|9025|NRRL3_09025	NRRL3_09025
jgi|Aspni_NRRL3_1|9026|NRRL3_09026	NRRL3_09026
jgi|Aspni_NRRL3_1|9027|NRRL3_09027	NRRL3_09027
jgi|Aspni_NRRL3_1|9028|NRRL3_09028	NRRL3_09028
jgi|Aspni_NRRL3_1|9029|NRRL3_09029	NRRL3_09029
jgi|Aspni_NRRL3_1|9030|NRRL3_09030	NRRL3_09030
jgi|Aspni_NRRL3_1|9031|NRRL3_09031	NRRL3_09031
jgi|Aspni_NRRL3_1|9032|NRRL3_09032	NRRL3_09032
jgi|Aspni_NRRL3_1|9033|NRRL3_09033	NRRL3_09033
jgi|Aspni_NRRL3_1|9034|NRRL3_09034	NRRL3_09034
jgi|Aspni_NRRL3_1|9035|NRRL3_09035	NRRL3_09035
jgi|Aspni_NRRL3_1|9036|NRRL3_09036	NRRL3_09036
jgi|Aspni_NRRL3_1|9037|NRRL3_09037	NRRL3_09037
jgi|Aspni_NRRL3_1|9038|NRRL3_09038	NRRL3_09038
jgi|Aspni_NRRL3_1|9039|NRRL3_09039	NRRL3_09039
jgi|Aspni_NRRL3_1|9040|NRRL3_09040	NRRL3_09040
jgi|Aspni_NRRL3_1|9041|NRRL3_09041	NRRL3_09041
jgi|Aspni_NRRL3_1|9042|NRRL3_09042	NRRL3_09042
jgi|Aspni_NRRL3_1|9043|NRRL3_09043	NRRL3_09043
jgi|Aspni_NRRL3_1|9044|NRRL3_09044	NRRL3_09044
jgi|Aspni_NRRL3_1|9045|NRRL3_09045	NRRL3_09045
jgi|Aspni_NRRL3_1|9046|NRRL3_09046	NRRL3_09046
jgi|Aspni_NRRL3_1|9047|NRRL3_09047	NRRL3_09047
jgi|Aspni_NRRL3_1|9048|NRRL3_09048	NRRL3_09048
jgi|Aspni_NRRL3_1|9049|NRRL3_09049	NRRL3_09049
jgi|Aspni_NRRL3_1|9050|NRRL3_09050	NRRL3_09050
jgi|Aspni_NRRL3_1|9051|NRRL3_09051	NRRL3_09051
jgi|Aspni_NRRL3_1|9052|NRRL3_09052	NRRL3_09052
jgi|Aspni_NRRL3_1|9053|NRRL3_09053	NRRL3_09053
jgi|Aspni_NRRL3_1|9054|NRRL3_09054	NRRL3_09054
jgi|Aspni_NRRL3_1|9055|NRRL3_09055	NRRL3_09055
jgi|Aspni_NRRL3_1|9056|NRRL3_09056	NRRL3_09056
jgi|Aspni_NRRL3_1|9057|NRRL3_09057	NRRL3_09057
jgi|Aspni_NRRL3_1|9058|NRRL3_09058	NRRL3_09058
jgi|Aspni_NRRL3_1|9059|NRRL3_09059	NRRL3_09059
jgi|Aspni_NRRL3_1|9060|NRRL3_09060	NRRL3_09060
jgi|Aspni_NRRL3_1|9061|NRRL3_09061	NRRL3_09061
jgi|Aspni_NRRL3_1|9062|NRRL3_09062	NRRL3_09062
jgi|Aspni_NRRL3_1|9063|NRRL3_09063	NRRL3_09063
jgi|Aspni_NRRL3_1|9064|NRRL3_09064	NRRL3_09064
jgi|Aspni_NRRL3_1|9065|NRRL3_09065	NRRL3_09065
jgi|Aspni_NRRL3_1|9066|NRRL3_09066	NRRL3_09066
jgi|Aspni_NRRL3_1|9067|NRRL3_09067	NRRL3_09067
jgi|Aspni_NRRL3_1|9068|NRRL3_09068	NRRL3_09068
jgi|Aspni_NRRL3_1|9069|NRRL3_09069	NRRL3_09069
jgi|Aspni_NRRL3_1|9070|NRRL3_09070	NRRL3_09070
jgi|Aspni_NRRL3_1|9071|NRRL3_09071	NRRL3_09071
jgi|Aspni_NRRL3_1|9072|NRRL3_09072	NRRL3_09072
jgi|Aspni_NRRL3_1|9073|NRRL3_09073	NRRL3_09073
jgi|Aspni_NRRL3_1|9074|NRRL3_09074	NRRL3_09074
jgi|Aspni_NRRL3_1|9075|NRRL3_09075	NRRL3_09075
jgi|Aspni_NRRL3_1|9076|NRRL3_09076	NRRL3_09076
jgi|Aspni_NRRL3_1|9077|NRRL3_09077	NRRL3_09077
jgi|Aspni_NRRL3_1|9078|NRRL3_09078	NRRL3_09078
jgi|Aspni_NRRL3_1|9079|NRRL3_09079	NRRL3_09079
jgi|Aspni_NRRL3_1|9080|NRRL3_09080	NRRL3_09080
jgi|Aspni_NRRL3_1|9081|NRRL3_09081	NRRL3_09081
jgi|Aspni_NRRL3_1|9082|NRRL3_09082	NRRL3_09082
jgi|Aspni_NRRL3_1|9083|NRRL3_09083	NRRL3_09083
jgi|Aspni_NRRL3_1|9084|NRRL3_09084	NRRL3_09084
jgi|Aspni_NRRL3_1|9085|NRRL3_09085	NRRL3_09085
jgi|Aspni_NRRL3_1|9086|NRRL3_09086	NRRL3_09086
jgi|Aspni_NRRL3_1|9087|NRRL3_09087	NRRL3_09087
jgi|Aspni_NRRL3_1|9088|NRRL3_09088	NRRL3_09088
jgi|Aspni_NRRL3_1|9089|NRRL3_09089	NRRL3_09089
jgi|Aspni_NRRL3_1|9090|NRRL3_09090	NRRL3_09090
jgi|Aspni_NRRL3_1|9091|NRRL3_09091	NRRL3_09091
jgi|Aspni_NRRL3_1|9092|NRRL3_09092	NRRL3_09092
jgi|Aspni_NRRL3_1|9093|NRRL3_09093	NRRL3_09093
jgi|Aspni_NRRL3_1|9094|NRRL3_09094	NRRL3_09094
jgi|Aspni_NRRL3_1|9095|NRRL3_09095	NRRL3_09095
jgi|Aspni_NRRL3_1|9096|NRRL3_09096	NRRL3_09096
jgi|Aspni_NRRL3_1|9097|NRRL3_09097	NRRL3_09097
jgi|Aspni_NRRL3_1|9098|NRRL3_09098	NRRL3_09098
jgi|Aspni_NRRL3_1|9099|NRRL3_09099	NRRL3_09099
jgi|Aspni_NRRL3_1|9100|NRRL3_09100	NRRL3_09100
jgi|Aspni_NRRL3_1|9101|NRRL3_09101	NRRL3_09101
jgi|Aspni_NRRL3_1|9102|NRRL3_09102	NRRL3_09102
jgi|Aspni_NRRL3_1|9103|NRRL3_09103	NRRL3_09103
jgi|Aspni_NRRL3_1|9104|NRRL3_09104	NRRL3_09104
jgi|Aspni_NRRL3_1|9105|NRRL3_09105	NRRL3_09105
jgi|Aspni_NRRL3_1|9106|NRRL3_09106	NRRL3_09106
jgi|Aspni_NRRL3_1|9107|NRRL3_09107	NRRL3_09107
jgi|Aspni_NRRL3_1|9108|NRRL3_09108	NRRL3_09108
jgi|Aspni_NRRL3_1|9109|NRRL3_09109	NRRL3_09109
jgi|Aspni_NRRL3_1|9110|NRRL3_09110	NRRL3_09110
jgi|Aspni_NRRL3_1|9111|NRRL3_09111	NRRL3_09111
jgi|Aspni_NRRL3_1|9112|NRRL3_09112	NRRL3_09112
jgi|Aspni_NRRL3_1|9113|NRRL3_09113	NRRL3_09113
jgi|Aspni_NRRL3_1|9114|NRRL3_09114	NRRL3_09114
jgi|Aspni_NRRL3_1|9115|NRRL3_09115	NRRL3_09115
jgi|Aspni_NRRL3_1|9116|NRRL3_09116	NRRL3_09116
jgi|Aspni_NRRL3_1|9117|NRRL3_09117	NRRL3_09117
jgi|Aspni_NRRL3_1|9118|NRRL3_09118	NRRL3_09118
jgi|Aspni_NRRL3_1|9119|NRRL3_09119	NRRL3_09119
jgi|Aspni_NRRL3_1|9120|NRRL3_09120	NRRL3_09120
jgi|Aspni_NRRL3_1|9121|NRRL3_09121	NRRL3_09121
jgi|Aspni_NRRL3_1|9122|NRRL3_09122	NRRL3_09122
jgi|Aspni_NRRL3_1|9123|NRRL3_09123	NRRL3_09123
jgi|Aspni_NRRL3_1|9124|NRRL3_09124	NRRL3_09124
jgi|Aspni_NRRL3_1|9125|NRRL3_09125	NRRL3_09125
jgi|Aspni_NRRL3_1|9126|NRRL3_09126	NRRL3_09126
jgi|Aspni_NRRL3_1|9127|NRRL3_09127	NRRL3_09127
jgi|Aspni_NRRL3_1|9128|NRRL3_09128	NRRL3_09128
jgi|Aspni_NRRL3_1|9129|NRRL3_09129	NRRL3_09129
jgi|Aspni_NRRL3_1|9130|NRRL3_09130	NRRL3_09130
jgi|Aspni_NRRL3_1|9131|NRRL3_09131	NRRL3_09131
jgi|Aspni_NRRL3_1|9132|NRRL3_09132	NRRL3_09132
jgi|Aspni_NRRL3_1|9133|NRRL3_09133	NRRL3_09133
jgi|Aspni_NRRL3_1|9134|NRRL3_09134	NRRL3_09134
jgi|Aspni_NRRL3_1|9135|NRRL3_09135	NRRL3_09135
jgi|Aspni_NRRL3_1|9136|NRRL3_09136	NRRL3_09136
jgi|Aspni_NRRL3_1|9137|NRRL3_09137	NRRL3_09137
jgi|Aspni_NRRL3_1|9138|NRRL3_09138	NRRL3_09138
jgi|Aspni_NRRL3_1|9139|NRRL3_09139	NRRL3_09139
jgi|Aspni_NRRL3_1|9140|NRRL3_09140	NRRL3_09140
jgi|Aspni_NRRL3_1|9141|NRRL3_09141	NRRL3_09141
jgi|Aspni_NRRL3_1|9142|NRRL3_09142	NRRL3_09142
jgi|Aspni_NRRL3_1|9143|NRRL3_09143	NRRL3_09143
jgi|Aspni_NRRL3_1|9144|NRRL3_09144	NRRL3_09144
jgi|Aspni_NRRL3_1|9145|NRRL3_09145	NRRL3_09145
jgi|Aspni_NRRL3_1|9146|NRRL3_09146	NRRL3_09146
jgi|Aspni_NRRL3_1|9147|NRRL3_09147	NRRL3_09147
jgi|Aspni_NRRL3_1|9148|NRRL3_09148	NRRL3_09148
jgi|Aspni_NRRL3_1|9149|NRRL3_09149	NRRL3_09149
jgi|Aspni_NRRL3_1|9150|NRRL3_09150	NRRL3_09150
jgi|Aspni_NRRL3_1|9151|NRRL3_09151	NRRL3_09151
jgi|Aspni_NRRL3_1|9152|NRRL3_09152	NRRL3_09152
jgi|Aspni_NRRL3_1|9153|NRRL3_09153	NRRL3_09153
jgi|Aspni_NRRL3_1|9154|NRRL3_09154	NRRL3_09154
jgi|Aspni_NRRL3_1|9155|NRRL3_09155	NRRL3_09155
jgi|Aspni_NRRL3_1|9156|NRRL3_09156	NRRL3_09156
jgi|Aspni_NRRL3_1|9157|NRRL3_09157	NRRL3_09157
jgi|Aspni_NRRL3_1|9158|NRRL3_09158	NRRL3_09158
jgi|Aspni_NRRL3_1|9159|NRRL3_09159	NRRL3_09159
jgi|Aspni_NRRL3_1|9160|NRRL3_09160	NRRL3_09160
jgi|Aspni_NRRL3_1|9161|NRRL3_09161	NRRL3_09161
jgi|Aspni_NRRL3_1|9162|NRRL3_09162	NRRL3_09162
jgi|Aspni_NRRL3_1|9163|NRRL3_09163	NRRL3_09163
jgi|Aspni_NRRL3_1|9164|NRRL3_09164	NRRL3_09164
jgi|Aspni_NRRL3_1|9165|NRRL3_09165	NRRL3_09165
jgi|Aspni_NRRL3_1|9166|NRRL3_09166	NRRL3_09166
jgi|Aspni_NRRL3_1|9167|NRRL3_09167	NRRL3_09167
jgi|Aspni_NRRL3_1|9168|NRRL3_09168	NRRL3_09168
jgi|Aspni_NRRL3_1|9169|NRRL3_09169	NRRL3_09169
jgi|Aspni_NRRL3_1|9170|NRRL3_09170	NRRL3_09170
jgi|Aspni_NRRL3_1|9171|NRRL3_09171	NRRL3_09171
jgi|Aspni_NRRL3_1|9172|NRRL3_09172	NRRL3_09172
jgi|Aspni_NRRL3_1|9173|NRRL3_09173	NRRL3_09173
jgi|Aspni_NRRL3_1|9174|NRRL3_09174	NRRL3_09174
jgi|Aspni_NRRL3_1|9175|NRRL3_09175	NRRL3_09175
jgi|Aspni_NRRL3_1|9176|NRRL3_09176	NRRL3_09176
jgi|Aspni_NRRL3_1|9177|NRRL3_09177	NRRL3_09177
jgi|Aspni_NRRL3_1|9178|NRRL3_09178	NRRL3_09178
jgi|Aspni_NRRL3_1|9179|NRRL3_09179	NRRL3_09179
jgi|Aspni_NRRL3_1|9180|NRRL3_09180	NRRL3_09180
jgi|Aspni_NRRL3_1|9181|NRRL3_09181	NRRL3_09181
jgi|Aspni_NRRL3_1|9182|NRRL3_09182	NRRL3_09182
jgi|Aspni_NRRL3_1|9183|NRRL3_09183	NRRL3_09183
jgi|Aspni_NRRL3_1|9184|NRRL3_09184	NRRL3_09184
jgi|Aspni_NRRL3_1|9185|NRRL3_09185	NRRL3_09185
jgi|Aspni_NRRL3_1|9186|NRRL3_09186	NRRL3_09186
jgi|Aspni_NRRL3_1|9187|NRRL3_09187	NRRL3_09187
jgi|Aspni_NRRL3_1|9188|NRRL3_09188	NRRL3_09188
jgi|Aspni_NRRL3_1|9189|NRRL3_09189	NRRL3_09189
jgi|Aspni_NRRL3_1|9190|NRRL3_09190	NRRL3_09190
jgi|Aspni_NRRL3_1|9191|NRRL3_09191	NRRL3_09191
jgi|Aspni_NRRL3_1|9192|NRRL3_09192	NRRL3_09192
jgi|Aspni_NRRL3_1|9193|NRRL3_09193	NRRL3_09193
jgi|Aspni_NRRL3_1|9194|NRRL3_09194	NRRL3_09194
jgi|Aspni_NRRL3_1|9195|NRRL3_09195	NRRL3_09195
jgi|Aspni_NRRL3_1|9196|NRRL3_09196	NRRL3_09196
jgi|Aspni_NRRL3_1|9197|NRRL3_09197	NRRL3_09197
jgi|Aspni_NRRL3_1|9198|NRRL3_09198	NRRL3_09198
jgi|Aspni_NRRL3_1|9199|NRRL3_09199	NRRL3_09199
jgi|Aspni_NRRL3_1|9200|NRRL3_09200	NRRL3_09200
jgi|Aspni_NRRL3_1|9201|NRRL3_09201	NRRL3_09201
jgi|Aspni_NRRL3_1|9202|NRRL3_09202	NRRL3_09202
jgi|Aspni_NRRL3_1|9203|NRRL3_09203	NRRL3_09203
jgi|Aspni_NRRL3_1|9204|NRRL3_09204	NRRL3_09204
jgi|Aspni_NRRL3_1|9205|NRRL3_09205	NRRL3_09205
jgi|Aspni_NRRL3_1|9206|NRRL3_09206	NRRL3_09206
jgi|Aspni_NRRL3_1|9207|NRRL3_09207	NRRL3_09207
jgi|Aspni_NRRL3_1|9208|NRRL3_09208	NRRL3_09208
jgi|Aspni_NRRL3_1|9209|NRRL3_09209	NRRL3_09209
jgi|Aspni_NRRL3_1|9210|NRRL3_09210	NRRL3_09210
jgi|Aspni_NRRL3_1|9211|NRRL3_09211	NRRL3_09211
jgi|Aspni_NRRL3_1|9212|NRRL3_09212	NRRL3_09212
jgi|Aspni_NRRL3_1|9213|NRRL3_09213	NRRL3_09213
jgi|Aspni_NRRL3_1|9214|NRRL3_09214	NRRL3_09214
jgi|Aspni_NRRL3_1|9215|NRRL3_09215	NRRL3_09215
jgi|Aspni_NRRL3_1|9216|NRRL3_09216	NRRL3_09216
jgi|Aspni_NRRL3_1|9217|NRRL3_09217	NRRL3_09217
jgi|Aspni_NRRL3_1|9218|NRRL3_09218	NRRL3_09218
jgi|Aspni_NRRL3_1|9219|NRRL3_09219	NRRL3_09219
jgi|Aspni_NRRL3_1|9220|NRRL3_09220	NRRL3_09220
jgi|Aspni_NRRL3_1|9221|NRRL3_09221	NRRL3_09221
jgi|Aspni_NRRL3_1|9222|NRRL3_09222	NRRL3_09222
jgi|Aspni_NRRL3_1|9223|NRRL3_09223	NRRL3_09223
jgi|Aspni_NRRL3_1|9224|NRRL3_09224	NRRL3_09224
jgi|Aspni_NRRL3_1|9225|NRRL3_09225	NRRL3_09225
jgi|Aspni_NRRL3_1|9226|NRRL3_09226	NRRL3_09226
jgi|Aspni_NRRL3_1|9227|NRRL3_09227	NRRL3_09227
jgi|Aspni_NRRL3_1|9228|NRRL3_09228	NRRL3_09228
jgi|Aspni_NRRL3_1|9229|NRRL3_09229	NRRL3_09229
jgi|Aspni_NRRL3_1|9230|NRRL3_09230	NRRL3_09230
jgi|Aspni_NRRL3_1|9231|NRRL3_09231	NRRL3_09231
jgi|Aspni_NRRL3_1|9232|NRRL3_09232	NRRL3_09232
jgi|Aspni_NRRL3_1|9233|NRRL3_09233	NRRL3_09233
jgi|Aspni_NRRL3_1|9234|NRRL3_09234	NRRL3_09234
jgi|Aspni_NRRL3_1|9235|NRRL3_09235	NRRL3_09235
jgi|Aspni_NRRL3_1|9236|NRRL3_09236	NRRL3_09236
jgi|Aspni_NRRL3_1|9237|NRRL3_09237	NRRL3_09237
jgi|Aspni_NRRL3_1|9238|NRRL3_09238	NRRL3_09238
jgi|Aspni_NRRL3_1|9239|NRRL3_09239	NRRL3_09239
jgi|Aspni_NRRL3_1|9240|NRRL3_09240	NRRL3_09240
jgi|Aspni_NRRL3_1|9241|NRRL3_09241	NRRL3_09241
jgi|Aspni_NRRL3_1|9242|NRRL3_09242	NRRL3_09242
jgi|Aspni_NRRL3_1|9243|NRRL3_09243	NRRL3_09243
jgi|Aspni_NRRL3_1|9244|NRRL3_09244	NRRL3_09244
jgi|Aspni_NRRL3_1|9245|NRRL3_09245	NRRL3_09245
jgi|Aspni_NRRL3_1|9246|NRRL3_09246	NRRL3_09246
jgi|Aspni_NRRL3_1|9247|NRRL3_09247	NRRL3_09247
jgi|Aspni_NRRL3_1|9248|NRRL3_09248	NRRL3_09248
jgi|Aspni_NRRL3_1|9249|NRRL3_09249	NRRL3_09249
jgi|Aspni_NRRL3_1|9250|NRRL3_09250	NRRL3_09250
jgi|Aspni_NRRL3_1|9251|NRRL3_09251	NRRL3_09251
jgi|Aspni_NRRL3_1|9252|NRRL3_09252	NRRL3_09252
jgi|Aspni_NRRL3_1|9253|NRRL3_09253	NRRL3_09253
jgi|Aspni_NRRL3_1|9254|NRRL3_09254	NRRL3_09254
jgi|Aspni_NRRL3_1|9255|NRRL3_09255	NRRL3_09255
jgi|Aspni_NRRL3_1|9256|NRRL3_09256	NRRL3_09256
jgi|Aspni_NRRL3_1|9257|NRRL3_09257	NRRL3_09257
jgi|Aspni_NRRL3_1|9258|NRRL3_09258	NRRL3_09258
jgi|Aspni_NRRL3_1|9259|NRRL3_09259	NRRL3_09259
jgi|Aspni_NRRL3_1|9260|NRRL3_09260	NRRL3_09260
jgi|Aspni_NRRL3_1|9261|NRRL3_09261	NRRL3_09261
jgi|Aspni_NRRL3_1|9262|NRRL3_09262	NRRL3_09262
jgi|Aspni_NRRL3_1|9263|NRRL3_09263	NRRL3_09263
jgi|Aspni_NRRL3_1|9264|NRRL3_09264	NRRL3_09264
jgi|Aspni_NRRL3_1|9265|NRRL3_09265	NRRL3_09265
jgi|Aspni_NRRL3_1|9266|NRRL3_09266	NRRL3_09266
jgi|Aspni_NRRL3_1|9267|NRRL3_09267	NRRL3_09267
jgi|Aspni_NRRL3_1|9268|NRRL3_09268	NRRL3_09268
jgi|Aspni_NRRL3_1|9269|NRRL3_09269	NRRL3_09269
jgi|Aspni_NRRL3_1|9270|NRRL3_09270	NRRL3_09270
jgi|Aspni_NRRL3_1|9271|NRRL3_09271	NRRL3_09271
jgi|Aspni_NRRL3_1|9272|NRRL3_09272	NRRL3_09272
jgi|Aspni_NRRL3_1|9273|NRRL3_09273	NRRL3_09273
jgi|Aspni_NRRL3_1|9274|NRRL3_09274	NRRL3_09274
jgi|Aspni_NRRL3_1|9275|NRRL3_09275	NRRL3_09275
jgi|Aspni_NRRL3_1|9276|NRRL3_09276	NRRL3_09276
jgi|Aspni_NRRL3_1|9277|NRRL3_09277	NRRL3_09277
jgi|Aspni_NRRL3_1|9278|NRRL3_09278	NRRL3_09278
jgi|Aspni_NRRL3_1|9279|NRRL3_09279	NRRL3_09279
jgi|Aspni_NRRL3_1|9280|NRRL3_09280	NRRL3_09280
jgi|Aspni_NRRL3_1|9281|NRRL3_09281	NRRL3_09281
jgi|Aspni_NRRL3_1|9282|NRRL3_09282	NRRL3_09282
jgi|Aspni_NRRL3_1|9283|NRRL3_09283	NRRL3_09283
jgi|Aspni_NRRL3_1|9284|NRRL3_09284	NRRL3_09284
jgi|Aspni_NRRL3_1|9285|NRRL3_09285	NRRL3_09285
jgi|Aspni_NRRL3_1|9286|NRRL3_09286	NRRL3_09286
jgi|Aspni_NRRL3_1|9287|NRRL3_09287	NRRL3_09287
jgi|Aspni_NRRL3_1|9288|NRRL3_09288	NRRL3_09288
jgi|Aspni_NRRL3_1|9289|NRRL3_09289	NRRL3_09289
jgi|Aspni_NRRL3_1|9290|NRRL3_09290	NRRL3_09290
jgi|Aspni_NRRL3_1|9291|NRRL3_09291	NRRL3_09291
jgi|Aspni_NRRL3_1|9292|NRRL3_09292	NRRL3_09292
jgi|Aspni_NRRL3_1|9293|NRRL3_09293	NRRL3_09293
jgi|Aspni_NRRL3_1|9294|NRRL3_09294	NRRL3_09294
jgi|Aspni_NRRL3_1|9295|NRRL3_09295	NRRL3_09295
jgi|Aspni_NRRL3_1|9296|NRRL3_09296	NRRL3_09296
jgi|Aspni_NRRL3_1|9297|NRRL3_09297	NRRL3_09297
jgi|Aspni_NRRL3_1|9298|NRRL3_09298	NRRL3_09298
jgi|Aspni_NRRL3_1|9299|NRRL3_09299	NRRL3_09299
jgi|Aspni_NRRL3_1|9300|NRRL3_09300	NRRL3_09300
jgi|Aspni_NRRL3_1|9301|NRRL3_09301	NRRL3_09301
jgi|Aspni_NRRL3_1|9302|NRRL3_09302	NRRL3_09302
jgi|Aspni_NRRL3_1|9303|NRRL3_09303	NRRL3_09303
jgi|Aspni_NRRL3_1|9304|NRRL3_09304	NRRL3_09304
jgi|Aspni_NRRL3_1|9305|NRRL3_09305	NRRL3_09305
jgi|Aspni_NRRL3_1|9306|NRRL3_09306	NRRL3_09306
jgi|Aspni_NRRL3_1|9307|NRRL3_09307	NRRL3_09307
jgi|Aspni_NRRL3_1|9308|NRRL3_09308	NRRL3_09308
jgi|Aspni_NRRL3_1|9309|NRRL3_09309	NRRL3_09309
jgi|Aspni_NRRL3_1|9310|NRRL3_09310	NRRL3_09310
jgi|Aspni_NRRL3_1|9311|NRRL3_09311	NRRL3_09311
jgi|Aspni_NRRL3_1|9312|NRRL3_09312	NRRL3_09312
jgi|Aspni_NRRL3_1|9313|NRRL3_09313	NRRL3_09313
jgi|Aspni_NRRL3_1|9314|NRRL3_09314	NRRL3_09314
jgi|Aspni_NRRL3_1|9315|NRRL3_09315	NRRL3_09315
jgi|Aspni_NRRL3_1|9316|NRRL3_09316	NRRL3_09316
jgi|Aspni_NRRL3_1|9317|NRRL3_09317	NRRL3_09317
jgi|Aspni_NRRL3_1|9318|NRRL3_09318	NRRL3_09318
jgi|Aspni_NRRL3_1|9319|NRRL3_09319	NRRL3_09319
jgi|Aspni_NRRL3_1|9320|NRRL3_09320	NRRL3_09320
jgi|Aspni_NRRL3_1|9321|NRRL3_09321	NRRL3_09321
jgi|Aspni_NRRL3_1|9322|NRRL3_09322	NRRL3_09322
jgi|Aspni_NRRL3_1|9323|NRRL3_09323	NRRL3_09323
jgi|Aspni_NRRL3_1|9324|NRRL3_09324	NRRL3_09324
jgi|Aspni_NRRL3_1|9325|NRRL3_09325	NRRL3_09325
jgi|Aspni_NRRL3_1|9326|NRRL3_09326	NRRL3_09326
jgi|Aspni_NRRL3_1|9327|NRRL3_09327	NRRL3_09327
jgi|Aspni_NRRL3_1|9328|NRRL3_09328	NRRL3_09328
jgi|Aspni_NRRL3_1|9329|NRRL3_09329	NRRL3_09329
jgi|Aspni_NRRL3_1|9330|NRRL3_09330	NRRL3_09330
jgi|Aspni_NRRL3_1|9331|NRRL3_09331	NRRL3_09331
jgi|Aspni_NRRL3_1|9332|NRRL3_09332	NRRL3_09332
jgi|Aspni_NRRL3_1|9333|NRRL3_09333	NRRL3_09333
jgi|Aspni_NRRL3_1|9334|NRRL3_09334	NRRL3_09334
jgi|Aspni_NRRL3_1|9335|NRRL3_09335	NRRL3_09335
jgi|Aspni_NRRL3_1|9336|NRRL3_09336	NRRL3_09336
jgi|Aspni_NRRL3_1|9337|NRRL3_09337	NRRL3_09337
jgi|Aspni_NRRL3_1|9338|NRRL3_09338	NRRL3_09338
jgi|Aspni_NRRL3_1|9339|NRRL3_09339	NRRL3_09339
jgi|Aspni_NRRL3_1|9340|NRRL3_09340	NRRL3_09340
jgi|Aspni_NRRL3_1|9341|NRRL3_09341	NRRL3_09341
jgi|Aspni_NRRL3_1|9342|NRRL3_09342	NRRL3_09342
jgi|Aspni_NRRL3_1|9343|NRRL3_09343	NRRL3_09343
jgi|Aspni_NRRL3_1|9344|NRRL3_09344	NRRL3_09344
jgi|Aspni_NRRL3_1|9345|NRRL3_09345	NRRL3_09345
jgi|Aspni_NRRL3_1|9346|NRRL3_09346	NRRL3_09346
jgi|Aspni_NRRL3_1|9347|NRRL3_09347	NRRL3_09347
jgi|Aspni_NRRL3_1|9348|NRRL3_09348	NRRL3_09348
jgi|Aspni_NRRL3_1|9349|NRRL3_09349	NRRL3_09349
jgi|Aspni_NRRL3_1|9350|NRRL3_09350	NRRL3_09350
jgi|Aspni_NRRL3_1|9351|NRRL3_09351	NRRL3_09351
jgi|Aspni_NRRL3_1|9352|NRRL3_09352	NRRL3_09352
jgi|Aspni_NRRL3_1|9353|NRRL3_09353	NRRL3_09353
jgi|Aspni_NRRL3_1|9354|NRRL3_09354	NRRL3_09354
jgi|Aspni_NRRL3_1|9355|NRRL3_09355	NRRL3_09355
jgi|Aspni_NRRL3_1|9356|NRRL3_09356	NRRL3_09356
jgi|Aspni_NRRL3_1|9357|NRRL3_09357	NRRL3_09357
jgi|Aspni_NRRL3_1|9358|NRRL3_09358	NRRL3_09358
jgi|Aspni_NRRL3_1|9359|NRRL3_09359	NRRL3_09359
jgi|Aspni_NRRL3_1|9360|NRRL3_09360	NRRL3_09360
jgi|Aspni_NRRL3_1|9361|NRRL3_09361	NRRL3_09361
jgi|Aspni_NRRL3_1|9362|NRRL3_09362	NRRL3_09362
jgi|Aspni_NRRL3_1|9363|NRRL3_09363	NRRL3_09363
jgi|Aspni_NRRL3_1|9364|NRRL3_09364	NRRL3_09364
jgi|Aspni_NRRL3_1|9365|NRRL3_09365	NRRL3_09365
jgi|Aspni_NRRL3_1|9366|NRRL3_09366	NRRL3_09366
jgi|Aspni_NRRL3_1|9367|NRRL3_09367	NRRL3_09367
jgi|Aspni_NRRL3_1|9368|NRRL3_09368	NRRL3_09368
jgi|Aspni_NRRL3_1|9369|NRRL3_09369	NRRL3_09369
jgi|Aspni_NRRL3_1|9370|NRRL3_09370	NRRL3_09370
jgi|Aspni_NRRL3_1|9371|NRRL3_09371	NRRL3_09371
jgi|Aspni_NRRL3_1|9372|NRRL3_09372	NRRL3_09372
jgi|Aspni_NRRL3_1|9373|NRRL3_09373	NRRL3_09373
jgi|Aspni_NRRL3_1|9374|NRRL3_09374	NRRL3_09374
jgi|Aspni_NRRL3_1|9375|NRRL3_09375	NRRL3_09375
jgi|Aspni_NRRL3_1|9376|NRRL3_09376	NRRL3_09376
jgi|Aspni_NRRL3_1|9377|NRRL3_09377	NRRL3_09377
jgi|Aspni_NRRL3_1|9378|NRRL3_09378	NRRL3_09378
jgi|Aspni_NRRL3_1|9379|NRRL3_09379	NRRL3_09379
jgi|Aspni_NRRL3_1|9380|NRRL3_09380	NRRL3_09380
jgi|Aspni_NRRL3_1|9381|NRRL3_09381	NRRL3_09381
jgi|Aspni_NRRL3_1|9382|NRRL3_09382	NRRL3_09382
jgi|Aspni_NRRL3_1|9383|NRRL3_09383	NRRL3_09383
jgi|Aspni_NRRL3_1|9384|NRRL3_09384	NRRL3_09384
jgi|Aspni_NRRL3_1|9385|NRRL3_09385	NRRL3_09385
jgi|Aspni_NRRL3_1|9386|NRRL3_09386	NRRL3_09386
jgi|Aspni_NRRL3_1|9387|NRRL3_09387	NRRL3_09387
jgi|Aspni_NRRL3_1|9388|NRRL3_09388	NRRL3_09388
jgi|Aspni_NRRL3_1|9389|NRRL3_09389	NRRL3_09389
jgi|Aspni_NRRL3_1|9390|NRRL3_09390	NRRL3_09390
jgi|Aspni_NRRL3_1|9391|NRRL3_09391	NRRL3_09391
jgi|Aspni_NRRL3_1|9392|NRRL3_09392	NRRL3_09392
jgi|Aspni_NRRL3_1|9393|NRRL3_09393	NRRL3_09393
jgi|Aspni_NRRL3_1|9394|NRRL3_09394	NRRL3_09394
jgi|Aspni_NRRL3_1|9395|NRRL3_09395	NRRL3_09395
jgi|Aspni_NRRL3_1|9396|NRRL3_09396	NRRL3_09396
jgi|Aspni_NRRL3_1|9397|NRRL3_09397	NRRL3_09397
jgi|Aspni_NRRL3_1|9398|NRRL3_09398	NRRL3_09398
jgi|Aspni_NRRL3_1|9399|NRRL3_09399	NRRL3_09399
jgi|Aspni_NRRL3_1|9400|NRRL3_09400	NRRL3_09400
jgi|Aspni_NRRL3_1|9401|NRRL3_09401	NRRL3_09401
jgi|Aspni_NRRL3_1|9402|NRRL3_09402	NRRL3_09402
jgi|Aspni_NRRL3_1|9403|NRRL3_09403	NRRL3_09403
jgi|Aspni_NRRL3_1|9404|NRRL3_09404	NRRL3_09404
jgi|Aspni_NRRL3_1|9405|NRRL3_09405	NRRL3_09405
jgi|Aspni_NRRL3_1|9406|NRRL3_09406	NRRL3_09406
jgi|Aspni_NRRL3_1|9407|NRRL3_09407	NRRL3_09407
jgi|Aspni_NRRL3_1|9408|NRRL3_09408	NRRL3_09408
jgi|Aspni_NRRL3_1|9409|NRRL3_09409	NRRL3_09409
jgi|Aspni_NRRL3_1|9410|NRRL3_09410	NRRL3_09410
jgi|Aspni_NRRL3_1|9411|NRRL3_09411	NRRL3_09411
jgi|Aspni_NRRL3_1|9412|NRRL3_09412	NRRL3_09412
jgi|Aspni_NRRL3_1|9413|NRRL3_09413	NRRL3_09413
jgi|Aspni_NRRL3_1|9414|NRRL3_09414	NRRL3_09414
jgi|Aspni_NRRL3_1|9415|NRRL3_09415	NRRL3_09415
jgi|Aspni_NRRL3_1|9416|NRRL3_09416	NRRL3_09416
jgi|Aspni_NRRL3_1|9417|NRRL3_09417	NRRL3_09417
jgi|Aspni_NRRL3_1|9418|NRRL3_09418	NRRL3_09418
jgi|Aspni_NRRL3_1|9419|NRRL3_09419	NRRL3_09419
jgi|Aspni_NRRL3_1|9420|NRRL3_09420	NRRL3_09420
jgi|Aspni_NRRL3_1|9421|NRRL3_09421	NRRL3_09421
jgi|Aspni_NRRL3_1|9422|NRRL3_09422	NRRL3_09422
jgi|Aspni_NRRL3_1|9423|NRRL3_09423	NRRL3_09423
jgi|Aspni_NRRL3_1|9424|NRRL3_09424	NRRL3_09424
jgi|Aspni_NRRL3_1|9425|NRRL3_09425	NRRL3_09425
jgi|Aspni_NRRL3_1|9426|NRRL3_09426	NRRL3_09426
jgi|Aspni_NRRL3_1|9427|NRRL3_09427	NRRL3_09427
jgi|Aspni_NRRL3_1|9428|NRRL3_09428	NRRL3_09428
jgi|Aspni_NRRL3_1|9429|NRRL3_09429	NRRL3_09429
jgi|Aspni_NRRL3_1|9430|NRRL3_09430	NRRL3_09430
jgi|Aspni_NRRL3_1|9431|NRRL3_09431	NRRL3_09431
jgi|Aspni_NRRL3_1|9432|NRRL3_09432	NRRL3_09432
jgi|Aspni_NRRL3_1|9433|NRRL3_09433	NRRL3_09433
jgi|Aspni_NRRL3_1|9434|NRRL3_09434	NRRL3_09434
jgi|Aspni_NRRL3_1|9435|NRRL3_09435	NRRL3_09435
jgi|Aspni_NRRL3_1|9436|NRRL3_09436	NRRL3_09436
jgi|Aspni_NRRL3_1|9437|NRRL3_09437	NRRL3_09437
jgi|Aspni_NRRL3_1|9438|NRRL3_09438	NRRL3_09438
jgi|Aspni_NRRL3_1|9439|NRRL3_09439	NRRL3_09439
jgi|Aspni_NRRL3_1|9440|NRRL3_09440	NRRL3_09440
jgi|Aspni_NRRL3_1|9441|NRRL3_09441	NRRL3_09441
jgi|Aspni_NRRL3_1|9442|NRRL3_09442	NRRL3_09442
jgi|Aspni_NRRL3_1|9443|NRRL3_09443	NRRL3_09443
jgi|Aspni_NRRL3_1|9444|NRRL3_09444	NRRL3_09444
jgi|Aspni_NRRL3_1|9445|NRRL3_09445	NRRL3_09445
jgi|Aspni_NRRL3_1|9446|NRRL3_09446	NRRL3_09446
jgi|Aspni_NRRL3_1|9447|NRRL3_09447	NRRL3_09447
jgi|Aspni_NRRL3_1|9448|NRRL3_09448	NRRL3_09448
jgi|Aspni_NRRL3_1|9449|NRRL3_09449	NRRL3_09449
jgi|Aspni_NRRL3_1|9450|NRRL3_09450	NRRL3_09450
jgi|Aspni_NRRL3_1|9451|NRRL3_09451	NRRL3_09451
jgi|Aspni_NRRL3_1|9452|NRRL3_09452	NRRL3_09452
jgi|Aspni_NRRL3_1|9453|NRRL3_09453	NRRL3_09453
jgi|Aspni_NRRL3_1|9454|NRRL3_09454	NRRL3_09454
jgi|Aspni_NRRL3_1|9455|NRRL3_09455	NRRL3_09455
jgi|Aspni_NRRL3_1|9456|NRRL3_09456	NRRL3_09456
jgi|Aspni_NRRL3_1|9457|NRRL3_09457	NRRL3_09457
jgi|Aspni_NRRL3_1|9458|NRRL3_09458	NRRL3_09458
jgi|Aspni_NRRL3_1|9459|NRRL3_09459	NRRL3_09459
jgi|Aspni_NRRL3_1|9460|NRRL3_09460	NRRL3_09460
jgi|Aspni_NRRL3_1|9461|NRRL3_09461	NRRL3_09461
jgi|Aspni_NRRL3_1|9462|NRRL3_09462	NRRL3_09462
jgi|Aspni_NRRL3_1|9463|NRRL3_09463	NRRL3_09463
jgi|Aspni_NRRL3_1|9464|NRRL3_09464	NRRL3_09464
jgi|Aspni_NRRL3_1|9465|NRRL3_09465	NRRL3_09465
jgi|Aspni_NRRL3_1|9466|NRRL3_09466	NRRL3_09466
jgi|Aspni_NRRL3_1|9467|NRRL3_09467	NRRL3_09467
jgi|Aspni_NRRL3_1|9468|NRRL3_09468	NRRL3_09468
jgi|Aspni_NRRL3_1|9469|NRRL3_09469	NRRL3_09469
jgi|Aspni_NRRL3_1|9470|NRRL3_09470	NRRL3_09470
jgi|Aspni_NRRL3_1|9471|NRRL3_09471	NRRL3_09471
jgi|Aspni_NRRL3_1|9472|NRRL3_09472	NRRL3_09472
jgi|Aspni_NRRL3_1|9473|NRRL3_09473	NRRL3_09473
jgi|Aspni_NRRL3_1|9474|NRRL3_09474	NRRL3_09474
jgi|Aspni_NRRL3_1|9475|NRRL3_09475	NRRL3_09475
jgi|Aspni_NRRL3_1|9476|NRRL3_09476	NRRL3_09476
jgi|Aspni_NRRL3_1|9477|NRRL3_09477	NRRL3_09477
jgi|Aspni_NRRL3_1|9478|NRRL3_09478	NRRL3_09478
jgi|Aspni_NRRL3_1|9479|NRRL3_09479	NRRL3_09479
jgi|Aspni_NRRL3_1|9480|NRRL3_09480	NRRL3_09480
jgi|Aspni_NRRL3_1|9481|NRRL3_09481	NRRL3_09481
jgi|Aspni_NRRL3_1|9482|NRRL3_09482	NRRL3_09482
jgi|Aspni_NRRL3_1|9483|NRRL3_09483	NRRL3_09483
jgi|Aspni_NRRL3_1|9484|NRRL3_09484	NRRL3_09484
jgi|Aspni_NRRL3_1|9485|NRRL3_09485	NRRL3_09485
jgi|Aspni_NRRL3_1|9486|NRRL3_09486	NRRL3_09486
jgi|Aspni_NRRL3_1|9487|NRRL3_09487	NRRL3_09487
jgi|Aspni_NRRL3_1|9488|NRRL3_09488	NRRL3_09488
jgi|Aspni_NRRL3_1|9489|NRRL3_09489	NRRL3_09489
jgi|Aspni_NRRL3_1|9490|NRRL3_09490	NRRL3_09490
jgi|Aspni_NRRL3_1|9491|NRRL3_09491	NRRL3_09491
jgi|Aspni_NRRL3_1|9492|NRRL3_09492	NRRL3_09492
jgi|Aspni_NRRL3_1|9493|NRRL3_09493	NRRL3_09493
jgi|Aspni_NRRL3_1|9494|NRRL3_09494	NRRL3_09494
jgi|Aspni_NRRL3_1|9495|NRRL3_09495	NRRL3_09495
jgi|Aspni_NRRL3_1|9496|NRRL3_09496	NRRL3_09496
jgi|Aspni_NRRL3_1|9497|NRRL3_09497	NRRL3_09497
jgi|Aspni_NRRL3_1|9498|NRRL3_09498	NRRL3_09498
jgi|Aspni_NRRL3_1|9499|NRRL3_09499	NRRL3_09499
jgi|Aspni_NRRL3_1|9500|NRRL3_09500	NRRL3_09500
jgi|Aspni_NRRL3_1|9501|NRRL3_09501	NRRL3_09501
jgi|Aspni_NRRL3_1|9502|NRRL3_09502	NRRL3_09502
jgi|Aspni_NRRL3_1|9503|NRRL3_09503	NRRL3_09503
jgi|Aspni_NRRL3_1|9504|NRRL3_09504	NRRL3_09504
jgi|Aspni_NRRL3_1|9505|NRRL3_09505	NRRL3_09505
jgi|Aspni_NRRL3_1|9506|NRRL3_09506	NRRL3_09506
jgi|Aspni_NRRL3_1|9507|NRRL3_09507	NRRL3_09507
jgi|Aspni_NRRL3_1|9508|NRRL3_09508	NRRL3_09508
jgi|Aspni_NRRL3_1|9509|NRRL3_09509	NRRL3_09509
jgi|Aspni_NRRL3_1|9510|NRRL3_09510	NRRL3_09510
jgi|Aspni_NRRL3_1|9511|NRRL3_09511	NRRL3_09511
jgi|Aspni_NRRL3_1|9512|NRRL3_09512	NRRL3_09512
jgi|Aspni_NRRL3_1|9513|NRRL3_09513	NRRL3_09513
jgi|Aspni_NRRL3_1|9514|NRRL3_09514	NRRL3_09514
jgi|Aspni_NRRL3_1|9515|NRRL3_09515	NRRL3_09515
jgi|Aspni_NRRL3_1|9516|NRRL3_09516	NRRL3_09516
jgi|Aspni_NRRL3_1|9517|NRRL3_09517	NRRL3_09517
jgi|Aspni_NRRL3_1|9518|NRRL3_09518	NRRL3_09518
jgi|Aspni_NRRL3_1|9519|NRRL3_09519	NRRL3_09519
jgi|Aspni_NRRL3_1|9520|NRRL3_09520	NRRL3_09520
jgi|Aspni_NRRL3_1|9521|NRRL3_09521	NRRL3_09521
jgi|Aspni_NRRL3_1|9522|NRRL3_09522	NRRL3_09522
jgi|Aspni_NRRL3_1|9523|NRRL3_09523	NRRL3_09523
jgi|Aspni_NRRL3_1|9524|NRRL3_09524	NRRL3_09524
jgi|Aspni_NRRL3_1|9525|NRRL3_09525	NRRL3_09525
jgi|Aspni_NRRL3_1|9526|NRRL3_09526	NRRL3_09526
jgi|Aspni_NRRL3_1|9527|NRRL3_09527	NRRL3_09527
jgi|Aspni_NRRL3_1|9528|NRRL3_09528	NRRL3_09528
jgi|Aspni_NRRL3_1|9529|NRRL3_09529	NRRL3_09529
jgi|Aspni_NRRL3_1|9530|NRRL3_09530	NRRL3_09530
jgi|Aspni_NRRL3_1|9531|NRRL3_09531	NRRL3_09531
jgi|Aspni_NRRL3_1|9532|NRRL3_09532	NRRL3_09532
jgi|Aspni_NRRL3_1|9533|NRRL3_09533	NRRL3_09533
jgi|Aspni_NRRL3_1|9534|NRRL3_09534	NRRL3_09534
jgi|Aspni_NRRL3_1|9535|NRRL3_09535	NRRL3_09535
jgi|Aspni_NRRL3_1|9536|NRRL3_09536	NRRL3_09536
jgi|Aspni_NRRL3_1|9537|NRRL3_09537	NRRL3_09537
jgi|Aspni_NRRL3_1|9538|NRRL3_09538	NRRL3_09538
jgi|Aspni_NRRL3_1|9539|NRRL3_09539	NRRL3_09539
jgi|Aspni_NRRL3_1|9540|NRRL3_09540	NRRL3_09540
jgi|Aspni_NRRL3_1|9541|NRRL3_09541	NRRL3_09541
jgi|Aspni_NRRL3_1|9542|NRRL3_09542	NRRL3_09542
jgi|Aspni_NRRL3_1|9543|NRRL3_09543	NRRL3_09543
jgi|Aspni_NRRL3_1|9544|NRRL3_09544	NRRL3_09544
jgi|Aspni_NRRL3_1|9545|NRRL3_09545	NRRL3_09545
jgi|Aspni_NRRL3_1|9546|NRRL3_09546	NRRL3_09546
jgi|Aspni_NRRL3_1|9547|NRRL3_09547	NRRL3_09547
jgi|Aspni_NRRL3_1|9548|NRRL3_09548	NRRL3_09548
jgi|Aspni_NRRL3_1|9549|NRRL3_09549	NRRL3_09549
jgi|Aspni_NRRL3_1|9550|NRRL3_09550	NRRL3_09550
jgi|Aspni_NRRL3_1|9551|NRRL3_09551	NRRL3_09551
jgi|Aspni_NRRL3_1|9552|NRRL3_09552	NRRL3_09552
jgi|Aspni_NRRL3_1|9553|NRRL3_09553	NRRL3_09553
jgi|Aspni_NRRL3_1|9554|NRRL3_09554	NRRL3_09554
jgi|Aspni_NRRL3_1|9555|NRRL3_09555	NRRL3_09555
jgi|Aspni_NRRL3_1|9556|NRRL3_09556	NRRL3_09556
jgi|Aspni_NRRL3_1|9557|NRRL3_09557	NRRL3_09557
jgi|Aspni_NRRL3_1|9558|NRRL3_09558	NRRL3_09558
jgi|Aspni_NRRL3_1|9559|NRRL3_09559	NRRL3_09559
jgi|Aspni_NRRL3_1|9560|NRRL3_09560	NRRL3_09560
jgi|Aspni_NRRL3_1|9561|NRRL3_09561	NRRL3_09561
jgi|Aspni_NRRL3_1|9562|NRRL3_09562	NRRL3_09562
jgi|Aspni_NRRL3_1|9563|NRRL3_09563	NRRL3_09563
jgi|Aspni_NRRL3_1|9564|NRRL3_09564	NRRL3_09564
jgi|Aspni_NRRL3_1|9565|NRRL3_09565	NRRL3_09565
jgi|Aspni_NRRL3_1|9566|NRRL3_09566	NRRL3_09566
jgi|Aspni_NRRL3_1|9567|NRRL3_09567	NRRL3_09567
jgi|Aspni_NRRL3_1|9568|NRRL3_09568	NRRL3_09568
jgi|Aspni_NRRL3_1|9569|NRRL3_09569	NRRL3_09569
jgi|Aspni_NRRL3_1|9570|NRRL3_09570	NRRL3_09570
jgi|Aspni_NRRL3_1|9571|NRRL3_09571	NRRL3_09571
jgi|Aspni_NRRL3_1|9572|NRRL3_09572	NRRL3_09572
jgi|Aspni_NRRL3_1|9573|NRRL3_09573	NRRL3_09573
jgi|Aspni_NRRL3_1|9574|NRRL3_09574	NRRL3_09574
jgi|Aspni_NRRL3_1|9575|NRRL3_09575	NRRL3_09575
jgi|Aspni_NRRL3_1|9576|NRRL3_09576	NRRL3_09576
jgi|Aspni_NRRL3_1|9577|NRRL3_09577	NRRL3_09577
jgi|Aspni_NRRL3_1|9578|NRRL3_09578	NRRL3_09578
jgi|Aspni_NRRL3_1|9579|NRRL3_09579	NRRL3_09579
jgi|Aspni_NRRL3_1|9580|NRRL3_09580	NRRL3_09580
jgi|Aspni_NRRL3_1|9581|NRRL3_09581	NRRL3_09581
jgi|Aspni_NRRL3_1|9582|NRRL3_09582	NRRL3_09582
jgi|Aspni_NRRL3_1|9583|NRRL3_09583	NRRL3_09583
jgi|Aspni_NRRL3_1|9584|NRRL3_09584	NRRL3_09584
jgi|Aspni_NRRL3_1|9585|NRRL3_09585	NRRL3_09585
jgi|Aspni_NRRL3_1|9586|NRRL3_09586	NRRL3_09586
jgi|Aspni_NRRL3_1|9587|NRRL3_09587	NRRL3_09587
jgi|Aspni_NRRL3_1|9588|NRRL3_09588	NRRL3_09588
jgi|Aspni_NRRL3_1|9589|NRRL3_09589	NRRL3_09589
jgi|Aspni_NRRL3_1|9590|NRRL3_09590	NRRL3_09590
jgi|Aspni_NRRL3_1|9591|NRRL3_09591	NRRL3_09591
jgi|Aspni_NRRL3_1|9592|NRRL3_09592	NRRL3_09592
jgi|Aspni_NRRL3_1|9593|NRRL3_09593	NRRL3_09593
jgi|Aspni_NRRL3_1|9594|NRRL3_09594	NRRL3_09594
jgi|Aspni_NRRL3_1|9595|NRRL3_09595	NRRL3_09595
jgi|Aspni_NRRL3_1|9596|NRRL3_09596	NRRL3_09596
jgi|Aspni_NRRL3_1|9597|NRRL3_09597	NRRL3_09597
jgi|Aspni_NRRL3_1|9598|NRRL3_09598	NRRL3_09598
jgi|Aspni_NRRL3_1|9599|NRRL3_09599	NRRL3_09599
jgi|Aspni_NRRL3_1|9600|NRRL3_09600	NRRL3_09600
jgi|Aspni_NRRL3_1|9601|NRRL3_09601	NRRL3_09601
jgi|Aspni_NRRL3_1|9602|NRRL3_09602	NRRL3_09602
jgi|Aspni_NRRL3_1|9603|NRRL3_09603	NRRL3_09603
jgi|Aspni_NRRL3_1|9604|NRRL3_09604	NRRL3_09604
jgi|Aspni_NRRL3_1|9605|NRRL3_09605	NRRL3_09605
jgi|Aspni_NRRL3_1|9606|NRRL3_09606	NRRL3_09606
jgi|Aspni_NRRL3_1|9607|NRRL3_09607	NRRL3_09607
jgi|Aspni_NRRL3_1|9608|NRRL3_09608	NRRL3_09608
jgi|Aspni_NRRL3_1|9609|NRRL3_09609	NRRL3_09609
jgi|Aspni_NRRL3_1|9610|NRRL3_09610	NRRL3_09610
jgi|Aspni_NRRL3_1|9611|NRRL3_09611	NRRL3_09611
jgi|Aspni_NRRL3_1|9612|NRRL3_09612	NRRL3_09612
jgi|Aspni_NRRL3_1|9613|NRRL3_09613	NRRL3_09613
jgi|Aspni_NRRL3_1|9614|NRRL3_09614	NRRL3_09614
jgi|Aspni_NRRL3_1|9615|NRRL3_09615	NRRL3_09615
jgi|Aspni_NRRL3_1|9616|NRRL3_09616	NRRL3_09616
jgi|Aspni_NRRL3_1|9617|NRRL3_09617	NRRL3_09617
jgi|Aspni_NRRL3_1|9618|NRRL3_09618	NRRL3_09618
jgi|Aspni_NRRL3_1|9619|NRRL3_09619	NRRL3_09619
jgi|Aspni_NRRL3_1|9620|NRRL3_09620	NRRL3_09620
jgi|Aspni_NRRL3_1|9621|NRRL3_09621	NRRL3_09621
jgi|Aspni_NRRL3_1|9622|NRRL3_09622	NRRL3_09622
jgi|Aspni_NRRL3_1|9623|NRRL3_09623	NRRL3_09623
jgi|Aspni_NRRL3_1|9624|NRRL3_09624	NRRL3_09624
jgi|Aspni_NRRL3_1|9625|NRRL3_09625	NRRL3_09625
jgi|Aspni_NRRL3_1|9626|NRRL3_09626	NRRL3_09626
jgi|Aspni_NRRL3_1|9627|NRRL3_09627	NRRL3_09627
jgi|Aspni_NRRL3_1|9628|NRRL3_09628	NRRL3_09628
jgi|Aspni_NRRL3_1|9629|NRRL3_09629	NRRL3_09629
jgi|Aspni_NRRL3_1|9630|NRRL3_09630	NRRL3_09630
jgi|Aspni_NRRL3_1|9631|NRRL3_09631	NRRL3_09631
jgi|Aspni_NRRL3_1|9632|NRRL3_09632	NRRL3_09632
jgi|Aspni_NRRL3_1|9633|NRRL3_09633	NRRL3_09633
jgi|Aspni_NRRL3_1|9634|NRRL3_09634	NRRL3_09634
jgi|Aspni_NRRL3_1|9635|NRRL3_09635	NRRL3_09635
jgi|Aspni_NRRL3_1|9636|NRRL3_09636	NRRL3_09636
jgi|Aspni_NRRL3_1|9637|NRRL3_09637	NRRL3_09637
jgi|Aspni_NRRL3_1|9638|NRRL3_09638	NRRL3_09638
jgi|Aspni_NRRL3_1|9639|NRRL3_09639	NRRL3_09639
jgi|Aspni_NRRL3_1|9640|NRRL3_09640	NRRL3_09640
jgi|Aspni_NRRL3_1|9641|NRRL3_09641	NRRL3_09641
jgi|Aspni_NRRL3_1|9642|NRRL3_09642	NRRL3_09642
jgi|Aspni_NRRL3_1|9643|NRRL3_09643	NRRL3_09643
jgi|Aspni_NRRL3_1|9644|NRRL3_09644	NRRL3_09644
jgi|Aspni_NRRL3_1|9645|NRRL3_09645	NRRL3_09645
jgi|Aspni_NRRL3_1|9646|NRRL3_09646	NRRL3_09646
jgi|Aspni_NRRL3_1|9647|NRRL3_09647	NRRL3_09647
jgi|Aspni_NRRL3_1|9648|NRRL3_09648	NRRL3_09648
jgi|Aspni_NRRL3_1|9649|NRRL3_09649	NRRL3_09649
jgi|Aspni_NRRL3_1|9650|NRRL3_09650	NRRL3_09650
jgi|Aspni_NRRL3_1|9651|NRRL3_09651	NRRL3_09651
jgi|Aspni_NRRL3_1|9652|NRRL3_09652	NRRL3_09652
jgi|Aspni_NRRL3_1|9653|NRRL3_09653	NRRL3_09653
jgi|Aspni_NRRL3_1|9654|NRRL3_09654	NRRL3_09654
jgi|Aspni_NRRL3_1|9655|NRRL3_09655	NRRL3_09655
jgi|Aspni_NRRL3_1|9656|NRRL3_09656	NRRL3_09656
jgi|Aspni_NRRL3_1|9657|NRRL3_09657	NRRL3_09657
jgi|Aspni_NRRL3_1|9658|NRRL3_09658	NRRL3_09658
jgi|Aspni_NRRL3_1|9659|NRRL3_09659	NRRL3_09659
jgi|Aspni_NRRL3_1|9660|NRRL3_09660	NRRL3_09660
jgi|Aspni_NRRL3_1|9661|NRRL3_09661	NRRL3_09661
jgi|Aspni_NRRL3_1|9662|NRRL3_09662	NRRL3_09662
jgi|Aspni_NRRL3_1|9663|NRRL3_09663	NRRL3_09663
jgi|Aspni_NRRL3_1|9664|NRRL3_09664	NRRL3_09664
jgi|Aspni_NRRL3_1|9665|NRRL3_09665	NRRL3_09665
jgi|Aspni_NRRL3_1|9666|NRRL3_09666	NRRL3_09666
jgi|Aspni_NRRL3_1|9667|NRRL3_09667	NRRL3_09667
jgi|Aspni_NRRL3_1|9668|NRRL3_09668	NRRL3_09668
jgi|Aspni_NRRL3_1|9669|NRRL3_09669	NRRL3_09669
jgi|Aspni_NRRL3_1|9670|NRRL3_09670	NRRL3_09670
jgi|Aspni_NRRL3_1|9671|NRRL3_09671	NRRL3_09671
jgi|Aspni_NRRL3_1|9672|NRRL3_09672	NRRL3_09672
jgi|Aspni_NRRL3_1|9673|NRRL3_09673	NRRL3_09673
jgi|Aspni_NRRL3_1|9674|NRRL3_09674	NRRL3_09674
jgi|Aspni_NRRL3_1|9675|NRRL3_09675	NRRL3_09675
jgi|Aspni_NRRL3_1|9676|NRRL3_09676	NRRL3_09676
jgi|Aspni_NRRL3_1|9677|NRRL3_09677	NRRL3_09677
jgi|Aspni_NRRL3_1|9678|NRRL3_09678	NRRL3_09678
jgi|Aspni_NRRL3_1|9679|NRRL3_09679	NRRL3_09679
jgi|Aspni_NRRL3_1|9680|NRRL3_09680	NRRL3_09680
jgi|Aspni_NRRL3_1|9681|NRRL3_09681	NRRL3_09681
jgi|Aspni_NRRL3_1|9682|NRRL3_09682	NRRL3_09682
jgi|Aspni_NRRL3_1|9683|NRRL3_09683	NRRL3_09683
jgi|Aspni_NRRL3_1|9684|NRRL3_09684	NRRL3_09684
jgi|Aspni_NRRL3_1|9685|NRRL3_09685	NRRL3_09685
jgi|Aspni_NRRL3_1|9686|NRRL3_09686	NRRL3_09686
jgi|Aspni_NRRL3_1|9687|NRRL3_09687	NRRL3_09687
jgi|Aspni_NRRL3_1|9688|NRRL3_09688	NRRL3_09688
jgi|Aspni_NRRL3_1|9689|NRRL3_09689	NRRL3_09689
jgi|Aspni_NRRL3_1|9690|NRRL3_09690	NRRL3_09690
jgi|Aspni_NRRL3_1|9691|NRRL3_09691	NRRL3_09691
jgi|Aspni_NRRL3_1|9692|NRRL3_09692	NRRL3_09692
jgi|Aspni_NRRL3_1|9693|NRRL3_09693	NRRL3_09693
jgi|Aspni_NRRL3_1|9694|NRRL3_09694	NRRL3_09694
jgi|Aspni_NRRL3_1|9695|NRRL3_09695	NRRL3_09695
jgi|Aspni_NRRL3_1|9696|NRRL3_09696	NRRL3_09696
jgi|Aspni_NRRL3_1|9697|NRRL3_09697	NRRL3_09697
jgi|Aspni_NRRL3_1|9698|NRRL3_09698	NRRL3_09698
jgi|Aspni_NRRL3_1|9699|NRRL3_09699	NRRL3_09699
jgi|Aspni_NRRL3_1|9700|NRRL3_09700	NRRL3_09700
jgi|Aspni_NRRL3_1|9701|NRRL3_09701	NRRL3_09701
jgi|Aspni_NRRL3_1|9702|NRRL3_09702	NRRL3_09702
jgi|Aspni_NRRL3_1|9703|NRRL3_09703	NRRL3_09703
jgi|Aspni_NRRL3_1|9704|NRRL3_09704	NRRL3_09704
jgi|Aspni_NRRL3_1|9705|NRRL3_09705	NRRL3_09705
jgi|Aspni_NRRL3_1|9706|NRRL3_09706	NRRL3_09706
jgi|Aspni_NRRL3_1|9707|NRRL3_09707	NRRL3_09707
jgi|Aspni_NRRL3_1|9708|NRRL3_09708	NRRL3_09708
jgi|Aspni_NRRL3_1|9709|NRRL3_09709	NRRL3_09709
jgi|Aspni_NRRL3_1|9710|NRRL3_09710	NRRL3_09710
jgi|Aspni_NRRL3_1|9711|NRRL3_09711	NRRL3_09711
jgi|Aspni_NRRL3_1|9712|NRRL3_09712	NRRL3_09712
jgi|Aspni_NRRL3_1|9713|NRRL3_09713	NRRL3_09713
jgi|Aspni_NRRL3_1|9714|NRRL3_09714	NRRL3_09714
jgi|Aspni_NRRL3_1|9715|NRRL3_09715	NRRL3_09715
jgi|Aspni_NRRL3_1|9716|NRRL3_09716	NRRL3_09716
jgi|Aspni_NRRL3_1|9717|NRRL3_09717	NRRL3_09717
jgi|Aspni_NRRL3_1|9718|NRRL3_09718	NRRL3_09718
jgi|Aspni_NRRL3_1|9719|NRRL3_09719	NRRL3_09719
jgi|Aspni_NRRL3_1|9720|NRRL3_09720	NRRL3_09720
jgi|Aspni_NRRL3_1|9721|NRRL3_09721	NRRL3_09721
jgi|Aspni_NRRL3_1|9722|NRRL3_09722	NRRL3_09722
jgi|Aspni_NRRL3_1|9723|NRRL3_09723	NRRL3_09723
jgi|Aspni_NRRL3_1|9724|NRRL3_09724	NRRL3_09724
jgi|Aspni_NRRL3_1|9725|NRRL3_09725	NRRL3_09725
jgi|Aspni_NRRL3_1|9726|NRRL3_09726	NRRL3_09726
jgi|Aspni_NRRL3_1|9727|NRRL3_09727	NRRL3_09727
jgi|Aspni_NRRL3_1|9728|NRRL3_09728	NRRL3_09728
jgi|Aspni_NRRL3_1|9729|NRRL3_09729	NRRL3_09729
jgi|Aspni_NRRL3_1|9730|NRRL3_09730	NRRL3_09730
jgi|Aspni_NRRL3_1|9731|NRRL3_09731	NRRL3_09731
jgi|Aspni_NRRL3_1|9732|NRRL3_09732	NRRL3_09732
jgi|Aspni_NRRL3_1|9733|NRRL3_09733	NRRL3_09733
jgi|Aspni_NRRL3_1|9734|NRRL3_09734	NRRL3_09734
jgi|Aspni_NRRL3_1|9735|NRRL3_09735	NRRL3_09735
jgi|Aspni_NRRL3_1|9736|NRRL3_09736	NRRL3_09736
jgi|Aspni_NRRL3_1|9737|NRRL3_09737	NRRL3_09737
jgi|Aspni_NRRL3_1|9738|NRRL3_09738	NRRL3_09738
jgi|Aspni_NRRL3_1|9739|NRRL3_09739	NRRL3_09739
jgi|Aspni_NRRL3_1|9740|NRRL3_09740	NRRL3_09740
jgi|Aspni_NRRL3_1|9741|NRRL3_09741	NRRL3_09741
jgi|Aspni_NRRL3_1|9742|NRRL3_09742	NRRL3_09742
jgi|Aspni_NRRL3_1|9743|NRRL3_09743	NRRL3_09743
jgi|Aspni_NRRL3_1|9744|NRRL3_09744	NRRL3_09744
jgi|Aspni_NRRL3_1|9745|NRRL3_09745	NRRL3_09745
jgi|Aspni_NRRL3_1|9746|NRRL3_09746	NRRL3_09746
jgi|Aspni_NRRL3_1|9747|NRRL3_09747	NRRL3_09747
jgi|Aspni_NRRL3_1|9748|NRRL3_09748	NRRL3_09748
jgi|Aspni_NRRL3_1|9749|NRRL3_09749	NRRL3_09749
jgi|Aspni_NRRL3_1|9750|NRRL3_09750	NRRL3_09750
jgi|Aspni_NRRL3_1|9751|NRRL3_09751	NRRL3_09751
jgi|Aspni_NRRL3_1|9752|NRRL3_09752	NRRL3_09752
jgi|Aspni_NRRL3_1|9753|NRRL3_09753	NRRL3_09753
jgi|Aspni_NRRL3_1|9754|NRRL3_09754	NRRL3_09754
jgi|Aspni_NRRL3_1|9755|NRRL3_09755	NRRL3_09755
jgi|Aspni_NRRL3_1|9756|NRRL3_09756	NRRL3_09756
jgi|Aspni_NRRL3_1|9757|NRRL3_09757	NRRL3_09757
jgi|Aspni_NRRL3_1|9758|NRRL3_09758	NRRL3_09758
jgi|Aspni_NRRL3_1|9759|NRRL3_09759	NRRL3_09759
jgi|Aspni_NRRL3_1|9760|NRRL3_09760	NRRL3_09760
jgi|Aspni_NRRL3_1|9761|NRRL3_09761	NRRL3_09761
jgi|Aspni_NRRL3_1|9762|NRRL3_09762	NRRL3_09762
jgi|Aspni_NRRL3_1|9763|NRRL3_09763	NRRL3_09763
jgi|Aspni_NRRL3_1|9764|NRRL3_09764	NRRL3_09764
jgi|Aspni_NRRL3_1|9765|NRRL3_09765	NRRL3_09765
jgi|Aspni_NRRL3_1|9766|NRRL3_09766	NRRL3_09766
jgi|Aspni_NRRL3_1|9767|NRRL3_09767	NRRL3_09767
jgi|Aspni_NRRL3_1|9768|NRRL3_09768	NRRL3_09768
jgi|Aspni_NRRL3_1|9769|NRRL3_09769	NRRL3_09769
jgi|Aspni_NRRL3_1|9770|NRRL3_09770	NRRL3_09770
jgi|Aspni_NRRL3_1|9771|NRRL3_09771	NRRL3_09771
jgi|Aspni_NRRL3_1|9772|NRRL3_09772	NRRL3_09772
jgi|Aspni_NRRL3_1|9773|NRRL3_09773	NRRL3_09773
jgi|Aspni_NRRL3_1|9774|NRRL3_09774	NRRL3_09774
jgi|Aspni_NRRL3_1|9775|NRRL3_09775	NRRL3_09775
jgi|Aspni_NRRL3_1|9776|NRRL3_09776	NRRL3_09776
jgi|Aspni_NRRL3_1|9777|NRRL3_09777	NRRL3_09777
jgi|Aspni_NRRL3_1|9778|NRRL3_09778	NRRL3_09778
jgi|Aspni_NRRL3_1|9779|NRRL3_09779	NRRL3_09779
jgi|Aspni_NRRL3_1|9780|NRRL3_09780	NRRL3_09780
jgi|Aspni_NRRL3_1|9781|NRRL3_09781	NRRL3_09781
jgi|Aspni_NRRL3_1|9782|NRRL3_09782	NRRL3_09782
jgi|Aspni_NRRL3_1|9783|NRRL3_09783	NRRL3_09783
jgi|Aspni_NRRL3_1|9784|NRRL3_09784	NRRL3_09784
jgi|Aspni_NRRL3_1|9785|NRRL3_09785	NRRL3_09785
jgi|Aspni_NRRL3_1|9786|NRRL3_09786	NRRL3_09786
jgi|Aspni_NRRL3_1|9787|NRRL3_09787	NRRL3_09787
jgi|Aspni_NRRL3_1|9788|NRRL3_09788	NRRL3_09788
jgi|Aspni_NRRL3_1|9789|NRRL3_09789	NRRL3_09789
jgi|Aspni_NRRL3_1|9790|NRRL3_09790	NRRL3_09790
jgi|Aspni_NRRL3_1|9791|NRRL3_09791	NRRL3_09791
jgi|Aspni_NRRL3_1|9792|NRRL3_09792	NRRL3_09792
jgi|Aspni_NRRL3_1|9793|NRRL3_09793	NRRL3_09793
jgi|Aspni_NRRL3_1|9794|NRRL3_09794	NRRL3_09794
jgi|Aspni_NRRL3_1|9795|NRRL3_09795	NRRL3_09795
jgi|Aspni_NRRL3_1|9796|NRRL3_09796	NRRL3_09796
jgi|Aspni_NRRL3_1|9797|NRRL3_09797	NRRL3_09797
jgi|Aspni_NRRL3_1|9798|NRRL3_09798	NRRL3_09798
jgi|Aspni_NRRL3_1|9799|NRRL3_09799	NRRL3_09799
jgi|Aspni_NRRL3_1|9800|NRRL3_09800	NRRL3_09800
jgi|Aspni_NRRL3_1|9801|NRRL3_09801	NRRL3_09801
jgi|Aspni_NRRL3_1|9802|NRRL3_09802	NRRL3_09802
jgi|Aspni_NRRL3_1|9803|NRRL3_09803	NRRL3_09803
jgi|Aspni_NRRL3_1|9804|NRRL3_09804	NRRL3_09804
jgi|Aspni_NRRL3_1|9805|NRRL3_09805	NRRL3_09805
jgi|Aspni_NRRL3_1|9806|NRRL3_09806	NRRL3_09806
jgi|Aspni_NRRL3_1|9807|NRRL3_09807	NRRL3_09807
jgi|Aspni_NRRL3_1|9808|NRRL3_09808	NRRL3_09808
jgi|Aspni_NRRL3_1|9809|NRRL3_09809	NRRL3_09809
jgi|Aspni_NRRL3_1|9810|NRRL3_09810	NRRL3_09810
jgi|Aspni_NRRL3_1|9811|NRRL3_09811	NRRL3_09811
jgi|Aspni_NRRL3_1|9812|NRRL3_09812	NRRL3_09812
jgi|Aspni_NRRL3_1|9813|NRRL3_09813	NRRL3_09813
jgi|Aspni_NRRL3_1|9814|NRRL3_09814	NRRL3_09814
jgi|Aspni_NRRL3_1|9815|NRRL3_09815	NRRL3_09815
jgi|Aspni_NRRL3_1|9816|NRRL3_09816	NRRL3_09816
jgi|Aspni_NRRL3_1|9817|NRRL3_09817	NRRL3_09817
jgi|Aspni_NRRL3_1|9818|NRRL3_09818	NRRL3_09818
jgi|Aspni_NRRL3_1|9819|NRRL3_09819	NRRL3_09819
jgi|Aspni_NRRL3_1|9820|NRRL3_09820	NRRL3_09820
jgi|Aspni_NRRL3_1|9821|NRRL3_09821	NRRL3_09821
jgi|Aspni_NRRL3_1|9822|NRRL3_09822	NRRL3_09822
jgi|Aspni_NRRL3_1|9823|NRRL3_09823	NRRL3_09823
jgi|Aspni_NRRL3_1|9824|NRRL3_09824	NRRL3_09824
jgi|Aspni_NRRL3_1|9825|NRRL3_09825	NRRL3_09825
jgi|Aspni_NRRL3_1|9826|NRRL3_09826	NRRL3_09826
jgi|Aspni_NRRL3_1|9827|NRRL3_09827	NRRL3_09827
jgi|Aspni_NRRL3_1|9828|NRRL3_09828	NRRL3_09828
jgi|Aspni_NRRL3_1|9829|NRRL3_09829	NRRL3_09829
jgi|Aspni_NRRL3_1|9830|NRRL3_09830	NRRL3_09830
jgi|Aspni_NRRL3_1|9831|NRRL3_09831	NRRL3_09831
jgi|Aspni_NRRL3_1|9832|NRRL3_09832	NRRL3_09832
jgi|Aspni_NRRL3_1|9833|NRRL3_09833	NRRL3_09833
jgi|Aspni_NRRL3_1|9834|NRRL3_09834	NRRL3_09834
jgi|Aspni_NRRL3_1|9835|NRRL3_09835	NRRL3_09835
jgi|Aspni_NRRL3_1|9836|NRRL3_09836	NRRL3_09836
jgi|Aspni_NRRL3_1|9837|NRRL3_09837	NRRL3_09837
jgi|Aspni_NRRL3_1|9838|NRRL3_09838	NRRL3_09838
jgi|Aspni_NRRL3_1|9839|NRRL3_09839	NRRL3_09839
jgi|Aspni_NRRL3_1|9840|NRRL3_09840	NRRL3_09840
jgi|Aspni_NRRL3_1|9841|NRRL3_09841	NRRL3_09841
jgi|Aspni_NRRL3_1|9842|NRRL3_09842	NRRL3_09842
jgi|Aspni_NRRL3_1|9843|NRRL3_09843	NRRL3_09843
jgi|Aspni_NRRL3_1|9844|NRRL3_09844	NRRL3_09844
jgi|Aspni_NRRL3_1|9845|NRRL3_09845	NRRL3_09845
jgi|Aspni_NRRL3_1|9846|NRRL3_09846	NRRL3_09846
jgi|Aspni_NRRL3_1|9847|NRRL3_09847	NRRL3_09847
jgi|Aspni_NRRL3_1|9848|NRRL3_09848	NRRL3_09848
jgi|Aspni_NRRL3_1|9849|NRRL3_09849	NRRL3_09849
jgi|Aspni_NRRL3_1|9850|NRRL3_09850	NRRL3_09850
jgi|Aspni_NRRL3_1|9851|NRRL3_09851	NRRL3_09851
jgi|Aspni_NRRL3_1|9852|NRRL3_09852	NRRL3_09852
jgi|Aspni_NRRL3_1|9853|NRRL3_09853	NRRL3_09853
jgi|Aspni_NRRL3_1|9854|NRRL3_09854	NRRL3_09854
jgi|Aspni_NRRL3_1|9855|NRRL3_09855	NRRL3_09855
jgi|Aspni_NRRL3_1|9856|NRRL3_09856	NRRL3_09856
jgi|Aspni_NRRL3_1|9857|NRRL3_09857	NRRL3_09857
jgi|Aspni_NRRL3_1|9858|NRRL3_09858	NRRL3_09858
jgi|Aspni_NRRL3_1|9859|NRRL3_09859	NRRL3_09859
jgi|Aspni_NRRL3_1|9860|NRRL3_09860	NRRL3_09860
jgi|Aspni_NRRL3_1|9861|NRRL3_09861	NRRL3_09861
jgi|Aspni_NRRL3_1|9862|NRRL3_09862	NRRL3_09862
jgi|Aspni_NRRL3_1|9863|NRRL3_09863	NRRL3_09863
jgi|Aspni_NRRL3_1|9864|NRRL3_09864	NRRL3_09864
jgi|Aspni_NRRL3_1|9865|NRRL3_09865	NRRL3_09865
jgi|Aspni_NRRL3_1|9866|NRRL3_09866	NRRL3_09866
jgi|Aspni_NRRL3_1|9867|NRRL3_09867	NRRL3_09867
jgi|Aspni_NRRL3_1|9868|NRRL3_09868	NRRL3_09868
jgi|Aspni_NRRL3_1|9869|NRRL3_09869	NRRL3_09869
jgi|Aspni_NRRL3_1|9870|NRRL3_09870	NRRL3_09870
jgi|Aspni_NRRL3_1|9871|NRRL3_09871	NRRL3_09871
jgi|Aspni_NRRL3_1|9872|NRRL3_09872	NRRL3_09872
jgi|Aspni_NRRL3_1|9873|NRRL3_09873	NRRL3_09873
jgi|Aspni_NRRL3_1|9874|NRRL3_09874	NRRL3_09874
jgi|Aspni_NRRL3_1|9875|NRRL3_09875	NRRL3_09875
jgi|Aspni_NRRL3_1|9876|NRRL3_09876	NRRL3_09876
jgi|Aspni_NRRL3_1|9877|NRRL3_09877	NRRL3_09877
jgi|Aspni_NRRL3_1|9878|NRRL3_09878	NRRL3_09878
jgi|Aspni_NRRL3_1|9879|NRRL3_09879	NRRL3_09879
jgi|Aspni_NRRL3_1|9880|NRRL3_09880	NRRL3_09880
jgi|Aspni_NRRL3_1|9881|NRRL3_09881	NRRL3_09881
jgi|Aspni_NRRL3_1|9882|NRRL3_09882	NRRL3_09882
jgi|Aspni_NRRL3_1|9883|NRRL3_09883	NRRL3_09883
jgi|Aspni_NRRL3_1|9884|NRRL3_09884	NRRL3_09884
jgi|Aspni_NRRL3_1|9885|NRRL3_09885	NRRL3_09885
jgi|Aspni_NRRL3_1|9886|NRRL3_09886	NRRL3_09886
jgi|Aspni_NRRL3_1|9887|NRRL3_09887	NRRL3_09887
jgi|Aspni_NRRL3_1|9888|NRRL3_09888	NRRL3_09888
jgi|Aspni_NRRL3_1|9889|NRRL3_09889	NRRL3_09889
jgi|Aspni_NRRL3_1|9890|NRRL3_09890	NRRL3_09890
jgi|Aspni_NRRL3_1|9891|NRRL3_09891	NRRL3_09891
jgi|Aspni_NRRL3_1|9892|NRRL3_09892	NRRL3_09892
jgi|Aspni_NRRL3_1|9893|NRRL3_09893	NRRL3_09893
jgi|Aspni_NRRL3_1|9894|NRRL3_09894	NRRL3_09894
jgi|Aspni_NRRL3_1|9895|NRRL3_09895	NRRL3_09895
jgi|Aspni_NRRL3_1|9896|NRRL3_09896	NRRL3_09896
jgi|Aspni_NRRL3_1|9897|NRRL3_09897	NRRL3_09897
jgi|Aspni_NRRL3_1|9898|NRRL3_09898	NRRL3_09898
jgi|Aspni_NRRL3_1|9899|NRRL3_09899	NRRL3_09899
jgi|Aspni_NRRL3_1|9900|NRRL3_09900	NRRL3_09900
jgi|Aspni_NRRL3_1|9901|NRRL3_09901	NRRL3_09901
jgi|Aspni_NRRL3_1|9902|NRRL3_09902	NRRL3_09902
jgi|Aspni_NRRL3_1|9903|NRRL3_09903	NRRL3_09903
jgi|Aspni_NRRL3_1|9904|NRRL3_09904	NRRL3_09904
jgi|Aspni_NRRL3_1|9905|NRRL3_09905	NRRL3_09905
jgi|Aspni_NRRL3_1|9906|NRRL3_09906	NRRL3_09906
jgi|Aspni_NRRL3_1|9907|NRRL3_09907	NRRL3_09907
jgi|Aspni_NRRL3_1|9908|NRRL3_09908	NRRL3_09908
jgi|Aspni_NRRL3_1|9909|NRRL3_09909	NRRL3_09909
jgi|Aspni_NRRL3_1|9910|NRRL3_09910	NRRL3_09910
jgi|Aspni_NRRL3_1|9911|NRRL3_09911	NRRL3_09911
jgi|Aspni_NRRL3_1|9912|NRRL3_09912	NRRL3_09912
jgi|Aspni_NRRL3_1|9913|NRRL3_09913	NRRL3_09913
jgi|Aspni_NRRL3_1|9914|NRRL3_09914	NRRL3_09914
jgi|Aspni_NRRL3_1|9915|NRRL3_09915	NRRL3_09915
jgi|Aspni_NRRL3_1|9916|NRRL3_09916	NRRL3_09916
jgi|Aspni_NRRL3_1|9917|NRRL3_09917	NRRL3_09917
jgi|Aspni_NRRL3_1|9918|NRRL3_09918	NRRL3_09918
jgi|Aspni_NRRL3_1|9919|NRRL3_09919	NRRL3_09919
jgi|Aspni_NRRL3_1|9920|NRRL3_09920	NRRL3_09920
jgi|Aspni_NRRL3_1|9921|NRRL3_09921	NRRL3_09921
jgi|Aspni_NRRL3_1|9922|NRRL3_09922	NRRL3_09922
jgi|Aspni_NRRL3_1|9923|NRRL3_09923	NRRL3_09923
jgi|Aspni_NRRL3_1|9924|NRRL3_09924	NRRL3_09924
jgi|Aspni_NRRL3_1|9925|NRRL3_09925	NRRL3_09925
jgi|Aspni_NRRL3_1|9926|NRRL3_09926	NRRL3_09926
jgi|Aspni_NRRL3_1|9927|NRRL3_09927	NRRL3_09927
jgi|Aspni_NRRL3_1|9928|NRRL3_09928	NRRL3_09928
jgi|Aspni_NRRL3_1|9929|NRRL3_09929	NRRL3_09929
jgi|Aspni_NRRL3_1|9930|NRRL3_09930	NRRL3_09930
jgi|Aspni_NRRL3_1|9931|NRRL3_09931	NRRL3_09931
jgi|Aspni_NRRL3_1|9932|NRRL3_09932	NRRL3_09932
jgi|Aspni_NRRL3_1|9933|NRRL3_09933	NRRL3_09933
jgi|Aspni_NRRL3_1|9934|NRRL3_09934	NRRL3_09934
jgi|Aspni_NRRL3_1|9935|NRRL3_09935	NRRL3_09935
jgi|Aspni_NRRL3_1|9936|NRRL3_09936	NRRL3_09936
jgi|Aspni_NRRL3_1|9937|NRRL3_09937	NRRL3_09937
jgi|Aspni_NRRL3_1|9938|NRRL3_09938	NRRL3_09938
jgi|Aspni_NRRL3_1|9939|NRRL3_09939	NRRL3_09939
jgi|Aspni_NRRL3_1|9940|NRRL3_09940	NRRL3_09940
jgi|Aspni_NRRL3_1|9941|NRRL3_09941	NRRL3_09941
jgi|Aspni_NRRL3_1|9942|NRRL3_09942	NRRL3_09942
jgi|Aspni_NRRL3_1|9943|NRRL3_09943	NRRL3_09943
jgi|Aspni_NRRL3_1|9944|NRRL3_09944	NRRL3_09944
jgi|Aspni_NRRL3_1|9945|NRRL3_09945	NRRL3_09945
jgi|Aspni_NRRL3_1|9946|NRRL3_09946	NRRL3_09946
jgi|Aspni_NRRL3_1|9947|NRRL3_09947	NRRL3_09947
jgi|Aspni_NRRL3_1|9948|NRRL3_09948	NRRL3_09948
jgi|Aspni_NRRL3_1|9949|NRRL3_09949	NRRL3_09949
jgi|Aspni_NRRL3_1|9950|NRRL3_09950	NRRL3_09950
jgi|Aspni_NRRL3_1|9951|NRRL3_09951	NRRL3_09951
jgi|Aspni_NRRL3_1|9952|NRRL3_09952	NRRL3_09952
jgi|Aspni_NRRL3_1|9953|NRRL3_09953	NRRL3_09953
jgi|Aspni_NRRL3_1|9954|NRRL3_09954	NRRL3_09954
jgi|Aspni_NRRL3_1|9955|NRRL3_09955	NRRL3_09955
jgi|Aspni_NRRL3_1|9956|NRRL3_09956	NRRL3_09956
jgi|Aspni_NRRL3_1|9957|NRRL3_09957	NRRL3_09957
jgi|Aspni_NRRL3_1|9958|NRRL3_09958	NRRL3_09958
jgi|Aspni_NRRL3_1|9959|NRRL3_09959	NRRL3_09959
jgi|Aspni_NRRL3_1|9960|NRRL3_09960	NRRL3_09960
jgi|Aspni_NRRL3_1|9961|NRRL3_09961	NRRL3_09961
jgi|Aspni_NRRL3_1|9962|NRRL3_09962	NRRL3_09962
jgi|Aspni_NRRL3_1|9963|NRRL3_09963	NRRL3_09963
jgi|Aspni_NRRL3_1|9964|NRRL3_09964	NRRL3_09964
jgi|Aspni_NRRL3_1|9965|NRRL3_09965	NRRL3_09965
jgi|Aspni_NRRL3_1|9966|NRRL3_09966	NRRL3_09966
jgi|Aspni_NRRL3_1|9967|NRRL3_09967	NRRL3_09967
jgi|Aspni_NRRL3_1|9968|NRRL3_09968	NRRL3_09968
jgi|Aspni_NRRL3_1|9969|NRRL3_09969	NRRL3_09969
jgi|Aspni_NRRL3_1|9970|NRRL3_09970	NRRL3_09970
jgi|Aspni_NRRL3_1|9971|NRRL3_09971	NRRL3_09971
jgi|Aspni_NRRL3_1|9972|NRRL3_09972	NRRL3_09972
jgi|Aspni_NRRL3_1|9973|NRRL3_09973	NRRL3_09973
jgi|Aspni_NRRL3_1|9974|NRRL3_09974	NRRL3_09974
jgi|Aspni_NRRL3_1|9975|NRRL3_09975	NRRL3_09975
jgi|Aspni_NRRL3_1|9976|NRRL3_09976	NRRL3_09976
jgi|Aspni_NRRL3_1|9977|NRRL3_09977	NRRL3_09977
jgi|Aspni_NRRL3_1|9978|NRRL3_09978	NRRL3_09978
jgi|Aspni_NRRL3_1|9979|NRRL3_09979	NRRL3_09979
jgi|Aspni_NRRL3_1|9980|NRRL3_09980	NRRL3_09980
jgi|Aspni_NRRL3_1|9981|NRRL3_09981	NRRL3_09981
jgi|Aspni_NRRL3_1|9982|NRRL3_09982	NRRL3_09982
jgi|Aspni_NRRL3_1|9983|NRRL3_09983	NRRL3_09983
jgi|Aspni_NRRL3_1|9984|NRRL3_09984	NRRL3_09984
jgi|Aspni_NRRL3_1|9985|NRRL3_09985	NRRL3_09985
jgi|Aspni_NRRL3_1|9986|NRRL3_09986	NRRL3_09986
jgi|Aspni_NRRL3_1|9987|NRRL3_09987	NRRL3_09987
jgi|Aspni_NRRL3_1|9988|NRRL3_09988	NRRL3_09988
jgi|Aspni_NRRL3_1|9989|NRRL3_09989	NRRL3_09989
jgi|Aspni_NRRL3_1|9990|NRRL3_09990	NRRL3_09990
jgi|Aspni_NRRL3_1|9991|NRRL3_09991	NRRL3_09991
jgi|Aspni_NRRL3_1|9992|NRRL3_09992	NRRL3_09992
jgi|Aspni_NRRL3_1|9993|NRRL3_09993	NRRL3_09993
jgi|Aspni_NRRL3_1|9994|NRRL3_09994	NRRL3_09994
jgi|Aspni_NRRL3_1|9995|NRRL3_09995	NRRL3_09995
jgi|Aspni_NRRL3_1|9996|NRRL3_09996	NRRL3_09996
jgi|Aspni_NRRL3_1|9997|NRRL3_09997	NRRL3_09997
jgi|Aspni_NRRL3_1|9998|NRRL3_09998	NRRL3_09998
jgi|Aspni_NRRL3_1|9999|NRRL3_09999	NRRL3_09999
jgi|Aspni_NRRL3_1|10000|NRRL3_10000	NRRL3_10000
jgi|Aspni_NRRL3_1|10001|NRRL3_10001	NRRL3_10001
jgi|Aspni_NRRL3_1|10002|NRRL3_10002	NRRL3_10002
jgi|Aspni_NRRL3_1|10003|NRRL3_10003	NRRL3_10003
jgi|Aspni_NRRL3_1|10004|NRRL3_10004	NRRL3_10004
jgi|Aspni_NRRL3_1|10005|NRRL3_10005	NRRL3_10005
jgi|Aspni_NRRL3_1|10006|NRRL3_10006	NRRL3_10006
jgi|Aspni_NRRL3_1|10007|NRRL3_10007	NRRL3_10007
jgi|Aspni_NRRL3_1|10008|NRRL3_10008	NRRL3_10008
jgi|Aspni_NRRL3_1|10009|NRRL3_10009	NRRL3_10009
jgi|Aspni_NRRL3_1|10010|NRRL3_10010	NRRL3_10010
jgi|Aspni_NRRL3_1|10011|NRRL3_10011	NRRL3_10011
jgi|Aspni_NRRL3_1|10012|NRRL3_10012	NRRL3_10012
jgi|Aspni_NRRL3_1|10013|NRRL3_10013	NRRL3_10013
jgi|Aspni_NRRL3_1|10014|NRRL3_10014	NRRL3_10014
jgi|Aspni_NRRL3_1|10015|NRRL3_10015	NRRL3_10015
jgi|Aspni_NRRL3_1|10016|NRRL3_10016	NRRL3_10016
jgi|Aspni_NRRL3_1|10017|NRRL3_10017	NRRL3_10017
jgi|Aspni_NRRL3_1|10018|NRRL3_10018	NRRL3_10018
jgi|Aspni_NRRL3_1|10019|NRRL3_10019	NRRL3_10019
jgi|Aspni_NRRL3_1|10020|NRRL3_10020	NRRL3_10020
jgi|Aspni_NRRL3_1|10021|NRRL3_10021	NRRL3_10021
jgi|Aspni_NRRL3_1|10022|NRRL3_10022	NRRL3_10022
jgi|Aspni_NRRL3_1|10023|NRRL3_10023	NRRL3_10023
jgi|Aspni_NRRL3_1|10024|NRRL3_10024	NRRL3_10024
jgi|Aspni_NRRL3_1|10025|NRRL3_10025	NRRL3_10025
jgi|Aspni_NRRL3_1|10026|NRRL3_10026	NRRL3_10026
jgi|Aspni_NRRL3_1|10027|NRRL3_10027	NRRL3_10027
jgi|Aspni_NRRL3_1|10028|NRRL3_10028	NRRL3_10028
jgi|Aspni_NRRL3_1|10029|NRRL3_10029	NRRL3_10029
jgi|Aspni_NRRL3_1|10030|NRRL3_10030	NRRL3_10030
jgi|Aspni_NRRL3_1|10031|NRRL3_10031	NRRL3_10031
jgi|Aspni_NRRL3_1|10032|NRRL3_10032	NRRL3_10032
jgi|Aspni_NRRL3_1|10033|NRRL3_10033	NRRL3_10033
jgi|Aspni_NRRL3_1|10034|NRRL3_10034	NRRL3_10034
jgi|Aspni_NRRL3_1|10035|NRRL3_10035	NRRL3_10035
jgi|Aspni_NRRL3_1|10036|NRRL3_10036	NRRL3_10036
jgi|Aspni_NRRL3_1|10037|NRRL3_10037	NRRL3_10037
jgi|Aspni_NRRL3_1|10038|NRRL3_10038	NRRL3_10038
jgi|Aspni_NRRL3_1|10039|NRRL3_10039	NRRL3_10039
jgi|Aspni_NRRL3_1|10040|NRRL3_10040	NRRL3_10040
jgi|Aspni_NRRL3_1|10041|NRRL3_10041	NRRL3_10041
jgi|Aspni_NRRL3_1|10042|NRRL3_10042	NRRL3_10042
jgi|Aspni_NRRL3_1|10043|NRRL3_10043	NRRL3_10043
jgi|Aspni_NRRL3_1|10044|NRRL3_10044	NRRL3_10044
jgi|Aspni_NRRL3_1|10045|NRRL3_10045	NRRL3_10045
jgi|Aspni_NRRL3_1|10046|NRRL3_10046	NRRL3_10046
jgi|Aspni_NRRL3_1|10047|NRRL3_10047	NRRL3_10047
jgi|Aspni_NRRL3_1|10048|NRRL3_10048	NRRL3_10048
jgi|Aspni_NRRL3_1|10049|NRRL3_10049	NRRL3_10049
jgi|Aspni_NRRL3_1|10050|NRRL3_10050	NRRL3_10050
jgi|Aspni_NRRL3_1|10051|NRRL3_10051	NRRL3_10051
jgi|Aspni_NRRL3_1|10052|NRRL3_10052	NRRL3_10052
jgi|Aspni_NRRL3_1|10053|NRRL3_10053	NRRL3_10053
jgi|Aspni_NRRL3_1|10054|NRRL3_10054	NRRL3_10054
jgi|Aspni_NRRL3_1|10055|NRRL3_10055	NRRL3_10055
jgi|Aspni_NRRL3_1|10056|NRRL3_10056	NRRL3_10056
jgi|Aspni_NRRL3_1|10057|NRRL3_10057	NRRL3_10057
jgi|Aspni_NRRL3_1|10058|NRRL3_10058	NRRL3_10058
jgi|Aspni_NRRL3_1|10059|NRRL3_10059	NRRL3_10059
jgi|Aspni_NRRL3_1|10060|NRRL3_10060	NRRL3_10060
jgi|Aspni_NRRL3_1|10061|NRRL3_10061	NRRL3_10061
jgi|Aspni_NRRL3_1|10062|NRRL3_10062	NRRL3_10062
jgi|Aspni_NRRL3_1|10063|NRRL3_10063	NRRL3_10063
jgi|Aspni_NRRL3_1|10064|NRRL3_10064	NRRL3_10064
jgi|Aspni_NRRL3_1|10065|NRRL3_10065	NRRL3_10065
jgi|Aspni_NRRL3_1|10066|NRRL3_10066	NRRL3_10066
jgi|Aspni_NRRL3_1|10067|NRRL3_10067	NRRL3_10067
jgi|Aspni_NRRL3_1|10068|NRRL3_10068	NRRL3_10068
jgi|Aspni_NRRL3_1|10069|NRRL3_10069	NRRL3_10069
jgi|Aspni_NRRL3_1|10070|NRRL3_10070	NRRL3_10070
jgi|Aspni_NRRL3_1|10071|NRRL3_10071	NRRL3_10071
jgi|Aspni_NRRL3_1|10072|NRRL3_10072	NRRL3_10072
jgi|Aspni_NRRL3_1|10073|NRRL3_10073	NRRL3_10073
jgi|Aspni_NRRL3_1|10074|NRRL3_10074	NRRL3_10074
jgi|Aspni_NRRL3_1|10075|NRRL3_10075	NRRL3_10075
jgi|Aspni_NRRL3_1|10076|NRRL3_10076	NRRL3_10076
jgi|Aspni_NRRL3_1|10077|NRRL3_10077	NRRL3_10077
jgi|Aspni_NRRL3_1|10078|NRRL3_10078	NRRL3_10078
jgi|Aspni_NRRL3_1|10079|NRRL3_10079	NRRL3_10079
jgi|Aspni_NRRL3_1|10080|NRRL3_10080	NRRL3_10080
jgi|Aspni_NRRL3_1|10081|NRRL3_10081	NRRL3_10081
jgi|Aspni_NRRL3_1|10082|NRRL3_10082	NRRL3_10082
jgi|Aspni_NRRL3_1|10083|NRRL3_10083	NRRL3_10083
jgi|Aspni_NRRL3_1|10084|NRRL3_10084	NRRL3_10084
jgi|Aspni_NRRL3_1|10085|NRRL3_10085	NRRL3_10085
jgi|Aspni_NRRL3_1|10086|NRRL3_10086	NRRL3_10086
jgi|Aspni_NRRL3_1|10087|NRRL3_10087	NRRL3_10087
jgi|Aspni_NRRL3_1|10088|NRRL3_10088	NRRL3_10088
jgi|Aspni_NRRL3_1|10089|NRRL3_10089	NRRL3_10089
jgi|Aspni_NRRL3_1|10090|NRRL3_10090	NRRL3_10090
jgi|Aspni_NRRL3_1|10091|NRRL3_10091	NRRL3_10091
jgi|Aspni_NRRL3_1|10092|NRRL3_10092	NRRL3_10092
jgi|Aspni_NRRL3_1|10093|NRRL3_10093	NRRL3_10093
jgi|Aspni_NRRL3_1|10094|NRRL3_10094	NRRL3_10094
jgi|Aspni_NRRL3_1|10095|NRRL3_10095	NRRL3_10095
jgi|Aspni_NRRL3_1|10096|NRRL3_10096	NRRL3_10096
jgi|Aspni_NRRL3_1|10097|NRRL3_10097	NRRL3_10097
jgi|Aspni_NRRL3_1|10098|NRRL3_10098	NRRL3_10098
jgi|Aspni_NRRL3_1|10099|NRRL3_10099	NRRL3_10099
jgi|Aspni_NRRL3_1|10100|NRRL3_10100	NRRL3_10100
jgi|Aspni_NRRL3_1|10101|NRRL3_10101	NRRL3_10101
jgi|Aspni_NRRL3_1|10102|NRRL3_10102	NRRL3_10102
jgi|Aspni_NRRL3_1|10103|NRRL3_10103	NRRL3_10103
jgi|Aspni_NRRL3_1|10104|NRRL3_10104	NRRL3_10104
jgi|Aspni_NRRL3_1|10105|NRRL3_10105	NRRL3_10105
jgi|Aspni_NRRL3_1|10106|NRRL3_10106	NRRL3_10106
jgi|Aspni_NRRL3_1|10107|NRRL3_10107	NRRL3_10107
jgi|Aspni_NRRL3_1|10108|NRRL3_10108	NRRL3_10108
jgi|Aspni_NRRL3_1|10109|NRRL3_10109	NRRL3_10109
jgi|Aspni_NRRL3_1|10110|NRRL3_10110	NRRL3_10110
jgi|Aspni_NRRL3_1|10111|NRRL3_10111	NRRL3_10111
jgi|Aspni_NRRL3_1|10112|NRRL3_10112	NRRL3_10112
jgi|Aspni_NRRL3_1|10113|NRRL3_10113	NRRL3_10113
jgi|Aspni_NRRL3_1|10114|NRRL3_10114	NRRL3_10114
jgi|Aspni_NRRL3_1|10115|NRRL3_10115	NRRL3_10115
jgi|Aspni_NRRL3_1|10116|NRRL3_10116	NRRL3_10116
jgi|Aspni_NRRL3_1|10117|NRRL3_10117	NRRL3_10117
jgi|Aspni_NRRL3_1|10118|NRRL3_10118	NRRL3_10118
jgi|Aspni_NRRL3_1|10119|NRRL3_10119	NRRL3_10119
jgi|Aspni_NRRL3_1|10120|NRRL3_10120	NRRL3_10120
jgi|Aspni_NRRL3_1|10121|NRRL3_10121	NRRL3_10121
jgi|Aspni_NRRL3_1|10122|NRRL3_10122	NRRL3_10122
jgi|Aspni_NRRL3_1|10123|NRRL3_10123	NRRL3_10123
jgi|Aspni_NRRL3_1|10124|NRRL3_10124	NRRL3_10124
jgi|Aspni_NRRL3_1|10125|NRRL3_10125	NRRL3_10125
jgi|Aspni_NRRL3_1|10126|NRRL3_10126	NRRL3_10126
jgi|Aspni_NRRL3_1|10127|NRRL3_10127	NRRL3_10127
jgi|Aspni_NRRL3_1|10128|NRRL3_10128	NRRL3_10128
jgi|Aspni_NRRL3_1|10129|NRRL3_10129	NRRL3_10129
jgi|Aspni_NRRL3_1|10130|NRRL3_10130	NRRL3_10130
jgi|Aspni_NRRL3_1|10131|NRRL3_10131	NRRL3_10131
jgi|Aspni_NRRL3_1|10132|NRRL3_10132	NRRL3_10132
jgi|Aspni_NRRL3_1|10133|NRRL3_10133	NRRL3_10133
jgi|Aspni_NRRL3_1|10134|NRRL3_10134	NRRL3_10134
jgi|Aspni_NRRL3_1|10135|NRRL3_10135	NRRL3_10135
jgi|Aspni_NRRL3_1|10136|NRRL3_10136	NRRL3_10136
jgi|Aspni_NRRL3_1|10137|NRRL3_10137	NRRL3_10137
jgi|Aspni_NRRL3_1|10138|NRRL3_10138	NRRL3_10138
jgi|Aspni_NRRL3_1|10139|NRRL3_10139	NRRL3_10139
jgi|Aspni_NRRL3_1|10140|NRRL3_10140	NRRL3_10140
jgi|Aspni_NRRL3_1|10141|NRRL3_10141	NRRL3_10141
jgi|Aspni_NRRL3_1|10142|NRRL3_10142	NRRL3_10142
jgi|Aspni_NRRL3_1|10143|NRRL3_10143	NRRL3_10143
jgi|Aspni_NRRL3_1|10144|NRRL3_10144	NRRL3_10144
jgi|Aspni_NRRL3_1|10145|NRRL3_10145	NRRL3_10145
jgi|Aspni_NRRL3_1|10146|NRRL3_10146	NRRL3_10146
jgi|Aspni_NRRL3_1|10147|NRRL3_10147	NRRL3_10147
jgi|Aspni_NRRL3_1|10148|NRRL3_10148	NRRL3_10148
jgi|Aspni_NRRL3_1|10149|NRRL3_10149	NRRL3_10149
jgi|Aspni_NRRL3_1|10150|NRRL3_10150	NRRL3_10150
jgi|Aspni_NRRL3_1|10151|NRRL3_10151	NRRL3_10151
jgi|Aspni_NRRL3_1|10152|NRRL3_10152	NRRL3_10152
jgi|Aspni_NRRL3_1|10153|NRRL3_10153	NRRL3_10153
jgi|Aspni_NRRL3_1|10154|NRRL3_10154	NRRL3_10154
jgi|Aspni_NRRL3_1|10155|NRRL3_10155	NRRL3_10155
jgi|Aspni_NRRL3_1|10156|NRRL3_10156	NRRL3_10156
jgi|Aspni_NRRL3_1|10157|NRRL3_10157	NRRL3_10157
jgi|Aspni_NRRL3_1|10158|NRRL3_10158	NRRL3_10158
jgi|Aspni_NRRL3_1|10159|NRRL3_10159	NRRL3_10159
jgi|Aspni_NRRL3_1|10160|NRRL3_10160	NRRL3_10160
jgi|Aspni_NRRL3_1|10161|NRRL3_10161	NRRL3_10161
jgi|Aspni_NRRL3_1|10162|NRRL3_10162	NRRL3_10162
jgi|Aspni_NRRL3_1|10163|NRRL3_10163	NRRL3_10163
jgi|Aspni_NRRL3_1|10164|NRRL3_10164	NRRL3_10164
jgi|Aspni_NRRL3_1|10165|NRRL3_10165	NRRL3_10165
jgi|Aspni_NRRL3_1|10166|NRRL3_10166	NRRL3_10166
jgi|Aspni_NRRL3_1|10167|NRRL3_10167	NRRL3_10167
jgi|Aspni_NRRL3_1|10168|NRRL3_10168	NRRL3_10168
jgi|Aspni_NRRL3_1|10169|NRRL3_10169	NRRL3_10169
jgi|Aspni_NRRL3_1|10170|NRRL3_10170	NRRL3_10170
jgi|Aspni_NRRL3_1|10171|NRRL3_10171	NRRL3_10171
jgi|Aspni_NRRL3_1|10172|NRRL3_10172	NRRL3_10172
jgi|Aspni_NRRL3_1|10173|NRRL3_10173	NRRL3_10173
jgi|Aspni_NRRL3_1|10174|NRRL3_10174	NRRL3_10174
jgi|Aspni_NRRL3_1|10175|NRRL3_10175	NRRL3_10175
jgi|Aspni_NRRL3_1|10176|NRRL3_10176	NRRL3_10176
jgi|Aspni_NRRL3_1|10177|NRRL3_10177	NRRL3_10177
jgi|Aspni_NRRL3_1|10178|NRRL3_10178	NRRL3_10178
jgi|Aspni_NRRL3_1|10179|NRRL3_10179	NRRL3_10179
jgi|Aspni_NRRL3_1|10180|NRRL3_10180	NRRL3_10180
jgi|Aspni_NRRL3_1|10181|NRRL3_10181	NRRL3_10181
jgi|Aspni_NRRL3_1|10182|NRRL3_10182	NRRL3_10182
jgi|Aspni_NRRL3_1|10183|NRRL3_10183	NRRL3_10183
jgi|Aspni_NRRL3_1|10184|NRRL3_10184	NRRL3_10184
jgi|Aspni_NRRL3_1|10185|NRRL3_10185	NRRL3_10185
jgi|Aspni_NRRL3_1|10186|NRRL3_10186	NRRL3_10186
jgi|Aspni_NRRL3_1|10187|NRRL3_10187	NRRL3_10187
jgi|Aspni_NRRL3_1|10188|NRRL3_10188	NRRL3_10188
jgi|Aspni_NRRL3_1|10189|NRRL3_10189	NRRL3_10189
jgi|Aspni_NRRL3_1|10190|NRRL3_10190	NRRL3_10190
jgi|Aspni_NRRL3_1|10191|NRRL3_10191	NRRL3_10191
jgi|Aspni_NRRL3_1|10192|NRRL3_10192	NRRL3_10192
jgi|Aspni_NRRL3_1|10193|NRRL3_10193	NRRL3_10193
jgi|Aspni_NRRL3_1|10194|NRRL3_10194	NRRL3_10194
jgi|Aspni_NRRL3_1|10195|NRRL3_10195	NRRL3_10195
jgi|Aspni_NRRL3_1|10196|NRRL3_10196	NRRL3_10196
jgi|Aspni_NRRL3_1|10197|NRRL3_10197	NRRL3_10197
jgi|Aspni_NRRL3_1|10198|NRRL3_10198	NRRL3_10198
jgi|Aspni_NRRL3_1|10199|NRRL3_10199	NRRL3_10199
jgi|Aspni_NRRL3_1|10200|NRRL3_10200	NRRL3_10200
jgi|Aspni_NRRL3_1|10201|NRRL3_10201	NRRL3_10201
jgi|Aspni_NRRL3_1|10202|NRRL3_10202	NRRL3_10202
jgi|Aspni_NRRL3_1|10203|NRRL3_10203	NRRL3_10203
jgi|Aspni_NRRL3_1|10204|NRRL3_10204	NRRL3_10204
jgi|Aspni_NRRL3_1|10205|NRRL3_10205	NRRL3_10205
jgi|Aspni_NRRL3_1|10206|NRRL3_10206	NRRL3_10206
jgi|Aspni_NRRL3_1|10207|NRRL3_10207	NRRL3_10207
jgi|Aspni_NRRL3_1|10208|NRRL3_10208	NRRL3_10208
jgi|Aspni_NRRL3_1|10209|NRRL3_10209	NRRL3_10209
jgi|Aspni_NRRL3_1|10210|NRRL3_10210	NRRL3_10210
jgi|Aspni_NRRL3_1|10211|NRRL3_10211	NRRL3_10211
jgi|Aspni_NRRL3_1|10212|NRRL3_10212	NRRL3_10212
jgi|Aspni_NRRL3_1|10213|NRRL3_10213	NRRL3_10213
jgi|Aspni_NRRL3_1|10214|NRRL3_10214	NRRL3_10214
jgi|Aspni_NRRL3_1|10215|NRRL3_10215	NRRL3_10215
jgi|Aspni_NRRL3_1|10216|NRRL3_10216	NRRL3_10216
jgi|Aspni_NRRL3_1|10217|NRRL3_10217	NRRL3_10217
jgi|Aspni_NRRL3_1|10218|NRRL3_10218	NRRL3_10218
jgi|Aspni_NRRL3_1|10219|NRRL3_10219	NRRL3_10219
jgi|Aspni_NRRL3_1|10220|NRRL3_10220	NRRL3_10220
jgi|Aspni_NRRL3_1|10221|NRRL3_10221	NRRL3_10221
jgi|Aspni_NRRL3_1|10222|NRRL3_10222	NRRL3_10222
jgi|Aspni_NRRL3_1|10223|NRRL3_10223	NRRL3_10223
jgi|Aspni_NRRL3_1|10224|NRRL3_10224	NRRL3_10224
jgi|Aspni_NRRL3_1|10225|NRRL3_10225	NRRL3_10225
jgi|Aspni_NRRL3_1|10226|NRRL3_10226	NRRL3_10226
jgi|Aspni_NRRL3_1|10227|NRRL3_10227	NRRL3_10227
jgi|Aspni_NRRL3_1|10228|NRRL3_10228	NRRL3_10228
jgi|Aspni_NRRL3_1|10229|NRRL3_10229	NRRL3_10229
jgi|Aspni_NRRL3_1|10230|NRRL3_10230	NRRL3_10230
jgi|Aspni_NRRL3_1|10231|NRRL3_10231	NRRL3_10231
jgi|Aspni_NRRL3_1|10232|NRRL3_10232	NRRL3_10232
jgi|Aspni_NRRL3_1|10233|NRRL3_10233	NRRL3_10233
jgi|Aspni_NRRL3_1|10234|NRRL3_10234	NRRL3_10234
jgi|Aspni_NRRL3_1|10235|NRRL3_10235	NRRL3_10235
jgi|Aspni_NRRL3_1|10236|NRRL3_10236	NRRL3_10236
jgi|Aspni_NRRL3_1|10237|NRRL3_10237	NRRL3_10237
jgi|Aspni_NRRL3_1|10238|NRRL3_10238	NRRL3_10238
jgi|Aspni_NRRL3_1|10239|NRRL3_10239	NRRL3_10239
jgi|Aspni_NRRL3_1|10240|NRRL3_10240	NRRL3_10240
jgi|Aspni_NRRL3_1|10241|NRRL3_10241	NRRL3_10241
jgi|Aspni_NRRL3_1|10242|NRRL3_10242	NRRL3_10242
jgi|Aspni_NRRL3_1|10243|NRRL3_10243	NRRL3_10243
jgi|Aspni_NRRL3_1|10244|NRRL3_10244	NRRL3_10244
jgi|Aspni_NRRL3_1|10245|NRRL3_10245	NRRL3_10245
jgi|Aspni_NRRL3_1|10246|NRRL3_10246	NRRL3_10246
jgi|Aspni_NRRL3_1|10247|NRRL3_10247	NRRL3_10247
jgi|Aspni_NRRL3_1|10248|NRRL3_10248	NRRL3_10248
jgi|Aspni_NRRL3_1|10249|NRRL3_10249	NRRL3_10249
jgi|Aspni_NRRL3_1|10250|NRRL3_10250	NRRL3_10250
jgi|Aspni_NRRL3_1|10251|NRRL3_10251	NRRL3_10251
jgi|Aspni_NRRL3_1|10252|NRRL3_10252	NRRL3_10252
jgi|Aspni_NRRL3_1|10253|NRRL3_10253	NRRL3_10253
jgi|Aspni_NRRL3_1|10254|NRRL3_10254	NRRL3_10254
jgi|Aspni_NRRL3_1|10255|NRRL3_10255	NRRL3_10255
jgi|Aspni_NRRL3_1|10256|NRRL3_10256	NRRL3_10256
jgi|Aspni_NRRL3_1|10257|NRRL3_10257	NRRL3_10257
jgi|Aspni_NRRL3_1|10258|NRRL3_10258	NRRL3_10258
jgi|Aspni_NRRL3_1|10259|NRRL3_10259	NRRL3_10259
jgi|Aspni_NRRL3_1|10260|NRRL3_10260	NRRL3_10260
jgi|Aspni_NRRL3_1|10261|NRRL3_10261	NRRL3_10261
jgi|Aspni_NRRL3_1|10262|NRRL3_10262	NRRL3_10262
jgi|Aspni_NRRL3_1|10263|NRRL3_10263	NRRL3_10263
jgi|Aspni_NRRL3_1|10264|NRRL3_10264	NRRL3_10264
jgi|Aspni_NRRL3_1|10265|NRRL3_10265	NRRL3_10265
jgi|Aspni_NRRL3_1|10266|NRRL3_10266	NRRL3_10266
jgi|Aspni_NRRL3_1|10267|NRRL3_10267	NRRL3_10267
jgi|Aspni_NRRL3_1|10268|NRRL3_10268	NRRL3_10268
jgi|Aspni_NRRL3_1|10269|NRRL3_10269	NRRL3_10269
jgi|Aspni_NRRL3_1|10270|NRRL3_10270	NRRL3_10270
jgi|Aspni_NRRL3_1|10271|NRRL3_10271	NRRL3_10271
jgi|Aspni_NRRL3_1|10272|NRRL3_10272	NRRL3_10272
jgi|Aspni_NRRL3_1|10273|NRRL3_10273	NRRL3_10273
jgi|Aspni_NRRL3_1|10274|NRRL3_10274	NRRL3_10274
jgi|Aspni_NRRL3_1|10275|NRRL3_10275	NRRL3_10275
jgi|Aspni_NRRL3_1|10276|NRRL3_10276	NRRL3_10276
jgi|Aspni_NRRL3_1|10277|NRRL3_10277	NRRL3_10277
jgi|Aspni_NRRL3_1|10278|NRRL3_10278	NRRL3_10278
jgi|Aspni_NRRL3_1|10279|NRRL3_10279	NRRL3_10279
jgi|Aspni_NRRL3_1|10280|NRRL3_10280	NRRL3_10280
jgi|Aspni_NRRL3_1|10281|NRRL3_10281	NRRL3_10281
jgi|Aspni_NRRL3_1|10282|NRRL3_10282	NRRL3_10282
jgi|Aspni_NRRL3_1|10283|NRRL3_10283	NRRL3_10283
jgi|Aspni_NRRL3_1|10284|NRRL3_10284	NRRL3_10284
jgi|Aspni_NRRL3_1|10285|NRRL3_10285	NRRL3_10285
jgi|Aspni_NRRL3_1|10286|NRRL3_10286	NRRL3_10286
jgi|Aspni_NRRL3_1|10287|NRRL3_10287	NRRL3_10287
jgi|Aspni_NRRL3_1|10288|NRRL3_10288	NRRL3_10288
jgi|Aspni_NRRL3_1|10289|NRRL3_10289	NRRL3_10289
jgi|Aspni_NRRL3_1|10290|NRRL3_10290	NRRL3_10290
jgi|Aspni_NRRL3_1|10291|NRRL3_10291	NRRL3_10291
jgi|Aspni_NRRL3_1|10292|NRRL3_10292	NRRL3_10292
jgi|Aspni_NRRL3_1|10293|NRRL3_10293	NRRL3_10293
jgi|Aspni_NRRL3_1|10294|NRRL3_10294	NRRL3_10294
jgi|Aspni_NRRL3_1|10295|NRRL3_10295	NRRL3_10295
jgi|Aspni_NRRL3_1|10296|NRRL3_10296	NRRL3_10296
jgi|Aspni_NRRL3_1|10297|NRRL3_10297	NRRL3_10297
jgi|Aspni_NRRL3_1|10298|NRRL3_10298	NRRL3_10298
jgi|Aspni_NRRL3_1|10299|NRRL3_10299	NRRL3_10299
jgi|Aspni_NRRL3_1|10300|NRRL3_10300	NRRL3_10300
jgi|Aspni_NRRL3_1|10301|NRRL3_10301	NRRL3_10301
jgi|Aspni_NRRL3_1|10302|NRRL3_10302	NRRL3_10302
jgi|Aspni_NRRL3_1|10303|NRRL3_10303	NRRL3_10303
jgi|Aspni_NRRL3_1|10304|NRRL3_10304	NRRL3_10304
jgi|Aspni_NRRL3_1|10305|NRRL3_10305	NRRL3_10305
jgi|Aspni_NRRL3_1|10306|NRRL3_10306	NRRL3_10306
jgi|Aspni_NRRL3_1|10307|NRRL3_10307	NRRL3_10307
jgi|Aspni_NRRL3_1|10308|NRRL3_10308	NRRL3_10308
jgi|Aspni_NRRL3_1|10309|NRRL3_10309	NRRL3_10309
jgi|Aspni_NRRL3_1|10310|NRRL3_10310	NRRL3_10310
jgi|Aspni_NRRL3_1|10311|NRRL3_10311	NRRL3_10311
jgi|Aspni_NRRL3_1|10312|NRRL3_10312	NRRL3_10312
jgi|Aspni_NRRL3_1|10313|NRRL3_10313	NRRL3_10313
jgi|Aspni_NRRL3_1|10314|NRRL3_10314	NRRL3_10314
jgi|Aspni_NRRL3_1|10315|NRRL3_10315	NRRL3_10315
jgi|Aspni_NRRL3_1|10316|NRRL3_10316	NRRL3_10316
jgi|Aspni_NRRL3_1|10317|NRRL3_10317	NRRL3_10317
jgi|Aspni_NRRL3_1|10318|NRRL3_10318	NRRL3_10318
jgi|Aspni_NRRL3_1|10319|NRRL3_10319	NRRL3_10319
jgi|Aspni_NRRL3_1|10320|NRRL3_10320	NRRL3_10320
jgi|Aspni_NRRL3_1|10321|NRRL3_10321	NRRL3_10321
jgi|Aspni_NRRL3_1|10322|NRRL3_10322	NRRL3_10322
jgi|Aspni_NRRL3_1|10323|NRRL3_10323	NRRL3_10323
jgi|Aspni_NRRL3_1|10324|NRRL3_10324	NRRL3_10324
jgi|Aspni_NRRL3_1|10325|NRRL3_10325	NRRL3_10325
jgi|Aspni_NRRL3_1|10326|NRRL3_10326	NRRL3_10326
jgi|Aspni_NRRL3_1|10327|NRRL3_10327	NRRL3_10327
jgi|Aspni_NRRL3_1|10328|NRRL3_10328	NRRL3_10328
jgi|Aspni_NRRL3_1|10329|NRRL3_10329	NRRL3_10329
jgi|Aspni_NRRL3_1|10330|NRRL3_10330	NRRL3_10330
jgi|Aspni_NRRL3_1|10331|NRRL3_10331	NRRL3_10331
jgi|Aspni_NRRL3_1|10332|NRRL3_10332	NRRL3_10332
jgi|Aspni_NRRL3_1|10333|NRRL3_10333	NRRL3_10333
jgi|Aspni_NRRL3_1|10334|NRRL3_10334	NRRL3_10334
jgi|Aspni_NRRL3_1|10335|NRRL3_10335	NRRL3_10335
jgi|Aspni_NRRL3_1|10336|NRRL3_10336	NRRL3_10336
jgi|Aspni_NRRL3_1|10337|NRRL3_10337	NRRL3_10337
jgi|Aspni_NRRL3_1|10338|NRRL3_10338	NRRL3_10338
jgi|Aspni_NRRL3_1|10339|NRRL3_10339	NRRL3_10339
jgi|Aspni_NRRL3_1|10340|NRRL3_10340	NRRL3_10340
jgi|Aspni_NRRL3_1|10341|NRRL3_10341	NRRL3_10341
jgi|Aspni_NRRL3_1|10342|NRRL3_10342	NRRL3_10342
jgi|Aspni_NRRL3_1|10343|NRRL3_10343	NRRL3_10343
jgi|Aspni_NRRL3_1|10344|NRRL3_10344	NRRL3_10344
jgi|Aspni_NRRL3_1|10345|NRRL3_10345	NRRL3_10345
jgi|Aspni_NRRL3_1|10346|NRRL3_10346	NRRL3_10346
jgi|Aspni_NRRL3_1|10347|NRRL3_10347	NRRL3_10347
jgi|Aspni_NRRL3_1|10348|NRRL3_10348	NRRL3_10348
jgi|Aspni_NRRL3_1|10349|NRRL3_10349	NRRL3_10349
jgi|Aspni_NRRL3_1|10350|NRRL3_10350	NRRL3_10350
jgi|Aspni_NRRL3_1|10351|NRRL3_10351	NRRL3_10351
jgi|Aspni_NRRL3_1|10352|NRRL3_10352	NRRL3_10352
jgi|Aspni_NRRL3_1|10353|NRRL3_10353	NRRL3_10353
jgi|Aspni_NRRL3_1|10354|NRRL3_10354	NRRL3_10354
jgi|Aspni_NRRL3_1|10355|NRRL3_10355	NRRL3_10355
jgi|Aspni_NRRL3_1|10356|NRRL3_10356	NRRL3_10356
jgi|Aspni_NRRL3_1|10357|NRRL3_10357	NRRL3_10357
jgi|Aspni_NRRL3_1|10358|NRRL3_10358	NRRL3_10358
jgi|Aspni_NRRL3_1|10359|NRRL3_10359	NRRL3_10359
jgi|Aspni_NRRL3_1|10360|NRRL3_10360	NRRL3_10360
jgi|Aspni_NRRL3_1|10361|NRRL3_10361	NRRL3_10361
jgi|Aspni_NRRL3_1|10362|NRRL3_10362	NRRL3_10362
jgi|Aspni_NRRL3_1|10363|NRRL3_10363	NRRL3_10363
jgi|Aspni_NRRL3_1|10364|NRRL3_10364	NRRL3_10364
jgi|Aspni_NRRL3_1|10365|NRRL3_10365	NRRL3_10365
jgi|Aspni_NRRL3_1|10366|NRRL3_10366	NRRL3_10366
jgi|Aspni_NRRL3_1|10367|NRRL3_10367	NRRL3_10367
jgi|Aspni_NRRL3_1|10368|NRRL3_10368	NRRL3_10368
jgi|Aspni_NRRL3_1|10369|NRRL3_10369	NRRL3_10369
jgi|Aspni_NRRL3_1|10370|NRRL3_10370	NRRL3_10370
jgi|Aspni_NRRL3_1|10371|NRRL3_10371	NRRL3_10371
jgi|Aspni_NRRL3_1|10372|NRRL3_10372	NRRL3_10372
jgi|Aspni_NRRL3_1|10373|NRRL3_10373	NRRL3_10373
jgi|Aspni_NRRL3_1|10374|NRRL3_10374	NRRL3_10374
jgi|Aspni_NRRL3_1|10375|NRRL3_10375	NRRL3_10375
jgi|Aspni_NRRL3_1|10376|NRRL3_10376	NRRL3_10376
jgi|Aspni_NRRL3_1|10377|NRRL3_10377	NRRL3_10377
jgi|Aspni_NRRL3_1|10378|NRRL3_10378	NRRL3_10378
jgi|Aspni_NRRL3_1|10379|NRRL3_10379	NRRL3_10379
jgi|Aspni_NRRL3_1|10380|NRRL3_10380	NRRL3_10380
jgi|Aspni_NRRL3_1|10381|NRRL3_10381	NRRL3_10381
jgi|Aspni_NRRL3_1|10382|NRRL3_10382	NRRL3_10382
jgi|Aspni_NRRL3_1|10383|NRRL3_10383	NRRL3_10383
jgi|Aspni_NRRL3_1|10384|NRRL3_10384	NRRL3_10384
jgi|Aspni_NRRL3_1|10385|NRRL3_10385	NRRL3_10385
jgi|Aspni_NRRL3_1|10386|NRRL3_10386	NRRL3_10386
jgi|Aspni_NRRL3_1|10387|NRRL3_10387	NRRL3_10387
jgi|Aspni_NRRL3_1|10388|NRRL3_10388	NRRL3_10388
jgi|Aspni_NRRL3_1|10389|NRRL3_10389	NRRL3_10389
jgi|Aspni_NRRL3_1|10390|NRRL3_10390	NRRL3_10390
jgi|Aspni_NRRL3_1|10391|NRRL3_10391	NRRL3_10391
jgi|Aspni_NRRL3_1|10392|NRRL3_10392	NRRL3_10392
jgi|Aspni_NRRL3_1|10393|NRRL3_10393	NRRL3_10393
jgi|Aspni_NRRL3_1|10394|NRRL3_10394	NRRL3_10394
jgi|Aspni_NRRL3_1|10395|NRRL3_10395	NRRL3_10395
jgi|Aspni_NRRL3_1|10396|NRRL3_10396	NRRL3_10396
jgi|Aspni_NRRL3_1|10397|NRRL3_10397	NRRL3_10397
jgi|Aspni_NRRL3_1|10398|NRRL3_10398	NRRL3_10398
jgi|Aspni_NRRL3_1|10399|NRRL3_10399	NRRL3_10399
jgi|Aspni_NRRL3_1|10400|NRRL3_10400	NRRL3_10400
jgi|Aspni_NRRL3_1|10401|NRRL3_10401	NRRL3_10401
jgi|Aspni_NRRL3_1|10402|NRRL3_10402	NRRL3_10402
jgi|Aspni_NRRL3_1|10403|NRRL3_10403	NRRL3_10403
jgi|Aspni_NRRL3_1|10404|NRRL3_10404	NRRL3_10404
jgi|Aspni_NRRL3_1|10405|NRRL3_10405	NRRL3_10405
jgi|Aspni_NRRL3_1|10406|NRRL3_10406	NRRL3_10406
jgi|Aspni_NRRL3_1|10407|NRRL3_10407	NRRL3_10407
jgi|Aspni_NRRL3_1|10408|NRRL3_10408	NRRL3_10408
jgi|Aspni_NRRL3_1|10409|NRRL3_10409	NRRL3_10409
jgi|Aspni_NRRL3_1|10410|NRRL3_10410	NRRL3_10410
jgi|Aspni_NRRL3_1|10411|NRRL3_10411	NRRL3_10411
jgi|Aspni_NRRL3_1|10412|NRRL3_10412	NRRL3_10412
jgi|Aspni_NRRL3_1|10413|NRRL3_10413	NRRL3_10413
jgi|Aspni_NRRL3_1|10414|NRRL3_10414	NRRL3_10414
jgi|Aspni_NRRL3_1|10415|NRRL3_10415	NRRL3_10415
jgi|Aspni_NRRL3_1|10416|NRRL3_10416	NRRL3_10416
jgi|Aspni_NRRL3_1|10417|NRRL3_10417	NRRL3_10417
jgi|Aspni_NRRL3_1|10418|NRRL3_10418	NRRL3_10418
jgi|Aspni_NRRL3_1|10419|NRRL3_10419	NRRL3_10419
jgi|Aspni_NRRL3_1|10420|NRRL3_10420	NRRL3_10420
jgi|Aspni_NRRL3_1|10421|NRRL3_10421	NRRL3_10421
jgi|Aspni_NRRL3_1|10422|NRRL3_10422	NRRL3_10422
jgi|Aspni_NRRL3_1|10423|NRRL3_10423	NRRL3_10423
jgi|Aspni_NRRL3_1|10424|NRRL3_10424	NRRL3_10424
jgi|Aspni_NRRL3_1|10425|NRRL3_10425	NRRL3_10425
jgi|Aspni_NRRL3_1|10426|NRRL3_10426	NRRL3_10426
jgi|Aspni_NRRL3_1|10427|NRRL3_10427	NRRL3_10427
jgi|Aspni_NRRL3_1|10428|NRRL3_10428	NRRL3_10428
jgi|Aspni_NRRL3_1|10429|NRRL3_10429	NRRL3_10429
jgi|Aspni_NRRL3_1|10430|NRRL3_10430	NRRL3_10430
jgi|Aspni_NRRL3_1|10431|NRRL3_10431	NRRL3_10431
jgi|Aspni_NRRL3_1|10432|NRRL3_10432	NRRL3_10432
jgi|Aspni_NRRL3_1|10433|NRRL3_10433	NRRL3_10433
jgi|Aspni_NRRL3_1|10434|NRRL3_10434	NRRL3_10434
jgi|Aspni_NRRL3_1|10435|NRRL3_10435	NRRL3_10435
jgi|Aspni_NRRL3_1|10436|NRRL3_10436	NRRL3_10436
jgi|Aspni_NRRL3_1|10437|NRRL3_10437	NRRL3_10437
jgi|Aspni_NRRL3_1|10438|NRRL3_10438	NRRL3_10438
jgi|Aspni_NRRL3_1|10439|NRRL3_10439	NRRL3_10439
jgi|Aspni_NRRL3_1|10440|NRRL3_10440	NRRL3_10440
jgi|Aspni_NRRL3_1|10441|NRRL3_10441	NRRL3_10441
jgi|Aspni_NRRL3_1|10442|NRRL3_10442	NRRL3_10442
jgi|Aspni_NRRL3_1|10443|NRRL3_10443	NRRL3_10443
jgi|Aspni_NRRL3_1|10444|NRRL3_10444	NRRL3_10444
jgi|Aspni_NRRL3_1|10445|NRRL3_10445	NRRL3_10445
jgi|Aspni_NRRL3_1|10446|NRRL3_10446	NRRL3_10446
jgi|Aspni_NRRL3_1|10447|NRRL3_10447	NRRL3_10447
jgi|Aspni_NRRL3_1|10448|NRRL3_10448	NRRL3_10448
jgi|Aspni_NRRL3_1|10449|NRRL3_10449	NRRL3_10449
jgi|Aspni_NRRL3_1|10450|NRRL3_10450	NRRL3_10450
jgi|Aspni_NRRL3_1|10451|NRRL3_10451	NRRL3_10451
jgi|Aspni_NRRL3_1|10452|NRRL3_10452	NRRL3_10452
jgi|Aspni_NRRL3_1|10453|NRRL3_10453	NRRL3_10453
jgi|Aspni_NRRL3_1|10454|NRRL3_10454	NRRL3_10454
jgi|Aspni_NRRL3_1|10455|NRRL3_10455	NRRL3_10455
jgi|Aspni_NRRL3_1|10456|NRRL3_10456	NRRL3_10456
jgi|Aspni_NRRL3_1|10457|NRRL3_10457	NRRL3_10457
jgi|Aspni_NRRL3_1|10458|NRRL3_10458	NRRL3_10458
jgi|Aspni_NRRL3_1|10459|NRRL3_10459	NRRL3_10459
jgi|Aspni_NRRL3_1|10460|NRRL3_10460	NRRL3_10460
jgi|Aspni_NRRL3_1|10461|NRRL3_10461	NRRL3_10461
jgi|Aspni_NRRL3_1|10462|NRRL3_10462	NRRL3_10462
jgi|Aspni_NRRL3_1|10463|NRRL3_10463	NRRL3_10463
jgi|Aspni_NRRL3_1|10464|NRRL3_10464	NRRL3_10464
jgi|Aspni_NRRL3_1|10465|NRRL3_10465	NRRL3_10465
jgi|Aspni_NRRL3_1|10466|NRRL3_10466	NRRL3_10466
jgi|Aspni_NRRL3_1|10467|NRRL3_10467	NRRL3_10467
jgi|Aspni_NRRL3_1|10468|NRRL3_10468	NRRL3_10468
jgi|Aspni_NRRL3_1|10469|NRRL3_10469	NRRL3_10469
jgi|Aspni_NRRL3_1|10470|NRRL3_10470	NRRL3_10470
jgi|Aspni_NRRL3_1|10471|NRRL3_10471	NRRL3_10471
jgi|Aspni_NRRL3_1|10472|NRRL3_10472	NRRL3_10472
jgi|Aspni_NRRL3_1|10473|NRRL3_10473	NRRL3_10473
jgi|Aspni_NRRL3_1|10474|NRRL3_10474	NRRL3_10474
jgi|Aspni_NRRL3_1|10475|NRRL3_10475	NRRL3_10475
jgi|Aspni_NRRL3_1|10476|NRRL3_10476	NRRL3_10476
jgi|Aspni_NRRL3_1|10477|NRRL3_10477	NRRL3_10477
jgi|Aspni_NRRL3_1|10478|NRRL3_10478	NRRL3_10478
jgi|Aspni_NRRL3_1|10479|NRRL3_10479	NRRL3_10479
jgi|Aspni_NRRL3_1|10480|NRRL3_10480	NRRL3_10480
jgi|Aspni_NRRL3_1|10481|NRRL3_10481	NRRL3_10481
jgi|Aspni_NRRL3_1|10482|NRRL3_10482	NRRL3_10482
jgi|Aspni_NRRL3_1|10483|NRRL3_10483	NRRL3_10483
jgi|Aspni_NRRL3_1|10484|NRRL3_10484	NRRL3_10484
jgi|Aspni_NRRL3_1|10485|NRRL3_10485	NRRL3_10485
jgi|Aspni_NRRL3_1|10486|NRRL3_10486	NRRL3_10486
jgi|Aspni_NRRL3_1|10487|NRRL3_10487	NRRL3_10487
jgi|Aspni_NRRL3_1|10488|NRRL3_10488	NRRL3_10488
jgi|Aspni_NRRL3_1|10489|NRRL3_10489	NRRL3_10489
jgi|Aspni_NRRL3_1|10490|NRRL3_10490	NRRL3_10490
jgi|Aspni_NRRL3_1|10491|NRRL3_10491	NRRL3_10491
jgi|Aspni_NRRL3_1|10492|NRRL3_10492	NRRL3_10492
jgi|Aspni_NRRL3_1|10493|NRRL3_10493	NRRL3_10493
jgi|Aspni_NRRL3_1|10494|NRRL3_10494	NRRL3_10494
jgi|Aspni_NRRL3_1|10495|NRRL3_10495	NRRL3_10495
jgi|Aspni_NRRL3_1|10496|NRRL3_10496	NRRL3_10496
jgi|Aspni_NRRL3_1|10497|NRRL3_10497	NRRL3_10497
jgi|Aspni_NRRL3_1|10498|NRRL3_10498	NRRL3_10498
jgi|Aspni_NRRL3_1|10499|NRRL3_10499	NRRL3_10499
jgi|Aspni_NRRL3_1|10500|NRRL3_10500	NRRL3_10500
jgi|Aspni_NRRL3_1|10501|NRRL3_10501	NRRL3_10501
jgi|Aspni_NRRL3_1|10502|NRRL3_10502	NRRL3_10502
jgi|Aspni_NRRL3_1|10503|NRRL3_10503	NRRL3_10503
jgi|Aspni_NRRL3_1|10504|NRRL3_10504	NRRL3_10504
jgi|Aspni_NRRL3_1|10505|NRRL3_10505	NRRL3_10505
jgi|Aspni_NRRL3_1|10506|NRRL3_10506	NRRL3_10506
jgi|Aspni_NRRL3_1|10507|NRRL3_10507	NRRL3_10507
jgi|Aspni_NRRL3_1|10508|NRRL3_10508	NRRL3_10508
jgi|Aspni_NRRL3_1|10509|NRRL3_10509	NRRL3_10509
jgi|Aspni_NRRL3_1|10510|NRRL3_10510	NRRL3_10510
jgi|Aspni_NRRL3_1|10511|NRRL3_10511	NRRL3_10511
jgi|Aspni_NRRL3_1|10512|NRRL3_10512	NRRL3_10512
jgi|Aspni_NRRL3_1|10513|NRRL3_10513	NRRL3_10513
jgi|Aspni_NRRL3_1|10514|NRRL3_10514	NRRL3_10514
jgi|Aspni_NRRL3_1|10515|NRRL3_10515	NRRL3_10515
jgi|Aspni_NRRL3_1|10516|NRRL3_10516	NRRL3_10516
jgi|Aspni_NRRL3_1|10517|NRRL3_10517	NRRL3_10517
jgi|Aspni_NRRL3_1|10518|NRRL3_10518	NRRL3_10518
jgi|Aspni_NRRL3_1|10519|NRRL3_10519	NRRL3_10519
jgi|Aspni_NRRL3_1|10520|NRRL3_10520	NRRL3_10520
jgi|Aspni_NRRL3_1|10521|NRRL3_10521	NRRL3_10521
jgi|Aspni_NRRL3_1|10522|NRRL3_10522	NRRL3_10522
jgi|Aspni_NRRL3_1|10523|NRRL3_10523	NRRL3_10523
jgi|Aspni_NRRL3_1|10524|NRRL3_10524	NRRL3_10524
jgi|Aspni_NRRL3_1|10525|NRRL3_10525	NRRL3_10525
jgi|Aspni_NRRL3_1|10526|NRRL3_10526	NRRL3_10526
jgi|Aspni_NRRL3_1|10527|NRRL3_10527	NRRL3_10527
jgi|Aspni_NRRL3_1|10528|NRRL3_10528	NRRL3_10528
jgi|Aspni_NRRL3_1|10529|NRRL3_10529	NRRL3_10529
jgi|Aspni_NRRL3_1|10530|NRRL3_10530	NRRL3_10530
jgi|Aspni_NRRL3_1|10531|NRRL3_10531	NRRL3_10531
jgi|Aspni_NRRL3_1|10532|NRRL3_10532	NRRL3_10532
jgi|Aspni_NRRL3_1|10533|NRRL3_10533	NRRL3_10533
jgi|Aspni_NRRL3_1|10534|NRRL3_10534	NRRL3_10534
jgi|Aspni_NRRL3_1|10535|NRRL3_10535	NRRL3_10535
jgi|Aspni_NRRL3_1|10536|NRRL3_10536	NRRL3_10536
jgi|Aspni_NRRL3_1|10537|NRRL3_10537	NRRL3_10537
jgi|Aspni_NRRL3_1|10538|NRRL3_10538	NRRL3_10538
jgi|Aspni_NRRL3_1|10539|NRRL3_10539	NRRL3_10539
jgi|Aspni_NRRL3_1|10540|NRRL3_10540	NRRL3_10540
jgi|Aspni_NRRL3_1|10541|NRRL3_10541	NRRL3_10541
jgi|Aspni_NRRL3_1|10542|NRRL3_10542	NRRL3_10542
jgi|Aspni_NRRL3_1|10543|NRRL3_10543	NRRL3_10543
jgi|Aspni_NRRL3_1|10544|NRRL3_10544	NRRL3_10544
jgi|Aspni_NRRL3_1|10545|NRRL3_10545	NRRL3_10545
jgi|Aspni_NRRL3_1|10546|NRRL3_10546	NRRL3_10546
jgi|Aspni_NRRL3_1|10547|NRRL3_10547	NRRL3_10547
jgi|Aspni_NRRL3_1|10548|NRRL3_10548	NRRL3_10548
jgi|Aspni_NRRL3_1|10549|NRRL3_10549	NRRL3_10549
jgi|Aspni_NRRL3_1|10550|NRRL3_10550	NRRL3_10550
jgi|Aspni_NRRL3_1|10551|NRRL3_10551	NRRL3_10551
jgi|Aspni_NRRL3_1|10552|NRRL3_10552	NRRL3_10552
jgi|Aspni_NRRL3_1|10553|NRRL3_10553	NRRL3_10553
jgi|Aspni_NRRL3_1|10554|NRRL3_10554	NRRL3_10554
jgi|Aspni_NRRL3_1|10555|NRRL3_10555	NRRL3_10555
jgi|Aspni_NRRL3_1|10556|NRRL3_10556	NRRL3_10556
jgi|Aspni_NRRL3_1|10557|NRRL3_10557	NRRL3_10557
jgi|Aspni_NRRL3_1|10558|NRRL3_10558	NRRL3_10558
jgi|Aspni_NRRL3_1|10559|NRRL3_10559	NRRL3_10559
jgi|Aspni_NRRL3_1|10560|NRRL3_10560	NRRL3_10560
jgi|Aspni_NRRL3_1|10561|NRRL3_10561	NRRL3_10561
jgi|Aspni_NRRL3_1|10562|NRRL3_10562	NRRL3_10562
jgi|Aspni_NRRL3_1|10563|NRRL3_10563	NRRL3_10563
jgi|Aspni_NRRL3_1|10564|NRRL3_10564	NRRL3_10564
jgi|Aspni_NRRL3_1|10565|NRRL3_10565	NRRL3_10565
jgi|Aspni_NRRL3_1|10566|NRRL3_10566	NRRL3_10566
jgi|Aspni_NRRL3_1|10567|NRRL3_10567	NRRL3_10567
jgi|Aspni_NRRL3_1|10568|NRRL3_10568	NRRL3_10568
jgi|Aspni_NRRL3_1|10569|NRRL3_10569	NRRL3_10569
jgi|Aspni_NRRL3_1|10570|NRRL3_10570	NRRL3_10570
jgi|Aspni_NRRL3_1|10571|NRRL3_10571	NRRL3_10571
jgi|Aspni_NRRL3_1|10572|NRRL3_10572	NRRL3_10572
jgi|Aspni_NRRL3_1|10573|NRRL3_10573	NRRL3_10573
jgi|Aspni_NRRL3_1|10574|NRRL3_10574	NRRL3_10574
jgi|Aspni_NRRL3_1|10575|NRRL3_10575	NRRL3_10575
jgi|Aspni_NRRL3_1|10576|NRRL3_10576	NRRL3_10576
jgi|Aspni_NRRL3_1|10577|NRRL3_10577	NRRL3_10577
jgi|Aspni_NRRL3_1|10578|NRRL3_10578	NRRL3_10578
jgi|Aspni_NRRL3_1|10579|NRRL3_10579	NRRL3_10579
jgi|Aspni_NRRL3_1|10580|NRRL3_10580	NRRL3_10580
jgi|Aspni_NRRL3_1|10581|NRRL3_10581	NRRL3_10581
jgi|Aspni_NRRL3_1|10582|NRRL3_10582	NRRL3_10582
jgi|Aspni_NRRL3_1|10583|NRRL3_10583	NRRL3_10583
jgi|Aspni_NRRL3_1|10584|NRRL3_10584	NRRL3_10584
jgi|Aspni_NRRL3_1|10585|NRRL3_10585	NRRL3_10585
jgi|Aspni_NRRL3_1|10586|NRRL3_10586	NRRL3_10586
jgi|Aspni_NRRL3_1|10587|NRRL3_10587	NRRL3_10587
jgi|Aspni_NRRL3_1|10588|NRRL3_10588	NRRL3_10588
jgi|Aspni_NRRL3_1|10589|NRRL3_10589	NRRL3_10589
jgi|Aspni_NRRL3_1|10590|NRRL3_10590	NRRL3_10590
jgi|Aspni_NRRL3_1|10591|NRRL3_10591	NRRL3_10591
jgi|Aspni_NRRL3_1|10592|NRRL3_10592	NRRL3_10592
jgi|Aspni_NRRL3_1|10593|NRRL3_10593	NRRL3_10593
jgi|Aspni_NRRL3_1|10594|NRRL3_10594	NRRL3_10594
jgi|Aspni_NRRL3_1|10595|NRRL3_10595	NRRL3_10595
jgi|Aspni_NRRL3_1|10596|NRRL3_10596	NRRL3_10596
jgi|Aspni_NRRL3_1|10597|NRRL3_10597	NRRL3_10597
jgi|Aspni_NRRL3_1|10598|NRRL3_10598	NRRL3_10598
jgi|Aspni_NRRL3_1|10599|NRRL3_10599	NRRL3_10599
jgi|Aspni_NRRL3_1|10600|NRRL3_10600	NRRL3_10600
jgi|Aspni_NRRL3_1|10601|NRRL3_10601	NRRL3_10601
jgi|Aspni_NRRL3_1|10602|NRRL3_10602	NRRL3_10602
jgi|Aspni_NRRL3_1|10603|NRRL3_10603	NRRL3_10603
jgi|Aspni_NRRL3_1|10604|NRRL3_10604	NRRL3_10604
jgi|Aspni_NRRL3_1|10605|NRRL3_10605	NRRL3_10605
jgi|Aspni_NRRL3_1|10606|NRRL3_10606	NRRL3_10606
jgi|Aspni_NRRL3_1|10607|NRRL3_10607	NRRL3_10607
jgi|Aspni_NRRL3_1|10608|NRRL3_10608	NRRL3_10608
jgi|Aspni_NRRL3_1|10609|NRRL3_10609	NRRL3_10609
jgi|Aspni_NRRL3_1|10610|NRRL3_10610	NRRL3_10610
jgi|Aspni_NRRL3_1|10611|NRRL3_10611	NRRL3_10611
jgi|Aspni_NRRL3_1|10612|NRRL3_10612	NRRL3_10612
jgi|Aspni_NRRL3_1|10613|NRRL3_10613	NRRL3_10613
jgi|Aspni_NRRL3_1|10614|NRRL3_10614	NRRL3_10614
jgi|Aspni_NRRL3_1|10615|NRRL3_10615	NRRL3_10615
jgi|Aspni_NRRL3_1|10616|NRRL3_10616	NRRL3_10616
jgi|Aspni_NRRL3_1|10617|NRRL3_10617	NRRL3_10617
jgi|Aspni_NRRL3_1|10618|NRRL3_10618	NRRL3_10618
jgi|Aspni_NRRL3_1|10619|NRRL3_10619	NRRL3_10619
jgi|Aspni_NRRL3_1|10620|NRRL3_10620	NRRL3_10620
jgi|Aspni_NRRL3_1|10621|NRRL3_10621	NRRL3_10621
jgi|Aspni_NRRL3_1|10622|NRRL3_10622	NRRL3_10622
jgi|Aspni_NRRL3_1|10623|NRRL3_10623	NRRL3_10623
jgi|Aspni_NRRL3_1|10624|NRRL3_10624	NRRL3_10624
jgi|Aspni_NRRL3_1|10625|NRRL3_10625	NRRL3_10625
jgi|Aspni_NRRL3_1|10626|NRRL3_10626	NRRL3_10626
jgi|Aspni_NRRL3_1|10627|NRRL3_10627	NRRL3_10627
jgi|Aspni_NRRL3_1|10628|NRRL3_10628	NRRL3_10628
jgi|Aspni_NRRL3_1|10629|NRRL3_10629	NRRL3_10629
jgi|Aspni_NRRL3_1|10630|NRRL3_10630	NRRL3_10630
jgi|Aspni_NRRL3_1|10631|NRRL3_10631	NRRL3_10631
jgi|Aspni_NRRL3_1|10632|NRRL3_10632	NRRL3_10632
jgi|Aspni_NRRL3_1|10633|NRRL3_10633	NRRL3_10633
jgi|Aspni_NRRL3_1|10634|NRRL3_10634	NRRL3_10634
jgi|Aspni_NRRL3_1|10635|NRRL3_10635	NRRL3_10635
jgi|Aspni_NRRL3_1|10636|NRRL3_10636	NRRL3_10636
jgi|Aspni_NRRL3_1|10637|NRRL3_10637	NRRL3_10637
jgi|Aspni_NRRL3_1|10638|NRRL3_10638	NRRL3_10638
jgi|Aspni_NRRL3_1|10639|NRRL3_10639	NRRL3_10639
jgi|Aspni_NRRL3_1|10640|NRRL3_10640	NRRL3_10640
jgi|Aspni_NRRL3_1|10641|NRRL3_10641	NRRL3_10641
jgi|Aspni_NRRL3_1|10642|NRRL3_10642	NRRL3_10642
jgi|Aspni_NRRL3_1|10643|NRRL3_10643	NRRL3_10643
jgi|Aspni_NRRL3_1|10644|NRRL3_10644	NRRL3_10644
jgi|Aspni_NRRL3_1|10645|NRRL3_10645	NRRL3_10645
jgi|Aspni_NRRL3_1|10646|NRRL3_10646	NRRL3_10646
jgi|Aspni_NRRL3_1|10647|NRRL3_10647	NRRL3_10647
jgi|Aspni_NRRL3_1|10648|NRRL3_10648	NRRL3_10648
jgi|Aspni_NRRL3_1|10649|NRRL3_10649	NRRL3_10649
jgi|Aspni_NRRL3_1|10650|NRRL3_10650	NRRL3_10650
jgi|Aspni_NRRL3_1|10651|NRRL3_10651	NRRL3_10651
jgi|Aspni_NRRL3_1|10652|NRRL3_10652	NRRL3_10652
jgi|Aspni_NRRL3_1|10653|NRRL3_10653	NRRL3_10653
jgi|Aspni_NRRL3_1|10654|NRRL3_10654	NRRL3_10654
jgi|Aspni_NRRL3_1|10655|NRRL3_10655	NRRL3_10655
jgi|Aspni_NRRL3_1|10656|NRRL3_10656	NRRL3_10656
jgi|Aspni_NRRL3_1|10657|NRRL3_10657	NRRL3_10657
jgi|Aspni_NRRL3_1|10658|NRRL3_10658	NRRL3_10658
jgi|Aspni_NRRL3_1|10659|NRRL3_10659	NRRL3_10659
jgi|Aspni_NRRL3_1|10660|NRRL3_10660	NRRL3_10660
jgi|Aspni_NRRL3_1|10661|NRRL3_10661	NRRL3_10661
jgi|Aspni_NRRL3_1|10662|NRRL3_10662	NRRL3_10662
jgi|Aspni_NRRL3_1|10663|NRRL3_10663	NRRL3_10663
jgi|Aspni_NRRL3_1|10664|NRRL3_10664	NRRL3_10664
jgi|Aspni_NRRL3_1|10665|NRRL3_10665	NRRL3_10665
jgi|Aspni_NRRL3_1|10666|NRRL3_10666	NRRL3_10666
jgi|Aspni_NRRL3_1|10667|NRRL3_10667	NRRL3_10667
jgi|Aspni_NRRL3_1|10668|NRRL3_10668	NRRL3_10668
jgi|Aspni_NRRL3_1|10669|NRRL3_10669	NRRL3_10669
jgi|Aspni_NRRL3_1|10670|NRRL3_10670	NRRL3_10670
jgi|Aspni_NRRL3_1|10671|NRRL3_10671	NRRL3_10671
jgi|Aspni_NRRL3_1|10672|NRRL3_10672	NRRL3_10672
jgi|Aspni_NRRL3_1|10673|NRRL3_10673	NRRL3_10673
jgi|Aspni_NRRL3_1|10674|NRRL3_10674	NRRL3_10674
jgi|Aspni_NRRL3_1|10675|NRRL3_10675	NRRL3_10675
jgi|Aspni_NRRL3_1|10676|NRRL3_10676	NRRL3_10676
jgi|Aspni_NRRL3_1|10677|NRRL3_10677	NRRL3_10677
jgi|Aspni_NRRL3_1|10678|NRRL3_10678	NRRL3_10678
jgi|Aspni_NRRL3_1|10679|NRRL3_10679	NRRL3_10679
jgi|Aspni_NRRL3_1|10680|NRRL3_10680	NRRL3_10680
jgi|Aspni_NRRL3_1|10681|NRRL3_10681	NRRL3_10681
jgi|Aspni_NRRL3_1|10682|NRRL3_10682	NRRL3_10682
jgi|Aspni_NRRL3_1|10683|NRRL3_10683	NRRL3_10683
jgi|Aspni_NRRL3_1|10684|NRRL3_10684	NRRL3_10684
jgi|Aspni_NRRL3_1|10685|NRRL3_10685	NRRL3_10685
jgi|Aspni_NRRL3_1|10686|NRRL3_10686	NRRL3_10686
jgi|Aspni_NRRL3_1|10687|NRRL3_10687	NRRL3_10687
jgi|Aspni_NRRL3_1|10688|NRRL3_10688	NRRL3_10688
jgi|Aspni_NRRL3_1|10689|NRRL3_10689	NRRL3_10689
jgi|Aspni_NRRL3_1|10690|NRRL3_10690	NRRL3_10690
jgi|Aspni_NRRL3_1|10691|NRRL3_10691	NRRL3_10691
jgi|Aspni_NRRL3_1|10692|NRRL3_10692	NRRL3_10692
jgi|Aspni_NRRL3_1|10693|NRRL3_10693	NRRL3_10693
jgi|Aspni_NRRL3_1|10694|NRRL3_10694	NRRL3_10694
jgi|Aspni_NRRL3_1|10695|NRRL3_10695	NRRL3_10695
jgi|Aspni_NRRL3_1|10696|NRRL3_10696	NRRL3_10696
jgi|Aspni_NRRL3_1|10697|NRRL3_10697	NRRL3_10697
jgi|Aspni_NRRL3_1|10698|NRRL3_10698	NRRL3_10698
jgi|Aspni_NRRL3_1|10699|NRRL3_10699	NRRL3_10699
jgi|Aspni_NRRL3_1|10700|NRRL3_10700	NRRL3_10700
jgi|Aspni_NRRL3_1|10701|NRRL3_10701	NRRL3_10701
jgi|Aspni_NRRL3_1|10702|NRRL3_10702	NRRL3_10702
jgi|Aspni_NRRL3_1|10703|NRRL3_10703	NRRL3_10703
jgi|Aspni_NRRL3_1|10704|NRRL3_10704	NRRL3_10704
jgi|Aspni_NRRL3_1|10705|NRRL3_10705	NRRL3_10705
jgi|Aspni_NRRL3_1|10706|NRRL3_10706	NRRL3_10706
jgi|Aspni_NRRL3_1|10707|NRRL3_10707	NRRL3_10707
jgi|Aspni_NRRL3_1|10708|NRRL3_10708	NRRL3_10708
jgi|Aspni_NRRL3_1|10709|NRRL3_10709	NRRL3_10709
jgi|Aspni_NRRL3_1|10710|NRRL3_10710	NRRL3_10710
jgi|Aspni_NRRL3_1|10711|NRRL3_10711	NRRL3_10711
jgi|Aspni_NRRL3_1|10712|NRRL3_10712	NRRL3_10712
jgi|Aspni_NRRL3_1|10713|NRRL3_10713	NRRL3_10713
jgi|Aspni_NRRL3_1|10714|NRRL3_10714	NRRL3_10714
jgi|Aspni_NRRL3_1|10715|NRRL3_10715	NRRL3_10715
jgi|Aspni_NRRL3_1|10716|NRRL3_10716	NRRL3_10716
jgi|Aspni_NRRL3_1|10717|NRRL3_10717	NRRL3_10717
jgi|Aspni_NRRL3_1|10718|NRRL3_10718	NRRL3_10718
jgi|Aspni_NRRL3_1|10719|NRRL3_10719	NRRL3_10719
jgi|Aspni_NRRL3_1|10720|NRRL3_10720	NRRL3_10720
jgi|Aspni_NRRL3_1|10721|NRRL3_10721	NRRL3_10721
jgi|Aspni_NRRL3_1|10722|NRRL3_10722	NRRL3_10722
jgi|Aspni_NRRL3_1|10723|NRRL3_10723	NRRL3_10723
jgi|Aspni_NRRL3_1|10724|NRRL3_10724	NRRL3_10724
jgi|Aspni_NRRL3_1|10725|NRRL3_10725	NRRL3_10725
jgi|Aspni_NRRL3_1|10726|NRRL3_10726	NRRL3_10726
jgi|Aspni_NRRL3_1|10727|NRRL3_10727	NRRL3_10727
jgi|Aspni_NRRL3_1|10728|NRRL3_10728	NRRL3_10728
jgi|Aspni_NRRL3_1|10729|NRRL3_10729	NRRL3_10729
jgi|Aspni_NRRL3_1|10730|NRRL3_10730	NRRL3_10730
jgi|Aspni_NRRL3_1|10731|NRRL3_10731	NRRL3_10731
jgi|Aspni_NRRL3_1|10732|NRRL3_10732	NRRL3_10732
jgi|Aspni_NRRL3_1|10733|NRRL3_10733	NRRL3_10733
jgi|Aspni_NRRL3_1|10734|NRRL3_10734	NRRL3_10734
jgi|Aspni_NRRL3_1|10735|NRRL3_10735	NRRL3_10735
jgi|Aspni_NRRL3_1|10736|NRRL3_10736	NRRL3_10736
jgi|Aspni_NRRL3_1|10737|NRRL3_10737	NRRL3_10737
jgi|Aspni_NRRL3_1|10738|NRRL3_10738	NRRL3_10738
jgi|Aspni_NRRL3_1|10739|NRRL3_10739	NRRL3_10739
jgi|Aspni_NRRL3_1|10740|NRRL3_10740	NRRL3_10740
jgi|Aspni_NRRL3_1|10741|NRRL3_10741	NRRL3_10741
jgi|Aspni_NRRL3_1|10742|NRRL3_10742	NRRL3_10742
jgi|Aspni_NRRL3_1|10743|NRRL3_10743	NRRL3_10743
jgi|Aspni_NRRL3_1|10744|NRRL3_10744	NRRL3_10744
jgi|Aspni_NRRL3_1|10745|NRRL3_10745	NRRL3_10745
jgi|Aspni_NRRL3_1|10746|NRRL3_10746	NRRL3_10746
jgi|Aspni_NRRL3_1|10747|NRRL3_10747	NRRL3_10747
jgi|Aspni_NRRL3_1|10748|NRRL3_10748	NRRL3_10748
jgi|Aspni_NRRL3_1|10749|NRRL3_10749	NRRL3_10749
jgi|Aspni_NRRL3_1|10750|NRRL3_10750	NRRL3_10750
jgi|Aspni_NRRL3_1|10751|NRRL3_10751	NRRL3_10751
jgi|Aspni_NRRL3_1|10752|NRRL3_10752	NRRL3_10752
jgi|Aspni_NRRL3_1|10753|NRRL3_10753	NRRL3_10753
jgi|Aspni_NRRL3_1|10754|NRRL3_10754	NRRL3_10754
jgi|Aspni_NRRL3_1|10755|NRRL3_10755	NRRL3_10755
jgi|Aspni_NRRL3_1|10756|NRRL3_10756	NRRL3_10756
jgi|Aspni_NRRL3_1|10757|NRRL3_10757	NRRL3_10757
jgi|Aspni_NRRL3_1|10758|NRRL3_10758	NRRL3_10758
jgi|Aspni_NRRL3_1|10759|NRRL3_10759	NRRL3_10759
jgi|Aspni_NRRL3_1|10760|NRRL3_10760	NRRL3_10760
jgi|Aspni_NRRL3_1|10761|NRRL3_10761	NRRL3_10761
jgi|Aspni_NRRL3_1|10762|NRRL3_10762	NRRL3_10762
jgi|Aspni_NRRL3_1|10763|NRRL3_10763	NRRL3_10763
jgi|Aspni_NRRL3_1|10764|NRRL3_10764	NRRL3_10764
jgi|Aspni_NRRL3_1|10765|NRRL3_10765	NRRL3_10765
jgi|Aspni_NRRL3_1|10766|NRRL3_10766	NRRL3_10766
jgi|Aspni_NRRL3_1|10767|NRRL3_10767	NRRL3_10767
jgi|Aspni_NRRL3_1|10768|NRRL3_10768	NRRL3_10768
jgi|Aspni_NRRL3_1|10769|NRRL3_10769	NRRL3_10769
jgi|Aspni_NRRL3_1|10770|NRRL3_10770	NRRL3_10770
jgi|Aspni_NRRL3_1|10771|NRRL3_10771	NRRL3_10771
jgi|Aspni_NRRL3_1|10772|NRRL3_10772	NRRL3_10772
jgi|Aspni_NRRL3_1|10773|NRRL3_10773	NRRL3_10773
jgi|Aspni_NRRL3_1|10774|NRRL3_10774	NRRL3_10774
jgi|Aspni_NRRL3_1|10775|NRRL3_10775	NRRL3_10775
jgi|Aspni_NRRL3_1|10776|NRRL3_10776	NRRL3_10776
jgi|Aspni_NRRL3_1|10777|NRRL3_10777	NRRL3_10777
jgi|Aspni_NRRL3_1|10778|NRRL3_10778	NRRL3_10778
jgi|Aspni_NRRL3_1|10779|NRRL3_10779	NRRL3_10779
jgi|Aspni_NRRL3_1|10780|NRRL3_10780	NRRL3_10780
jgi|Aspni_NRRL3_1|10781|NRRL3_10781	NRRL3_10781
jgi|Aspni_NRRL3_1|10782|NRRL3_10782	NRRL3_10782
jgi|Aspni_NRRL3_1|10783|NRRL3_10783	NRRL3_10783
jgi|Aspni_NRRL3_1|10784|NRRL3_10784	NRRL3_10784
jgi|Aspni_NRRL3_1|10785|NRRL3_10785	NRRL3_10785
jgi|Aspni_NRRL3_1|10786|NRRL3_10786	NRRL3_10786
jgi|Aspni_NRRL3_1|10787|NRRL3_10787	NRRL3_10787
jgi|Aspni_NRRL3_1|10788|NRRL3_10788	NRRL3_10788
jgi|Aspni_NRRL3_1|10789|NRRL3_10789	NRRL3_10789
jgi|Aspni_NRRL3_1|10790|NRRL3_10790	NRRL3_10790
jgi|Aspni_NRRL3_1|10791|NRRL3_10791	NRRL3_10791
jgi|Aspni_NRRL3_1|10792|NRRL3_10792	NRRL3_10792
jgi|Aspni_NRRL3_1|10793|NRRL3_10793	NRRL3_10793
jgi|Aspni_NRRL3_1|10794|NRRL3_10794	NRRL3_10794
jgi|Aspni_NRRL3_1|10795|NRRL3_10795	NRRL3_10795
jgi|Aspni_NRRL3_1|10796|NRRL3_10796	NRRL3_10796
jgi|Aspni_NRRL3_1|10797|NRRL3_10797	NRRL3_10797
jgi|Aspni_NRRL3_1|10798|NRRL3_10798	NRRL3_10798
jgi|Aspni_NRRL3_1|10799|NRRL3_10799	NRRL3_10799
jgi|Aspni_NRRL3_1|10800|NRRL3_10800	NRRL3_10800
jgi|Aspni_NRRL3_1|10801|NRRL3_10801	NRRL3_10801
jgi|Aspni_NRRL3_1|10802|NRRL3_10802	NRRL3_10802
jgi|Aspni_NRRL3_1|10803|NRRL3_10803	NRRL3_10803
jgi|Aspni_NRRL3_1|10804|NRRL3_10804	NRRL3_10804
jgi|Aspni_NRRL3_1|10805|NRRL3_10805	NRRL3_10805
jgi|Aspni_NRRL3_1|10806|NRRL3_10806	NRRL3_10806
jgi|Aspni_NRRL3_1|10807|NRRL3_10807	NRRL3_10807
jgi|Aspni_NRRL3_1|10808|NRRL3_10808	NRRL3_10808
jgi|Aspni_NRRL3_1|10809|NRRL3_10809	NRRL3_10809
jgi|Aspni_NRRL3_1|10810|NRRL3_10810	NRRL3_10810
jgi|Aspni_NRRL3_1|10811|NRRL3_10811	NRRL3_10811
jgi|Aspni_NRRL3_1|10812|NRRL3_10812	NRRL3_10812
jgi|Aspni_NRRL3_1|10813|NRRL3_10813	NRRL3_10813
jgi|Aspni_NRRL3_1|10814|NRRL3_10814	NRRL3_10814
jgi|Aspni_NRRL3_1|10815|NRRL3_10815	NRRL3_10815
jgi|Aspni_NRRL3_1|10816|NRRL3_10816	NRRL3_10816
jgi|Aspni_NRRL3_1|10817|NRRL3_10817	NRRL3_10817
jgi|Aspni_NRRL3_1|10818|NRRL3_10818	NRRL3_10818
jgi|Aspni_NRRL3_1|10819|NRRL3_10819	NRRL3_10819
jgi|Aspni_NRRL3_1|10820|NRRL3_10820	NRRL3_10820
jgi|Aspni_NRRL3_1|10821|NRRL3_10821	NRRL3_10821
jgi|Aspni_NRRL3_1|10822|NRRL3_10822	NRRL3_10822
jgi|Aspni_NRRL3_1|10823|NRRL3_10823	NRRL3_10823
jgi|Aspni_NRRL3_1|10824|NRRL3_10824	NRRL3_10824
jgi|Aspni_NRRL3_1|10825|NRRL3_10825	NRRL3_10825
jgi|Aspni_NRRL3_1|10826|NRRL3_10826	NRRL3_10826
jgi|Aspni_NRRL3_1|10827|NRRL3_10827	NRRL3_10827
jgi|Aspni_NRRL3_1|10828|NRRL3_10828	NRRL3_10828
jgi|Aspni_NRRL3_1|10829|NRRL3_10829	NRRL3_10829
jgi|Aspni_NRRL3_1|10830|NRRL3_10830	NRRL3_10830
jgi|Aspni_NRRL3_1|10831|NRRL3_10831	NRRL3_10831
jgi|Aspni_NRRL3_1|10832|NRRL3_10832	NRRL3_10832
jgi|Aspni_NRRL3_1|10833|NRRL3_10833	NRRL3_10833
jgi|Aspni_NRRL3_1|10834|NRRL3_10834	NRRL3_10834
jgi|Aspni_NRRL3_1|10835|NRRL3_10835	NRRL3_10835
jgi|Aspni_NRRL3_1|10836|NRRL3_10836	NRRL3_10836
jgi|Aspni_NRRL3_1|10837|NRRL3_10837	NRRL3_10837
jgi|Aspni_NRRL3_1|10838|NRRL3_10838	NRRL3_10838
jgi|Aspni_NRRL3_1|10839|NRRL3_10839	NRRL3_10839
jgi|Aspni_NRRL3_1|10840|NRRL3_10840	NRRL3_10840
jgi|Aspni_NRRL3_1|10841|NRRL3_10841	NRRL3_10841
jgi|Aspni_NRRL3_1|10842|NRRL3_10842	NRRL3_10842
jgi|Aspni_NRRL3_1|10843|NRRL3_10843	NRRL3_10843
jgi|Aspni_NRRL3_1|10844|NRRL3_10844	NRRL3_10844
jgi|Aspni_NRRL3_1|10845|NRRL3_10845	NRRL3_10845
jgi|Aspni_NRRL3_1|10846|NRRL3_10846	NRRL3_10846
jgi|Aspni_NRRL3_1|10847|NRRL3_10847	NRRL3_10847
jgi|Aspni_NRRL3_1|10848|NRRL3_10848	NRRL3_10848
jgi|Aspni_NRRL3_1|10849|NRRL3_10849	NRRL3_10849
jgi|Aspni_NRRL3_1|10850|NRRL3_10850	NRRL3_10850
jgi|Aspni_NRRL3_1|10851|NRRL3_10851	NRRL3_10851
jgi|Aspni_NRRL3_1|10852|NRRL3_10852	NRRL3_10852
jgi|Aspni_NRRL3_1|10853|NRRL3_10853	NRRL3_10853
jgi|Aspni_NRRL3_1|10854|NRRL3_10854	NRRL3_10854
jgi|Aspni_NRRL3_1|10855|NRRL3_10855	NRRL3_10855
jgi|Aspni_NRRL3_1|10856|NRRL3_10856	NRRL3_10856
jgi|Aspni_NRRL3_1|10857|NRRL3_10857	NRRL3_10857
jgi|Aspni_NRRL3_1|10858|NRRL3_10858	NRRL3_10858
jgi|Aspni_NRRL3_1|10859|NRRL3_10859	NRRL3_10859
jgi|Aspni_NRRL3_1|10860|NRRL3_10860	NRRL3_10860
jgi|Aspni_NRRL3_1|10861|NRRL3_10861	NRRL3_10861
jgi|Aspni_NRRL3_1|10862|NRRL3_10862	NRRL3_10862
jgi|Aspni_NRRL3_1|10863|NRRL3_10863	NRRL3_10863
jgi|Aspni_NRRL3_1|10864|NRRL3_10864	NRRL3_10864
jgi|Aspni_NRRL3_1|10865|NRRL3_10865	NRRL3_10865
jgi|Aspni_NRRL3_1|10866|NRRL3_10866	NRRL3_10866
jgi|Aspni_NRRL3_1|10867|NRRL3_10867	NRRL3_10867
jgi|Aspni_NRRL3_1|10868|NRRL3_10868	NRRL3_10868
jgi|Aspni_NRRL3_1|10869|NRRL3_10869	NRRL3_10869
jgi|Aspni_NRRL3_1|10870|NRRL3_10870	NRRL3_10870
jgi|Aspni_NRRL3_1|10871|NRRL3_10871	NRRL3_10871
jgi|Aspni_NRRL3_1|10872|NRRL3_10872	NRRL3_10872
jgi|Aspni_NRRL3_1|10873|NRRL3_10873	NRRL3_10873
jgi|Aspni_NRRL3_1|10874|NRRL3_10874	NRRL3_10874
jgi|Aspni_NRRL3_1|10875|NRRL3_10875	NRRL3_10875
jgi|Aspni_NRRL3_1|10876|NRRL3_10876	NRRL3_10876
jgi|Aspni_NRRL3_1|10877|NRRL3_10877	NRRL3_10877
jgi|Aspni_NRRL3_1|10878|NRRL3_10878	NRRL3_10878
jgi|Aspni_NRRL3_1|10879|NRRL3_10879	NRRL3_10879
jgi|Aspni_NRRL3_1|10880|NRRL3_10880	NRRL3_10880
jgi|Aspni_NRRL3_1|10881|NRRL3_10881	NRRL3_10881
jgi|Aspni_NRRL3_1|10882|NRRL3_10882	NRRL3_10882
jgi|Aspni_NRRL3_1|10883|NRRL3_10883	NRRL3_10883
jgi|Aspni_NRRL3_1|10884|NRRL3_10884	NRRL3_10884
jgi|Aspni_NRRL3_1|10885|NRRL3_10885	NRRL3_10885
jgi|Aspni_NRRL3_1|10886|NRRL3_10886	NRRL3_10886
jgi|Aspni_NRRL3_1|10887|NRRL3_10887	NRRL3_10887
jgi|Aspni_NRRL3_1|10888|NRRL3_10888	NRRL3_10888
jgi|Aspni_NRRL3_1|10889|NRRL3_10889	NRRL3_10889
jgi|Aspni_NRRL3_1|10890|NRRL3_10890	NRRL3_10890
jgi|Aspni_NRRL3_1|10891|NRRL3_10891	NRRL3_10891
jgi|Aspni_NRRL3_1|10892|NRRL3_10892	NRRL3_10892
jgi|Aspni_NRRL3_1|10893|NRRL3_10893	NRRL3_10893
jgi|Aspni_NRRL3_1|10894|NRRL3_10894	NRRL3_10894
jgi|Aspni_NRRL3_1|10895|NRRL3_10895	NRRL3_10895
jgi|Aspni_NRRL3_1|10896|NRRL3_10896	NRRL3_10896
jgi|Aspni_NRRL3_1|10897|NRRL3_10897	NRRL3_10897
jgi|Aspni_NRRL3_1|10898|NRRL3_10898	NRRL3_10898
jgi|Aspni_NRRL3_1|10899|NRRL3_10899	NRRL3_10899
jgi|Aspni_NRRL3_1|10900|NRRL3_10900	NRRL3_10900
jgi|Aspni_NRRL3_1|10901|NRRL3_10901	NRRL3_10901
jgi|Aspni_NRRL3_1|10902|NRRL3_10902	NRRL3_10902
jgi|Aspni_NRRL3_1|10903|NRRL3_10903	NRRL3_10903
jgi|Aspni_NRRL3_1|10904|NRRL3_10904	NRRL3_10904
jgi|Aspni_NRRL3_1|10905|NRRL3_10905	NRRL3_10905
jgi|Aspni_NRRL3_1|10906|NRRL3_10906	NRRL3_10906
jgi|Aspni_NRRL3_1|10907|NRRL3_10907	NRRL3_10907
jgi|Aspni_NRRL3_1|10908|NRRL3_10908	NRRL3_10908
jgi|Aspni_NRRL3_1|10909|NRRL3_10909	NRRL3_10909
jgi|Aspni_NRRL3_1|10910|NRRL3_10910	NRRL3_10910
jgi|Aspni_NRRL3_1|10911|NRRL3_10911	NRRL3_10911
jgi|Aspni_NRRL3_1|10912|NRRL3_10912	NRRL3_10912
jgi|Aspni_NRRL3_1|10913|NRRL3_10913	NRRL3_10913
jgi|Aspni_NRRL3_1|10914|NRRL3_10914	NRRL3_10914
jgi|Aspni_NRRL3_1|10915|NRRL3_10915	NRRL3_10915
jgi|Aspni_NRRL3_1|10916|NRRL3_10916	NRRL3_10916
jgi|Aspni_NRRL3_1|10917|NRRL3_10917	NRRL3_10917
jgi|Aspni_NRRL3_1|10918|NRRL3_10918	NRRL3_10918
jgi|Aspni_NRRL3_1|10919|NRRL3_10919	NRRL3_10919
jgi|Aspni_NRRL3_1|10920|NRRL3_10920	NRRL3_10920
jgi|Aspni_NRRL3_1|10921|NRRL3_10921	NRRL3_10921
jgi|Aspni_NRRL3_1|10922|NRRL3_10922	NRRL3_10922
jgi|Aspni_NRRL3_1|10923|NRRL3_10923	NRRL3_10923
jgi|Aspni_NRRL3_1|10924|NRRL3_10924	NRRL3_10924
jgi|Aspni_NRRL3_1|10925|NRRL3_10925	NRRL3_10925
jgi|Aspni_NRRL3_1|10926|NRRL3_10926	NRRL3_10926
jgi|Aspni_NRRL3_1|10927|NRRL3_10927	NRRL3_10927
jgi|Aspni_NRRL3_1|10928|NRRL3_10928	NRRL3_10928
jgi|Aspni_NRRL3_1|10929|NRRL3_10929	NRRL3_10929
jgi|Aspni_NRRL3_1|10930|NRRL3_10930	NRRL3_10930
jgi|Aspni_NRRL3_1|10931|NRRL3_10931	NRRL3_10931
jgi|Aspni_NRRL3_1|10932|NRRL3_10932	NRRL3_10932
jgi|Aspni_NRRL3_1|10933|NRRL3_10933	NRRL3_10933
jgi|Aspni_NRRL3_1|10934|NRRL3_10934	NRRL3_10934
jgi|Aspni_NRRL3_1|10935|NRRL3_10935	NRRL3_10935
jgi|Aspni_NRRL3_1|10936|NRRL3_10936	NRRL3_10936
jgi|Aspni_NRRL3_1|10937|NRRL3_10937	NRRL3_10937
jgi|Aspni_NRRL3_1|10938|NRRL3_10938	NRRL3_10938
jgi|Aspni_NRRL3_1|10939|NRRL3_10939	NRRL3_10939
jgi|Aspni_NRRL3_1|10940|NRRL3_10940	NRRL3_10940
jgi|Aspni_NRRL3_1|10941|NRRL3_10941	NRRL3_10941
jgi|Aspni_NRRL3_1|10942|NRRL3_10942	NRRL3_10942
jgi|Aspni_NRRL3_1|10943|NRRL3_10943	NRRL3_10943
jgi|Aspni_NRRL3_1|10944|NRRL3_10944	NRRL3_10944
jgi|Aspni_NRRL3_1|10945|NRRL3_10945	NRRL3_10945
jgi|Aspni_NRRL3_1|10946|NRRL3_10946	NRRL3_10946
jgi|Aspni_NRRL3_1|10947|NRRL3_10947	NRRL3_10947
jgi|Aspni_NRRL3_1|10948|NRRL3_10948	NRRL3_10948
jgi|Aspni_NRRL3_1|10949|NRRL3_10949	NRRL3_10949
jgi|Aspni_NRRL3_1|10950|NRRL3_10950	NRRL3_10950
jgi|Aspni_NRRL3_1|10951|NRRL3_10951	NRRL3_10951
jgi|Aspni_NRRL3_1|10952|NRRL3_10952	NRRL3_10952
jgi|Aspni_NRRL3_1|10953|NRRL3_10953	NRRL3_10953
jgi|Aspni_NRRL3_1|10954|NRRL3_10954	NRRL3_10954
jgi|Aspni_NRRL3_1|10955|NRRL3_10955	NRRL3_10955
jgi|Aspni_NRRL3_1|10956|NRRL3_10956	NRRL3_10956
jgi|Aspni_NRRL3_1|10957|NRRL3_10957	NRRL3_10957
jgi|Aspni_NRRL3_1|10958|NRRL3_10958	NRRL3_10958
jgi|Aspni_NRRL3_1|10959|NRRL3_10959	NRRL3_10959
jgi|Aspni_NRRL3_1|10960|NRRL3_10960	NRRL3_10960
jgi|Aspni_NRRL3_1|10961|NRRL3_10961	NRRL3_10961
jgi|Aspni_NRRL3_1|10962|NRRL3_10962	NRRL3_10962
jgi|Aspni_NRRL3_1|10963|NRRL3_10963	NRRL3_10963
jgi|Aspni_NRRL3_1|10964|NRRL3_10964	NRRL3_10964
jgi|Aspni_NRRL3_1|10965|NRRL3_10965	NRRL3_10965
jgi|Aspni_NRRL3_1|10966|NRRL3_10966	NRRL3_10966
jgi|Aspni_NRRL3_1|10967|NRRL3_10967	NRRL3_10967
jgi|Aspni_NRRL3_1|10968|NRRL3_10968	NRRL3_10968
jgi|Aspni_NRRL3_1|10969|NRRL3_10969	NRRL3_10969
jgi|Aspni_NRRL3_1|10970|NRRL3_10970	NRRL3_10970
jgi|Aspni_NRRL3_1|10971|NRRL3_10971	NRRL3_10971
jgi|Aspni_NRRL3_1|10972|NRRL3_10972	NRRL3_10972
jgi|Aspni_NRRL3_1|10973|NRRL3_10973	NRRL3_10973
jgi|Aspni_NRRL3_1|10974|NRRL3_10974	NRRL3_10974
jgi|Aspni_NRRL3_1|10975|NRRL3_10975	NRRL3_10975
jgi|Aspni_NRRL3_1|10976|NRRL3_10976	NRRL3_10976
jgi|Aspni_NRRL3_1|10977|NRRL3_10977	NRRL3_10977
jgi|Aspni_NRRL3_1|10978|NRRL3_10978	NRRL3_10978
jgi|Aspni_NRRL3_1|10979|NRRL3_10979	NRRL3_10979
jgi|Aspni_NRRL3_1|10980|NRRL3_10980	NRRL3_10980
jgi|Aspni_NRRL3_1|10981|NRRL3_10981	NRRL3_10981
jgi|Aspni_NRRL3_1|10982|NRRL3_10982	NRRL3_10982
jgi|Aspni_NRRL3_1|10983|NRRL3_10983	NRRL3_10983
jgi|Aspni_NRRL3_1|10984|NRRL3_10984	NRRL3_10984
jgi|Aspni_NRRL3_1|10985|NRRL3_10985	NRRL3_10985
jgi|Aspni_NRRL3_1|10986|NRRL3_10986	NRRL3_10986
jgi|Aspni_NRRL3_1|10987|NRRL3_10987	NRRL3_10987
jgi|Aspni_NRRL3_1|10988|NRRL3_10988	NRRL3_10988
jgi|Aspni_NRRL3_1|10989|NRRL3_10989	NRRL3_10989
jgi|Aspni_NRRL3_1|10990|NRRL3_10990	NRRL3_10990
jgi|Aspni_NRRL3_1|10991|NRRL3_10991	NRRL3_10991
jgi|Aspni_NRRL3_1|10992|NRRL3_10992	NRRL3_10992
jgi|Aspni_NRRL3_1|10993|NRRL3_10993	NRRL3_10993
jgi|Aspni_NRRL3_1|10994|NRRL3_10994	NRRL3_10994
jgi|Aspni_NRRL3_1|10995|NRRL3_10995	NRRL3_10995
jgi|Aspni_NRRL3_1|10996|NRRL3_10996	NRRL3_10996
jgi|Aspni_NRRL3_1|10997|NRRL3_10997	NRRL3_10997
jgi|Aspni_NRRL3_1|10998|NRRL3_10998	NRRL3_10998
jgi|Aspni_NRRL3_1|10999|NRRL3_10999	NRRL3_10999
jgi|Aspni_NRRL3_1|11000|NRRL3_11000	NRRL3_11000
jgi|Aspni_NRRL3_1|11001|NRRL3_11001	NRRL3_11001
jgi|Aspni_NRRL3_1|11002|NRRL3_11002	NRRL3_11002
jgi|Aspni_NRRL3_1|11003|NRRL3_11003	NRRL3_11003
jgi|Aspni_NRRL3_1|11004|NRRL3_11004	NRRL3_11004
jgi|Aspni_NRRL3_1|11005|NRRL3_11005	NRRL3_11005
jgi|Aspni_NRRL3_1|11006|NRRL3_11006	NRRL3_11006
jgi|Aspni_NRRL3_1|11007|NRRL3_11007	NRRL3_11007
jgi|Aspni_NRRL3_1|11008|NRRL3_11008	NRRL3_11008
jgi|Aspni_NRRL3_1|11009|NRRL3_11009	NRRL3_11009
jgi|Aspni_NRRL3_1|11010|NRRL3_11010	NRRL3_11010
jgi|Aspni_NRRL3_1|11011|NRRL3_11011	NRRL3_11011
jgi|Aspni_NRRL3_1|11012|NRRL3_11012	NRRL3_11012
jgi|Aspni_NRRL3_1|11013|NRRL3_11013	NRRL3_11013
jgi|Aspni_NRRL3_1|11014|NRRL3_11014	NRRL3_11014
jgi|Aspni_NRRL3_1|11015|NRRL3_11015	NRRL3_11015
jgi|Aspni_NRRL3_1|11016|NRRL3_11016	NRRL3_11016
jgi|Aspni_NRRL3_1|11017|NRRL3_11017	NRRL3_11017
jgi|Aspni_NRRL3_1|11018|NRRL3_11018	NRRL3_11018
jgi|Aspni_NRRL3_1|11019|NRRL3_11019	NRRL3_11019
jgi|Aspni_NRRL3_1|11020|NRRL3_11020	NRRL3_11020
jgi|Aspni_NRRL3_1|11021|NRRL3_11021	NRRL3_11021
jgi|Aspni_NRRL3_1|11022|NRRL3_11022	NRRL3_11022
jgi|Aspni_NRRL3_1|11023|NRRL3_11023	NRRL3_11023
jgi|Aspni_NRRL3_1|11024|NRRL3_11024	NRRL3_11024
jgi|Aspni_NRRL3_1|11025|NRRL3_11025	NRRL3_11025
jgi|Aspni_NRRL3_1|11026|NRRL3_11026	NRRL3_11026
jgi|Aspni_NRRL3_1|11027|NRRL3_11027	NRRL3_11027
jgi|Aspni_NRRL3_1|11028|NRRL3_11028	NRRL3_11028
jgi|Aspni_NRRL3_1|11029|NRRL3_11029	NRRL3_11029
jgi|Aspni_NRRL3_1|11030|NRRL3_11030	NRRL3_11030
jgi|Aspni_NRRL3_1|11031|NRRL3_11031	NRRL3_11031
jgi|Aspni_NRRL3_1|11032|NRRL3_11032	NRRL3_11032
jgi|Aspni_NRRL3_1|11033|NRRL3_11033	NRRL3_11033
jgi|Aspni_NRRL3_1|11034|NRRL3_11034	NRRL3_11034
jgi|Aspni_NRRL3_1|11035|NRRL3_11035	NRRL3_11035
jgi|Aspni_NRRL3_1|11036|NRRL3_11036	NRRL3_11036
jgi|Aspni_NRRL3_1|11037|NRRL3_11037	NRRL3_11037
jgi|Aspni_NRRL3_1|11038|NRRL3_11038	NRRL3_11038
jgi|Aspni_NRRL3_1|11039|NRRL3_11039	NRRL3_11039
jgi|Aspni_NRRL3_1|11040|NRRL3_11040	NRRL3_11040
jgi|Aspni_NRRL3_1|11041|NRRL3_11041	NRRL3_11041
jgi|Aspni_NRRL3_1|11042|NRRL3_11042	NRRL3_11042
jgi|Aspni_NRRL3_1|11043|NRRL3_11043	NRRL3_11043
jgi|Aspni_NRRL3_1|11044|NRRL3_11044	NRRL3_11044
jgi|Aspni_NRRL3_1|11045|NRRL3_11045	NRRL3_11045
jgi|Aspni_NRRL3_1|11046|NRRL3_11046	NRRL3_11046
jgi|Aspni_NRRL3_1|11047|NRRL3_11047	NRRL3_11047
jgi|Aspni_NRRL3_1|11048|NRRL3_11048	NRRL3_11048
jgi|Aspni_NRRL3_1|11049|NRRL3_11049	NRRL3_11049
jgi|Aspni_NRRL3_1|11050|NRRL3_11050	NRRL3_11050
jgi|Aspni_NRRL3_1|11051|NRRL3_11051	NRRL3_11051
jgi|Aspni_NRRL3_1|11052|NRRL3_11052	NRRL3_11052
jgi|Aspni_NRRL3_1|11053|NRRL3_11053	NRRL3_11053
jgi|Aspni_NRRL3_1|11054|NRRL3_11054	NRRL3_11054
jgi|Aspni_NRRL3_1|11055|NRRL3_11055	NRRL3_11055
jgi|Aspni_NRRL3_1|11056|NRRL3_11056	NRRL3_11056
jgi|Aspni_NRRL3_1|11057|NRRL3_11057	NRRL3_11057
jgi|Aspni_NRRL3_1|11058|NRRL3_11058	NRRL3_11058
jgi|Aspni_NRRL3_1|11059|NRRL3_11059	NRRL3_11059
jgi|Aspni_NRRL3_1|11060|NRRL3_11060	NRRL3_11060
jgi|Aspni_NRRL3_1|11061|NRRL3_11061	NRRL3_11061
jgi|Aspni_NRRL3_1|11062|NRRL3_11062	NRRL3_11062
jgi|Aspni_NRRL3_1|11063|NRRL3_11063	NRRL3_11063
jgi|Aspni_NRRL3_1|11064|NRRL3_11064	NRRL3_11064
jgi|Aspni_NRRL3_1|11065|NRRL3_11065	NRRL3_11065
jgi|Aspni_NRRL3_1|11066|NRRL3_11066	NRRL3_11066
jgi|Aspni_NRRL3_1|11067|NRRL3_11067	NRRL3_11067
jgi|Aspni_NRRL3_1|11068|NRRL3_11068	NRRL3_11068
jgi|Aspni_NRRL3_1|11069|NRRL3_11069	NRRL3_11069
jgi|Aspni_NRRL3_1|11070|NRRL3_11070	NRRL3_11070
jgi|Aspni_NRRL3_1|11071|NRRL3_11071	NRRL3_11071
jgi|Aspni_NRRL3_1|11072|NRRL3_11072	NRRL3_11072
jgi|Aspni_NRRL3_1|11073|NRRL3_11073	NRRL3_11073
jgi|Aspni_NRRL3_1|11074|NRRL3_11074	NRRL3_11074
jgi|Aspni_NRRL3_1|11075|NRRL3_11075	NRRL3_11075
jgi|Aspni_NRRL3_1|11076|NRRL3_11076	NRRL3_11076
jgi|Aspni_NRRL3_1|11077|NRRL3_11077	NRRL3_11077
jgi|Aspni_NRRL3_1|11078|NRRL3_11078	NRRL3_11078
jgi|Aspni_NRRL3_1|11079|NRRL3_11079	NRRL3_11079
jgi|Aspni_NRRL3_1|11080|NRRL3_11080	NRRL3_11080
jgi|Aspni_NRRL3_1|11081|NRRL3_11081	NRRL3_11081
jgi|Aspni_NRRL3_1|11082|NRRL3_11082	NRRL3_11082
jgi|Aspni_NRRL3_1|11083|NRRL3_11083	NRRL3_11083
jgi|Aspni_NRRL3_1|11084|NRRL3_11084	NRRL3_11084
jgi|Aspni_NRRL3_1|11085|NRRL3_11085	NRRL3_11085
jgi|Aspni_NRRL3_1|11086|NRRL3_11086	NRRL3_11086
jgi|Aspni_NRRL3_1|11087|NRRL3_11087	NRRL3_11087
jgi|Aspni_NRRL3_1|11088|NRRL3_11088	NRRL3_11088
jgi|Aspni_NRRL3_1|11089|NRRL3_11089	NRRL3_11089
jgi|Aspni_NRRL3_1|11090|NRRL3_11090	NRRL3_11090
jgi|Aspni_NRRL3_1|11091|NRRL3_11091	NRRL3_11091
jgi|Aspni_NRRL3_1|11092|NRRL3_11092	NRRL3_11092
jgi|Aspni_NRRL3_1|11093|NRRL3_11093	NRRL3_11093
jgi|Aspni_NRRL3_1|11094|NRRL3_11094	NRRL3_11094
jgi|Aspni_NRRL3_1|11095|NRRL3_11095	NRRL3_11095
jgi|Aspni_NRRL3_1|11096|NRRL3_11096	NRRL3_11096
jgi|Aspni_NRRL3_1|11097|NRRL3_11097	NRRL3_11097
jgi|Aspni_NRRL3_1|11098|NRRL3_11098	NRRL3_11098
jgi|Aspni_NRRL3_1|11099|NRRL3_11099	NRRL3_11099
jgi|Aspni_NRRL3_1|11100|NRRL3_11100	NRRL3_11100
jgi|Aspni_NRRL3_1|11101|NRRL3_11101	NRRL3_11101
jgi|Aspni_NRRL3_1|11102|NRRL3_11102	NRRL3_11102
jgi|Aspni_NRRL3_1|11103|NRRL3_11103	NRRL3_11103
jgi|Aspni_NRRL3_1|11104|NRRL3_11104	NRRL3_11104
jgi|Aspni_NRRL3_1|11105|NRRL3_11105	NRRL3_11105
jgi|Aspni_NRRL3_1|11106|NRRL3_11106	NRRL3_11106
jgi|Aspni_NRRL3_1|11107|NRRL3_11107	NRRL3_11107
jgi|Aspni_NRRL3_1|11108|NRRL3_11108	NRRL3_11108
jgi|Aspni_NRRL3_1|11109|NRRL3_11109	NRRL3_11109
jgi|Aspni_NRRL3_1|11110|NRRL3_11110	NRRL3_11110
jgi|Aspni_NRRL3_1|11111|NRRL3_11111	NRRL3_11111
jgi|Aspni_NRRL3_1|11112|NRRL3_11112	NRRL3_11112
jgi|Aspni_NRRL3_1|11113|NRRL3_11113	NRRL3_11113
jgi|Aspni_NRRL3_1|11114|NRRL3_11114	NRRL3_11114
jgi|Aspni_NRRL3_1|11115|NRRL3_11115	NRRL3_11115
jgi|Aspni_NRRL3_1|11116|NRRL3_11116	NRRL3_11116
jgi|Aspni_NRRL3_1|11117|NRRL3_11117	NRRL3_11117
jgi|Aspni_NRRL3_1|11118|NRRL3_11118	NRRL3_11118
jgi|Aspni_NRRL3_1|11119|NRRL3_11119	NRRL3_11119
jgi|Aspni_NRRL3_1|11120|NRRL3_11120	NRRL3_11120
jgi|Aspni_NRRL3_1|11121|NRRL3_11121	NRRL3_11121
jgi|Aspni_NRRL3_1|11122|NRRL3_11122	NRRL3_11122
jgi|Aspni_NRRL3_1|11123|NRRL3_11123	NRRL3_11123
jgi|Aspni_NRRL3_1|11124|NRRL3_11124	NRRL3_11124
jgi|Aspni_NRRL3_1|11125|NRRL3_11125	NRRL3_11125
jgi|Aspni_NRRL3_1|11126|NRRL3_11126	NRRL3_11126
jgi|Aspni_NRRL3_1|11127|NRRL3_11127	NRRL3_11127
jgi|Aspni_NRRL3_1|11128|NRRL3_11128	NRRL3_11128
jgi|Aspni_NRRL3_1|11129|NRRL3_11129	NRRL3_11129
jgi|Aspni_NRRL3_1|11130|NRRL3_11130	NRRL3_11130
jgi|Aspni_NRRL3_1|11131|NRRL3_11131	NRRL3_11131
jgi|Aspni_NRRL3_1|11132|NRRL3_11132	NRRL3_11132
jgi|Aspni_NRRL3_1|11133|NRRL3_11133	NRRL3_11133
jgi|Aspni_NRRL3_1|11134|NRRL3_11134	NRRL3_11134
jgi|Aspni_NRRL3_1|11135|NRRL3_11135	NRRL3_11135
jgi|Aspni_NRRL3_1|11136|NRRL3_11136	NRRL3_11136
jgi|Aspni_NRRL3_1|11137|NRRL3_11137	NRRL3_11137
jgi|Aspni_NRRL3_1|11138|NRRL3_11138	NRRL3_11138
jgi|Aspni_NRRL3_1|11139|NRRL3_11139	NRRL3_11139
jgi|Aspni_NRRL3_1|11140|NRRL3_11140	NRRL3_11140
jgi|Aspni_NRRL3_1|11141|NRRL3_11141	NRRL3_11141
jgi|Aspni_NRRL3_1|11142|NRRL3_11142	NRRL3_11142
jgi|Aspni_NRRL3_1|11143|NRRL3_11143	NRRL3_11143
jgi|Aspni_NRRL3_1|11144|NRRL3_11144	NRRL3_11144
jgi|Aspni_NRRL3_1|11145|NRRL3_11145	NRRL3_11145
jgi|Aspni_NRRL3_1|11146|NRRL3_11146	NRRL3_11146
jgi|Aspni_NRRL3_1|11147|NRRL3_11147	NRRL3_11147
jgi|Aspni_NRRL3_1|11148|NRRL3_11148	NRRL3_11148
jgi|Aspni_NRRL3_1|11149|NRRL3_11149	NRRL3_11149
jgi|Aspni_NRRL3_1|11150|NRRL3_11150	NRRL3_11150
jgi|Aspni_NRRL3_1|11151|NRRL3_11151	NRRL3_11151
jgi|Aspni_NRRL3_1|11152|NRRL3_11152	NRRL3_11152
jgi|Aspni_NRRL3_1|11153|NRRL3_11153	NRRL3_11153
jgi|Aspni_NRRL3_1|11154|NRRL3_11154	NRRL3_11154
jgi|Aspni_NRRL3_1|11155|NRRL3_11155	NRRL3_11155
jgi|Aspni_NRRL3_1|11156|NRRL3_11156	NRRL3_11156
jgi|Aspni_NRRL3_1|11157|NRRL3_11157	NRRL3_11157
jgi|Aspni_NRRL3_1|11158|NRRL3_11158	NRRL3_11158
jgi|Aspni_NRRL3_1|11159|NRRL3_11159	NRRL3_11159
jgi|Aspni_NRRL3_1|11160|NRRL3_11160	NRRL3_11160
jgi|Aspni_NRRL3_1|11161|NRRL3_11161	NRRL3_11161
jgi|Aspni_NRRL3_1|11162|NRRL3_11162	NRRL3_11162
jgi|Aspni_NRRL3_1|11163|NRRL3_11163	NRRL3_11163
jgi|Aspni_NRRL3_1|11164|NRRL3_11164	NRRL3_11164
jgi|Aspni_NRRL3_1|11165|NRRL3_11165	NRRL3_11165
jgi|Aspni_NRRL3_1|11166|NRRL3_11166	NRRL3_11166
jgi|Aspni_NRRL3_1|11167|NRRL3_11167	NRRL3_11167
jgi|Aspni_NRRL3_1|11168|NRRL3_11168	NRRL3_11168
jgi|Aspni_NRRL3_1|11169|NRRL3_11169	NRRL3_11169
jgi|Aspni_NRRL3_1|11170|NRRL3_11170	NRRL3_11170
jgi|Aspni_NRRL3_1|11171|NRRL3_11171	NRRL3_11171
jgi|Aspni_NRRL3_1|11172|NRRL3_11172	NRRL3_11172
jgi|Aspni_NRRL3_1|11173|NRRL3_11173	NRRL3_11173
jgi|Aspni_NRRL3_1|11174|NRRL3_11174	NRRL3_11174
jgi|Aspni_NRRL3_1|11175|NRRL3_11175	NRRL3_11175
jgi|Aspni_NRRL3_1|11176|NRRL3_11176	NRRL3_11176
jgi|Aspni_NRRL3_1|11177|NRRL3_11177	NRRL3_11177
jgi|Aspni_NRRL3_1|11178|NRRL3_11178	NRRL3_11178
jgi|Aspni_NRRL3_1|11179|NRRL3_11179	NRRL3_11179
jgi|Aspni_NRRL3_1|11180|NRRL3_11180	NRRL3_11180
jgi|Aspni_NRRL3_1|11181|NRRL3_11181	NRRL3_11181
jgi|Aspni_NRRL3_1|11182|NRRL3_11182	NRRL3_11182
jgi|Aspni_NRRL3_1|11183|NRRL3_11183	NRRL3_11183
jgi|Aspni_NRRL3_1|11184|NRRL3_11184	NRRL3_11184
jgi|Aspni_NRRL3_1|11185|NRRL3_11185	NRRL3_11185
jgi|Aspni_NRRL3_1|11186|NRRL3_11186	NRRL3_11186
jgi|Aspni_NRRL3_1|11187|NRRL3_11187	NRRL3_11187
jgi|Aspni_NRRL3_1|11188|NRRL3_11188	NRRL3_11188
jgi|Aspni_NRRL3_1|11189|NRRL3_11189	NRRL3_11189
jgi|Aspni_NRRL3_1|11190|NRRL3_11190	NRRL3_11190
jgi|Aspni_NRRL3_1|11191|NRRL3_11191	NRRL3_11191
jgi|Aspni_NRRL3_1|11192|NRRL3_11192	NRRL3_11192
jgi|Aspni_NRRL3_1|11193|NRRL3_11193	NRRL3_11193
jgi|Aspni_NRRL3_1|11194|NRRL3_11194	NRRL3_11194
jgi|Aspni_NRRL3_1|11195|NRRL3_11195	NRRL3_11195
jgi|Aspni_NRRL3_1|11196|NRRL3_11196	NRRL3_11196
jgi|Aspni_NRRL3_1|11197|NRRL3_11197	NRRL3_11197
jgi|Aspni_NRRL3_1|11198|NRRL3_11198	NRRL3_11198
jgi|Aspni_NRRL3_1|11199|NRRL3_11199	NRRL3_11199
jgi|Aspni_NRRL3_1|11200|NRRL3_11200	NRRL3_11200
jgi|Aspni_NRRL3_1|11201|NRRL3_11201	NRRL3_11201
jgi|Aspni_NRRL3_1|11202|NRRL3_11202	NRRL3_11202
jgi|Aspni_NRRL3_1|11203|NRRL3_11203	NRRL3_11203
jgi|Aspni_NRRL3_1|11204|NRRL3_11204	NRRL3_11204
jgi|Aspni_NRRL3_1|11205|NRRL3_11205	NRRL3_11205
jgi|Aspni_NRRL3_1|11206|NRRL3_11206	NRRL3_11206
jgi|Aspni_NRRL3_1|11207|NRRL3_11207	NRRL3_11207
jgi|Aspni_NRRL3_1|11208|NRRL3_11208	NRRL3_11208
jgi|Aspni_NRRL3_1|11209|NRRL3_11209	NRRL3_11209
jgi|Aspni_NRRL3_1|11210|NRRL3_11210	NRRL3_11210
jgi|Aspni_NRRL3_1|11211|NRRL3_11211	NRRL3_11211
jgi|Aspni_NRRL3_1|11212|NRRL3_11212	NRRL3_11212
jgi|Aspni_NRRL3_1|11213|NRRL3_11213	NRRL3_11213
jgi|Aspni_NRRL3_1|11214|NRRL3_11214	NRRL3_11214
jgi|Aspni_NRRL3_1|11215|NRRL3_11215	NRRL3_11215
jgi|Aspni_NRRL3_1|11216|NRRL3_11216	NRRL3_11216
jgi|Aspni_NRRL3_1|11217|NRRL3_11217	NRRL3_11217
jgi|Aspni_NRRL3_1|11218|NRRL3_11218	NRRL3_11218
jgi|Aspni_NRRL3_1|11219|NRRL3_11219	NRRL3_11219
jgi|Aspni_NRRL3_1|11220|NRRL3_11220	NRRL3_11220
jgi|Aspni_NRRL3_1|11221|NRRL3_11221	NRRL3_11221
jgi|Aspni_NRRL3_1|11222|NRRL3_11222	NRRL3_11222
jgi|Aspni_NRRL3_1|11223|NRRL3_11223	NRRL3_11223
jgi|Aspni_NRRL3_1|11224|NRRL3_11224	NRRL3_11224
jgi|Aspni_NRRL3_1|11225|NRRL3_11225	NRRL3_11225
jgi|Aspni_NRRL3_1|11226|NRRL3_11226	NRRL3_11226
jgi|Aspni_NRRL3_1|11227|NRRL3_11227	NRRL3_11227
jgi|Aspni_NRRL3_1|11228|NRRL3_11228	NRRL3_11228
jgi|Aspni_NRRL3_1|11229|NRRL3_11229	NRRL3_11229
jgi|Aspni_NRRL3_1|11230|NRRL3_11230	NRRL3_11230
jgi|Aspni_NRRL3_1|11231|NRRL3_11231	NRRL3_11231
jgi|Aspni_NRRL3_1|11232|NRRL3_11232	NRRL3_11232
jgi|Aspni_NRRL3_1|11233|NRRL3_11233	NRRL3_11233
jgi|Aspni_NRRL3_1|11234|NRRL3_11234	NRRL3_11234
jgi|Aspni_NRRL3_1|11235|NRRL3_11235	NRRL3_11235
jgi|Aspni_NRRL3_1|11236|NRRL3_11236	NRRL3_11236
jgi|Aspni_NRRL3_1|11237|NRRL3_11237	NRRL3_11237
jgi|Aspni_NRRL3_1|11238|NRRL3_11238	NRRL3_11238
jgi|Aspni_NRRL3_1|11239|NRRL3_11239	NRRL3_11239
jgi|Aspni_NRRL3_1|11240|NRRL3_11240	NRRL3_11240
jgi|Aspni_NRRL3_1|11241|NRRL3_11241	NRRL3_11241
jgi|Aspni_NRRL3_1|11242|NRRL3_11242	NRRL3_11242
jgi|Aspni_NRRL3_1|11243|NRRL3_11243	NRRL3_11243
jgi|Aspni_NRRL3_1|11244|NRRL3_11244	NRRL3_11244
jgi|Aspni_NRRL3_1|11245|NRRL3_11245	NRRL3_11245
jgi|Aspni_NRRL3_1|11246|NRRL3_11246	NRRL3_11246
jgi|Aspni_NRRL3_1|11247|NRRL3_11247	NRRL3_11247
jgi|Aspni_NRRL3_1|11248|NRRL3_11248	NRRL3_11248
jgi|Aspni_NRRL3_1|11249|NRRL3_11249	NRRL3_11249
jgi|Aspni_NRRL3_1|11250|NRRL3_11250	NRRL3_11250
jgi|Aspni_NRRL3_1|11251|NRRL3_11251	NRRL3_11251
jgi|Aspni_NRRL3_1|11252|NRRL3_11252	NRRL3_11252
jgi|Aspni_NRRL3_1|11253|NRRL3_11253	NRRL3_11253
jgi|Aspni_NRRL3_1|11254|NRRL3_11254	NRRL3_11254
jgi|Aspni_NRRL3_1|11255|NRRL3_11255	NRRL3_11255
jgi|Aspni_NRRL3_1|11256|NRRL3_11256	NRRL3_11256
jgi|Aspni_NRRL3_1|11257|NRRL3_11257	NRRL3_11257
jgi|Aspni_NRRL3_1|11258|NRRL3_11258	NRRL3_11258
jgi|Aspni_NRRL3_1|11259|NRRL3_11259	NRRL3_11259
jgi|Aspni_NRRL3_1|11260|NRRL3_11260	NRRL3_11260
jgi|Aspni_NRRL3_1|11261|NRRL3_11261	NRRL3_11261
jgi|Aspni_NRRL3_1|11262|NRRL3_11262	NRRL3_11262
jgi|Aspni_NRRL3_1|11263|NRRL3_11263	NRRL3_11263
jgi|Aspni_NRRL3_1|11264|NRRL3_11264	NRRL3_11264
jgi|Aspni_NRRL3_1|11265|NRRL3_11265	NRRL3_11265
jgi|Aspni_NRRL3_1|11266|NRRL3_11266	NRRL3_11266
jgi|Aspni_NRRL3_1|11267|NRRL3_11267	NRRL3_11267
jgi|Aspni_NRRL3_1|11268|NRRL3_11268	NRRL3_11268
jgi|Aspni_NRRL3_1|11269|NRRL3_11269	NRRL3_11269
jgi|Aspni_NRRL3_1|11270|NRRL3_11270	NRRL3_11270
jgi|Aspni_NRRL3_1|11271|NRRL3_11271	NRRL3_11271
jgi|Aspni_NRRL3_1|11272|NRRL3_11272	NRRL3_11272
jgi|Aspni_NRRL3_1|11273|NRRL3_11273	NRRL3_11273
jgi|Aspni_NRRL3_1|11274|NRRL3_11274	NRRL3_11274
jgi|Aspni_NRRL3_1|11275|NRRL3_11275	NRRL3_11275
jgi|Aspni_NRRL3_1|11276|NRRL3_11276	NRRL3_11276
jgi|Aspni_NRRL3_1|11277|NRRL3_11277	NRRL3_11277
jgi|Aspni_NRRL3_1|11278|NRRL3_11278	NRRL3_11278
jgi|Aspni_NRRL3_1|11279|NRRL3_11279	NRRL3_11279
jgi|Aspni_NRRL3_1|11280|NRRL3_11280	NRRL3_11280
jgi|Aspni_NRRL3_1|11281|NRRL3_11281	NRRL3_11281
jgi|Aspni_NRRL3_1|11282|NRRL3_11282	NRRL3_11282
jgi|Aspni_NRRL3_1|11283|NRRL3_11283	NRRL3_11283
jgi|Aspni_NRRL3_1|11284|NRRL3_11284	NRRL3_11284
jgi|Aspni_NRRL3_1|11285|NRRL3_11285	NRRL3_11285
jgi|Aspni_NRRL3_1|11286|NRRL3_11286	NRRL3_11286
jgi|Aspni_NRRL3_1|11287|NRRL3_11287	NRRL3_11287
jgi|Aspni_NRRL3_1|11288|NRRL3_11288	NRRL3_11288
jgi|Aspni_NRRL3_1|11289|NRRL3_11289	NRRL3_11289
jgi|Aspni_NRRL3_1|11290|NRRL3_11290	NRRL3_11290
jgi|Aspni_NRRL3_1|11291|NRRL3_11291	NRRL3_11291
jgi|Aspni_NRRL3_1|11292|NRRL3_11292	NRRL3_11292
jgi|Aspni_NRRL3_1|11293|NRRL3_11293	NRRL3_11293
jgi|Aspni_NRRL3_1|11294|NRRL3_11294	NRRL3_11294
jgi|Aspni_NRRL3_1|11295|NRRL3_11295	NRRL3_11295
jgi|Aspni_NRRL3_1|11296|NRRL3_11296	NRRL3_11296
jgi|Aspni_NRRL3_1|11297|NRRL3_11297	NRRL3_11297
jgi|Aspni_NRRL3_1|11298|NRRL3_11298	NRRL3_11298
jgi|Aspni_NRRL3_1|11299|NRRL3_11299	NRRL3_11299
jgi|Aspni_NRRL3_1|11300|NRRL3_11300	NRRL3_11300
jgi|Aspni_NRRL3_1|11301|NRRL3_11301	NRRL3_11301
jgi|Aspni_NRRL3_1|11302|NRRL3_11302	NRRL3_11302
jgi|Aspni_NRRL3_1|11303|NRRL3_11303	NRRL3_11303
jgi|Aspni_NRRL3_1|11304|NRRL3_11304	NRRL3_11304
jgi|Aspni_NRRL3_1|11305|NRRL3_11305	NRRL3_11305
jgi|Aspni_NRRL3_1|11306|NRRL3_11306	NRRL3_11306
jgi|Aspni_NRRL3_1|11307|NRRL3_11307	NRRL3_11307
jgi|Aspni_NRRL3_1|11308|NRRL3_11308	NRRL3_11308
jgi|Aspni_NRRL3_1|11309|NRRL3_11309	NRRL3_11309
jgi|Aspni_NRRL3_1|11310|NRRL3_11310	NRRL3_11310
jgi|Aspni_NRRL3_1|11311|NRRL3_11311	NRRL3_11311
jgi|Aspni_NRRL3_1|11312|NRRL3_11312	NRRL3_11312
jgi|Aspni_NRRL3_1|11313|NRRL3_11313	NRRL3_11313
jgi|Aspni_NRRL3_1|11314|NRRL3_11314	NRRL3_11314
jgi|Aspni_NRRL3_1|11315|NRRL3_11315	NRRL3_11315
jgi|Aspni_NRRL3_1|11316|NRRL3_11316	NRRL3_11316
jgi|Aspni_NRRL3_1|11317|NRRL3_11317	NRRL3_11317
jgi|Aspni_NRRL3_1|11318|NRRL3_11318	NRRL3_11318
jgi|Aspni_NRRL3_1|11319|NRRL3_11319	NRRL3_11319
jgi|Aspni_NRRL3_1|11320|NRRL3_11320	NRRL3_11320
jgi|Aspni_NRRL3_1|11321|NRRL3_11321	NRRL3_11321
jgi|Aspni_NRRL3_1|11322|NRRL3_11322	NRRL3_11322
jgi|Aspni_NRRL3_1|11323|NRRL3_11323	NRRL3_11323
jgi|Aspni_NRRL3_1|11324|NRRL3_11324	NRRL3_11324
jgi|Aspni_NRRL3_1|11325|NRRL3_11325	NRRL3_11325
jgi|Aspni_NRRL3_1|11326|NRRL3_11326	NRRL3_11326
jgi|Aspni_NRRL3_1|11327|NRRL3_11327	NRRL3_11327
jgi|Aspni_NRRL3_1|11328|NRRL3_11328	NRRL3_11328
jgi|Aspni_NRRL3_1|11329|NRRL3_11329	NRRL3_11329
jgi|Aspni_NRRL3_1|11330|NRRL3_11330	NRRL3_11330
jgi|Aspni_NRRL3_1|11331|NRRL3_11331	NRRL3_11331
jgi|Aspni_NRRL3_1|11332|NRRL3_11332	NRRL3_11332
jgi|Aspni_NRRL3_1|11333|NRRL3_11333	NRRL3_11333
jgi|Aspni_NRRL3_1|11334|NRRL3_11334	NRRL3_11334
jgi|Aspni_NRRL3_1|11335|NRRL3_11335	NRRL3_11335
jgi|Aspni_NRRL3_1|11336|NRRL3_11336	NRRL3_11336
jgi|Aspni_NRRL3_1|11337|NRRL3_11337	NRRL3_11337
jgi|Aspni_NRRL3_1|11338|NRRL3_11338	NRRL3_11338
jgi|Aspni_NRRL3_1|11339|NRRL3_11339	NRRL3_11339
jgi|Aspni_NRRL3_1|11340|NRRL3_11340	NRRL3_11340
jgi|Aspni_NRRL3_1|11341|NRRL3_11341	NRRL3_11341
jgi|Aspni_NRRL3_1|11342|NRRL3_11342	NRRL3_11342
jgi|Aspni_NRRL3_1|11343|NRRL3_11343	NRRL3_11343
jgi|Aspni_NRRL3_1|11344|NRRL3_11344	NRRL3_11344
jgi|Aspni_NRRL3_1|11345|NRRL3_11345	NRRL3_11345
jgi|Aspni_NRRL3_1|11346|NRRL3_11346	NRRL3_11346
jgi|Aspni_NRRL3_1|11347|NRRL3_11347	NRRL3_11347
jgi|Aspni_NRRL3_1|11348|NRRL3_11348	NRRL3_11348
jgi|Aspni_NRRL3_1|11349|NRRL3_11349	NRRL3_11349
jgi|Aspni_NRRL3_1|11350|NRRL3_11350	NRRL3_11350
jgi|Aspni_NRRL3_1|11351|NRRL3_11351	NRRL3_11351
jgi|Aspni_NRRL3_1|11352|NRRL3_11352	NRRL3_11352
jgi|Aspni_NRRL3_1|11353|NRRL3_11353	NRRL3_11353
jgi|Aspni_NRRL3_1|11354|NRRL3_11354	NRRL3_11354
jgi|Aspni_NRRL3_1|11355|NRRL3_11355	NRRL3_11355
jgi|Aspni_NRRL3_1|11356|NRRL3_11356	NRRL3_11356
jgi|Aspni_NRRL3_1|11357|NRRL3_11357	NRRL3_11357
jgi|Aspni_NRRL3_1|11358|NRRL3_11358	NRRL3_11358
jgi|Aspni_NRRL3_1|11359|NRRL3_11359	NRRL3_11359
jgi|Aspni_NRRL3_1|11360|NRRL3_11360	NRRL3_11360
jgi|Aspni_NRRL3_1|11361|NRRL3_11361	NRRL3_11361
jgi|Aspni_NRRL3_1|11362|NRRL3_11362	NRRL3_11362
jgi|Aspni_NRRL3_1|11363|NRRL3_11363	NRRL3_11363
jgi|Aspni_NRRL3_1|11364|NRRL3_11364	NRRL3_11364
jgi|Aspni_NRRL3_1|11365|NRRL3_11365	NRRL3_11365
jgi|Aspni_NRRL3_1|11366|NRRL3_11366	NRRL3_11366
jgi|Aspni_NRRL3_1|11367|NRRL3_11367	NRRL3_11367
jgi|Aspni_NRRL3_1|11368|NRRL3_11368	NRRL3_11368
jgi|Aspni_NRRL3_1|11369|NRRL3_11369	NRRL3_11369
jgi|Aspni_NRRL3_1|11370|NRRL3_11370	NRRL3_11370
jgi|Aspni_NRRL3_1|11371|NRRL3_11371	NRRL3_11371
jgi|Aspni_NRRL3_1|11372|NRRL3_11372	NRRL3_11372
jgi|Aspni_NRRL3_1|11373|NRRL3_11373	NRRL3_11373
jgi|Aspni_NRRL3_1|11374|NRRL3_11374	NRRL3_11374
jgi|Aspni_NRRL3_1|11375|NRRL3_11375	NRRL3_11375
jgi|Aspni_NRRL3_1|11376|NRRL3_11376	NRRL3_11376
jgi|Aspni_NRRL3_1|11377|NRRL3_11377	NRRL3_11377
jgi|Aspni_NRRL3_1|11378|NRRL3_11378	NRRL3_11378
jgi|Aspni_NRRL3_1|11379|NRRL3_11379	NRRL3_11379
jgi|Aspni_NRRL3_1|11380|NRRL3_11380	NRRL3_11380
jgi|Aspni_NRRL3_1|11381|NRRL3_11381	NRRL3_11381
jgi|Aspni_NRRL3_1|11382|NRRL3_11382	NRRL3_11382
jgi|Aspni_NRRL3_1|11383|NRRL3_11383	NRRL3_11383
jgi|Aspni_NRRL3_1|11384|NRRL3_11384	NRRL3_11384
jgi|Aspni_NRRL3_1|11385|NRRL3_11385	NRRL3_11385
jgi|Aspni_NRRL3_1|11386|NRRL3_11386	NRRL3_11386
jgi|Aspni_NRRL3_1|11387|NRRL3_11387	NRRL3_11387
jgi|Aspni_NRRL3_1|11388|NRRL3_11388	NRRL3_11388
jgi|Aspni_NRRL3_1|11389|NRRL3_11389	NRRL3_11389
jgi|Aspni_NRRL3_1|11390|NRRL3_11390	NRRL3_11390
jgi|Aspni_NRRL3_1|11391|NRRL3_11391	NRRL3_11391
jgi|Aspni_NRRL3_1|11392|NRRL3_11392	NRRL3_11392
jgi|Aspni_NRRL3_1|11393|NRRL3_11393	NRRL3_11393
jgi|Aspni_NRRL3_1|11394|NRRL3_11394	NRRL3_11394
jgi|Aspni_NRRL3_1|11395|NRRL3_11395	NRRL3_11395
jgi|Aspni_NRRL3_1|11396|NRRL3_11396	NRRL3_11396
jgi|Aspni_NRRL3_1|11397|NRRL3_11397	NRRL3_11397
jgi|Aspni_NRRL3_1|11398|NRRL3_11398	NRRL3_11398
jgi|Aspni_NRRL3_1|11399|NRRL3_11399	NRRL3_11399
jgi|Aspni_NRRL3_1|11400|NRRL3_11400	NRRL3_11400
jgi|Aspni_NRRL3_1|11401|NRRL3_11401	NRRL3_11401
jgi|Aspni_NRRL3_1|11402|NRRL3_11402	NRRL3_11402
jgi|Aspni_NRRL3_1|11403|NRRL3_11403	NRRL3_11403
jgi|Aspni_NRRL3_1|11404|NRRL3_11404	NRRL3_11404
jgi|Aspni_NRRL3_1|11405|NRRL3_11405	NRRL3_11405
jgi|Aspni_NRRL3_1|11406|NRRL3_11406	NRRL3_11406
jgi|Aspni_NRRL3_1|11407|NRRL3_11407	NRRL3_11407
jgi|Aspni_NRRL3_1|11408|NRRL3_11408	NRRL3_11408
jgi|Aspni_NRRL3_1|11409|NRRL3_11409	NRRL3_11409
jgi|Aspni_NRRL3_1|11410|NRRL3_11410	NRRL3_11410
jgi|Aspni_NRRL3_1|11411|NRRL3_11411	NRRL3_11411
jgi|Aspni_NRRL3_1|11412|NRRL3_11412	NRRL3_11412
jgi|Aspni_NRRL3_1|11413|NRRL3_11413	NRRL3_11413
jgi|Aspni_NRRL3_1|11414|NRRL3_11414	NRRL3_11414
jgi|Aspni_NRRL3_1|11415|NRRL3_11415	NRRL3_11415
jgi|Aspni_NRRL3_1|11416|NRRL3_11416	NRRL3_11416
jgi|Aspni_NRRL3_1|11417|NRRL3_11417	NRRL3_11417
jgi|Aspni_NRRL3_1|11418|NRRL3_11418	NRRL3_11418
jgi|Aspni_NRRL3_1|11419|NRRL3_11419	NRRL3_11419
jgi|Aspni_NRRL3_1|11420|NRRL3_11420	NRRL3_11420
jgi|Aspni_NRRL3_1|11421|NRRL3_11421	NRRL3_11421
jgi|Aspni_NRRL3_1|11422|NRRL3_11422	NRRL3_11422
jgi|Aspni_NRRL3_1|11423|NRRL3_11423	NRRL3_11423
jgi|Aspni_NRRL3_1|11424|NRRL3_11424	NRRL3_11424
jgi|Aspni_NRRL3_1|11425|NRRL3_11425	NRRL3_11425
jgi|Aspni_NRRL3_1|11426|NRRL3_11426	NRRL3_11426
jgi|Aspni_NRRL3_1|11427|NRRL3_11427	NRRL3_11427
jgi|Aspni_NRRL3_1|11428|NRRL3_11428	NRRL3_11428
jgi|Aspni_NRRL3_1|11429|NRRL3_11429	NRRL3_11429
jgi|Aspni_NRRL3_1|11430|NRRL3_11430	NRRL3_11430
jgi|Aspni_NRRL3_1|11431|NRRL3_11431	NRRL3_11431
jgi|Aspni_NRRL3_1|11432|NRRL3_11432	NRRL3_11432
jgi|Aspni_NRRL3_1|11433|NRRL3_11433	NRRL3_11433
jgi|Aspni_NRRL3_1|11434|NRRL3_11434	NRRL3_11434
jgi|Aspni_NRRL3_1|11435|NRRL3_11435	NRRL3_11435
jgi|Aspni_NRRL3_1|11436|NRRL3_11436	NRRL3_11436
jgi|Aspni_NRRL3_1|11437|NRRL3_11437	NRRL3_11437
jgi|Aspni_NRRL3_1|11438|NRRL3_11438	NRRL3_11438
jgi|Aspni_NRRL3_1|11439|NRRL3_11439	NRRL3_11439
jgi|Aspni_NRRL3_1|11440|NRRL3_11440	NRRL3_11440
jgi|Aspni_NRRL3_1|11441|NRRL3_11441	NRRL3_11441
jgi|Aspni_NRRL3_1|11442|NRRL3_11442	NRRL3_11442
jgi|Aspni_NRRL3_1|11443|NRRL3_11443	NRRL3_11443
jgi|Aspni_NRRL3_1|11444|NRRL3_11444	NRRL3_11444
jgi|Aspni_NRRL3_1|11445|NRRL3_11445	NRRL3_11445
jgi|Aspni_NRRL3_1|11446|NRRL3_11446	NRRL3_11446
jgi|Aspni_NRRL3_1|11447|NRRL3_11447	NRRL3_11447
jgi|Aspni_NRRL3_1|11448|NRRL3_11448	NRRL3_11448
jgi|Aspni_NRRL3_1|11449|NRRL3_11449	NRRL3_11449
jgi|Aspni_NRRL3_1|11450|NRRL3_11450	NRRL3_11450
jgi|Aspni_NRRL3_1|11451|NRRL3_11451	NRRL3_11451
jgi|Aspni_NRRL3_1|11452|NRRL3_11452	NRRL3_11452
jgi|Aspni_NRRL3_1|11453|NRRL3_11453	NRRL3_11453
jgi|Aspni_NRRL3_1|11454|NRRL3_11454	NRRL3_11454
jgi|Aspni_NRRL3_1|11455|NRRL3_11455	NRRL3_11455
jgi|Aspni_NRRL3_1|11456|NRRL3_11456	NRRL3_11456
jgi|Aspni_NRRL3_1|11457|NRRL3_11457	NRRL3_11457
jgi|Aspni_NRRL3_1|11458|NRRL3_11458	NRRL3_11458
jgi|Aspni_NRRL3_1|11459|NRRL3_11459	NRRL3_11459
jgi|Aspni_NRRL3_1|11460|NRRL3_11460	NRRL3_11460
jgi|Aspni_NRRL3_1|11461|NRRL3_11461	NRRL3_11461
jgi|Aspni_NRRL3_1|11462|NRRL3_11462	NRRL3_11462
jgi|Aspni_NRRL3_1|11463|NRRL3_11463	NRRL3_11463
jgi|Aspni_NRRL3_1|11464|NRRL3_11464	NRRL3_11464
jgi|Aspni_NRRL3_1|11465|NRRL3_11465	NRRL3_11465
jgi|Aspni_NRRL3_1|11466|NRRL3_11466	NRRL3_11466
jgi|Aspni_NRRL3_1|11467|NRRL3_11467	NRRL3_11467
jgi|Aspni_NRRL3_1|11468|NRRL3_11468	NRRL3_11468
jgi|Aspni_NRRL3_1|11469|NRRL3_11469	NRRL3_11469
jgi|Aspni_NRRL3_1|11470|NRRL3_11470	NRRL3_11470
jgi|Aspni_NRRL3_1|11471|NRRL3_11471	NRRL3_11471
jgi|Aspni_NRRL3_1|11472|NRRL3_11472	NRRL3_11472
jgi|Aspni_NRRL3_1|11473|NRRL3_11473	NRRL3_11473
jgi|Aspni_NRRL3_1|11474|NRRL3_11474	NRRL3_11474
jgi|Aspni_NRRL3_1|11475|NRRL3_11475	NRRL3_11475
jgi|Aspni_NRRL3_1|11476|NRRL3_11476	NRRL3_11476
jgi|Aspni_NRRL3_1|11477|NRRL3_11477	NRRL3_11477
jgi|Aspni_NRRL3_1|11478|NRRL3_11478	NRRL3_11478
jgi|Aspni_NRRL3_1|11479|NRRL3_11479	NRRL3_11479
jgi|Aspni_NRRL3_1|11480|NRRL3_11480	NRRL3_11480
jgi|Aspni_NRRL3_1|11481|NRRL3_11481	NRRL3_11481
jgi|Aspni_NRRL3_1|11482|NRRL3_11482	NRRL3_11482
jgi|Aspni_NRRL3_1|11483|NRRL3_11483	NRRL3_11483
jgi|Aspni_NRRL3_1|11484|NRRL3_11484	NRRL3_11484
jgi|Aspni_NRRL3_1|11485|NRRL3_11485	NRRL3_11485
jgi|Aspni_NRRL3_1|11486|NRRL3_11486	NRRL3_11486
jgi|Aspni_NRRL3_1|11487|NRRL3_11487	NRRL3_11487
jgi|Aspni_NRRL3_1|11488|NRRL3_11488	NRRL3_11488
jgi|Aspni_NRRL3_1|11489|NRRL3_11489	NRRL3_11489
jgi|Aspni_NRRL3_1|11490|NRRL3_11490	NRRL3_11490
jgi|Aspni_NRRL3_1|11491|NRRL3_11491	NRRL3_11491
jgi|Aspni_NRRL3_1|11492|NRRL3_11492	NRRL3_11492
jgi|Aspni_NRRL3_1|11493|NRRL3_11493	NRRL3_11493
jgi|Aspni_NRRL3_1|11494|NRRL3_11494	NRRL3_11494
jgi|Aspni_NRRL3_1|11495|NRRL3_11495	NRRL3_11495
jgi|Aspni_NRRL3_1|11496|NRRL3_11496	NRRL3_11496
jgi|Aspni_NRRL3_1|11497|NRRL3_11497	NRRL3_11497
jgi|Aspni_NRRL3_1|11498|NRRL3_11498	NRRL3_11498
jgi|Aspni_NRRL3_1|11499|NRRL3_11499	NRRL3_11499
jgi|Aspni_NRRL3_1|11500|NRRL3_11500	NRRL3_11500
jgi|Aspni_NRRL3_1|11501|NRRL3_11501	NRRL3_11501
jgi|Aspni_NRRL3_1|11502|NRRL3_11502	NRRL3_11502
jgi|Aspni_NRRL3_1|11503|NRRL3_11503	NRRL3_11503
jgi|Aspni_NRRL3_1|11504|NRRL3_11504	NRRL3_11504
jgi|Aspni_NRRL3_1|11505|NRRL3_11505	NRRL3_11505
jgi|Aspni_NRRL3_1|11506|NRRL3_11506	NRRL3_11506
jgi|Aspni_NRRL3_1|11507|NRRL3_11507	NRRL3_11507
jgi|Aspni_NRRL3_1|11508|NRRL3_11508	NRRL3_11508
jgi|Aspni_NRRL3_1|11509|NRRL3_11509	NRRL3_11509
jgi|Aspni_NRRL3_1|11510|NRRL3_11510	NRRL3_11510
jgi|Aspni_NRRL3_1|11511|NRRL3_11511	NRRL3_11511
jgi|Aspni_NRRL3_1|11512|NRRL3_11512	NRRL3_11512
jgi|Aspni_NRRL3_1|11513|NRRL3_11513	NRRL3_11513
jgi|Aspni_NRRL3_1|11514|NRRL3_11514	NRRL3_11514
jgi|Aspni_NRRL3_1|11515|NRRL3_11515	NRRL3_11515
jgi|Aspni_NRRL3_1|11516|NRRL3_11516	NRRL3_11516
jgi|Aspni_NRRL3_1|11517|NRRL3_11517	NRRL3_11517
jgi|Aspni_NRRL3_1|11518|NRRL3_11518	NRRL3_11518
jgi|Aspni_NRRL3_1|11519|NRRL3_11519	NRRL3_11519
jgi|Aspni_NRRL3_1|11520|NRRL3_11520	NRRL3_11520
jgi|Aspni_NRRL3_1|11521|NRRL3_11521	NRRL3_11521
jgi|Aspni_NRRL3_1|11522|NRRL3_11522	NRRL3_11522
jgi|Aspni_NRRL3_1|11523|NRRL3_11523	NRRL3_11523
jgi|Aspni_NRRL3_1|11524|NRRL3_11524	NRRL3_11524
jgi|Aspni_NRRL3_1|11525|NRRL3_11525	NRRL3_11525
jgi|Aspni_NRRL3_1|11526|NRRL3_11526	NRRL3_11526
jgi|Aspni_NRRL3_1|11527|NRRL3_11527	NRRL3_11527
jgi|Aspni_NRRL3_1|11528|NRRL3_11528	NRRL3_11528
jgi|Aspni_NRRL3_1|11529|NRRL3_11529	NRRL3_11529
jgi|Aspni_NRRL3_1|11530|NRRL3_11530	NRRL3_11530
jgi|Aspni_NRRL3_1|11531|NRRL3_11531	NRRL3_11531
jgi|Aspni_NRRL3_1|11532|NRRL3_11532	NRRL3_11532
jgi|Aspni_NRRL3_1|11533|NRRL3_11533	NRRL3_11533
jgi|Aspni_NRRL3_1|11534|NRRL3_11534	NRRL3_11534
jgi|Aspni_NRRL3_1|11535|NRRL3_11535	NRRL3_11535
jgi|Aspni_NRRL3_1|11536|NRRL3_11536	NRRL3_11536
jgi|Aspni_NRRL3_1|11537|NRRL3_11537	NRRL3_11537
jgi|Aspni_NRRL3_1|11538|NRRL3_11538	NRRL3_11538
jgi|Aspni_NRRL3_1|11539|NRRL3_11539	NRRL3_11539
jgi|Aspni_NRRL3_1|11540|NRRL3_11540	NRRL3_11540
jgi|Aspni_NRRL3_1|11541|NRRL3_11541	NRRL3_11541
jgi|Aspni_NRRL3_1|11542|NRRL3_11542	NRRL3_11542
jgi|Aspni_NRRL3_1|11543|NRRL3_11543	NRRL3_11543
jgi|Aspni_NRRL3_1|11544|NRRL3_11544	NRRL3_11544
jgi|Aspni_NRRL3_1|11545|NRRL3_11545	NRRL3_11545
jgi|Aspni_NRRL3_1|11546|NRRL3_11546	NRRL3_11546
jgi|Aspni_NRRL3_1|11547|NRRL3_11547	NRRL3_11547
jgi|Aspni_NRRL3_1|11548|NRRL3_11548	NRRL3_11548
jgi|Aspni_NRRL3_1|11549|NRRL3_11549	NRRL3_11549
jgi|Aspni_NRRL3_1|11550|NRRL3_11550	NRRL3_11550
jgi|Aspni_NRRL3_1|11551|NRRL3_11551	NRRL3_11551
jgi|Aspni_NRRL3_1|11552|NRRL3_11552	NRRL3_11552
jgi|Aspni_NRRL3_1|11553|NRRL3_11553	NRRL3_11553
jgi|Aspni_NRRL3_1|11554|NRRL3_11554	NRRL3_11554
jgi|Aspni_NRRL3_1|11555|NRRL3_11555	NRRL3_11555
jgi|Aspni_NRRL3_1|11556|NRRL3_11556	NRRL3_11556
jgi|Aspni_NRRL3_1|11557|NRRL3_11557	NRRL3_11557
jgi|Aspni_NRRL3_1|11558|NRRL3_11558	NRRL3_11558
jgi|Aspni_NRRL3_1|11559|NRRL3_11559	NRRL3_11559
jgi|Aspni_NRRL3_1|11560|NRRL3_11560	NRRL3_11560
jgi|Aspni_NRRL3_1|11561|NRRL3_11561	NRRL3_11561
jgi|Aspni_NRRL3_1|11562|NRRL3_11562	NRRL3_11562
jgi|Aspni_NRRL3_1|11563|NRRL3_11563	NRRL3_11563
jgi|Aspni_NRRL3_1|11564|NRRL3_11564	NRRL3_11564
jgi|Aspni_NRRL3_1|11565|NRRL3_11565	NRRL3_11565
jgi|Aspni_NRRL3_1|11566|NRRL3_11566	NRRL3_11566
jgi|Aspni_NRRL3_1|11567|NRRL3_11567	NRRL3_11567
jgi|Aspni_NRRL3_1|11568|NRRL3_11568	NRRL3_11568
jgi|Aspni_NRRL3_1|11569|NRRL3_11569	NRRL3_11569
jgi|Aspni_NRRL3_1|11570|NRRL3_11570	NRRL3_11570
jgi|Aspni_NRRL3_1|11571|NRRL3_11571	NRRL3_11571
jgi|Aspni_NRRL3_1|11572|NRRL3_11572	NRRL3_11572
jgi|Aspni_NRRL3_1|11573|NRRL3_11573	NRRL3_11573
jgi|Aspni_NRRL3_1|11574|NRRL3_11574	NRRL3_11574
jgi|Aspni_NRRL3_1|11575|NRRL3_11575	NRRL3_11575
jgi|Aspni_NRRL3_1|11576|NRRL3_11576	NRRL3_11576
jgi|Aspni_NRRL3_1|11577|NRRL3_11577	NRRL3_11577
jgi|Aspni_NRRL3_1|11578|NRRL3_11578	NRRL3_11578
jgi|Aspni_NRRL3_1|11579|NRRL3_11579	NRRL3_11579
jgi|Aspni_NRRL3_1|11580|NRRL3_11580	NRRL3_11580
jgi|Aspni_NRRL3_1|11581|NRRL3_11581	NRRL3_11581
jgi|Aspni_NRRL3_1|11582|NRRL3_11582	NRRL3_11582
jgi|Aspni_NRRL3_1|11583|NRRL3_11583	NRRL3_11583
jgi|Aspni_NRRL3_1|11584|NRRL3_11584	NRRL3_11584
jgi|Aspni_NRRL3_1|11585|NRRL3_11585	NRRL3_11585
jgi|Aspni_NRRL3_1|11586|NRRL3_11586	NRRL3_11586
jgi|Aspni_NRRL3_1|11587|NRRL3_11587	NRRL3_11587
jgi|Aspni_NRRL3_1|11588|NRRL3_11588	NRRL3_11588
jgi|Aspni_NRRL3_1|11589|NRRL3_11589	NRRL3_11589
jgi|Aspni_NRRL3_1|11590|NRRL3_11590	NRRL3_11590
jgi|Aspni_NRRL3_1|11591|NRRL3_11591	NRRL3_11591
jgi|Aspni_NRRL3_1|11592|NRRL3_11592	NRRL3_11592
jgi|Aspni_NRRL3_1|11593|NRRL3_11593	NRRL3_11593
jgi|Aspni_NRRL3_1|11594|NRRL3_11594	NRRL3_11594
jgi|Aspni_NRRL3_1|11595|NRRL3_11595	NRRL3_11595
jgi|Aspni_NRRL3_1|11596|NRRL3_11596	NRRL3_11596
jgi|Aspni_NRRL3_1|11597|NRRL3_11597	NRRL3_11597
jgi|Aspni_NRRL3_1|11598|NRRL3_11598	NRRL3_11598
jgi|Aspni_NRRL3_1|11599|NRRL3_11599	NRRL3_11599
jgi|Aspni_NRRL3_1|11600|NRRL3_11600	NRRL3_11600
jgi|Aspni_NRRL3_1|11601|NRRL3_11601	NRRL3_11601
jgi|Aspni_NRRL3_1|11602|NRRL3_11602	NRRL3_11602
jgi|Aspni_NRRL3_1|11603|NRRL3_11603	NRRL3_11603
jgi|Aspni_NRRL3_1|11604|NRRL3_11604	NRRL3_11604
jgi|Aspni_NRRL3_1|11605|NRRL3_11605	NRRL3_11605
jgi|Aspni_NRRL3_1|11606|NRRL3_11606	NRRL3_11606
jgi|Aspni_NRRL3_1|11607|NRRL3_11607	NRRL3_11607
jgi|Aspni_NRRL3_1|11608|NRRL3_11608	NRRL3_11608
jgi|Aspni_NRRL3_1|11609|NRRL3_11609	NRRL3_11609
jgi|Aspni_NRRL3_1|11610|NRRL3_11610	NRRL3_11610
jgi|Aspni_NRRL3_1|11611|NRRL3_11611	NRRL3_11611
jgi|Aspni_NRRL3_1|11612|NRRL3_11612	NRRL3_11612
jgi|Aspni_NRRL3_1|11613|NRRL3_11613	NRRL3_11613
jgi|Aspni_NRRL3_1|11614|NRRL3_11614	NRRL3_11614
jgi|Aspni_NRRL3_1|11615|NRRL3_11615	NRRL3_11615
jgi|Aspni_NRRL3_1|11616|NRRL3_11616	NRRL3_11616
jgi|Aspni_NRRL3_1|11617|NRRL3_11617	NRRL3_11617
jgi|Aspni_NRRL3_1|11618|NRRL3_11618	NRRL3_11618
jgi|Aspni_NRRL3_1|11619|NRRL3_11619	NRRL3_11619
jgi|Aspni_NRRL3_1|11620|NRRL3_11620	NRRL3_11620
jgi|Aspni_NRRL3_1|11621|NRRL3_11621	NRRL3_11621
jgi|Aspni_NRRL3_1|11622|NRRL3_11622	NRRL3_11622
jgi|Aspni_NRRL3_1|11623|NRRL3_11623	NRRL3_11623
jgi|Aspni_NRRL3_1|11624|NRRL3_11624	NRRL3_11624
jgi|Aspni_NRRL3_1|11625|NRRL3_11625	NRRL3_11625
jgi|Aspni_NRRL3_1|11626|NRRL3_11626	NRRL3_11626
jgi|Aspni_NRRL3_1|11627|NRRL3_11627	NRRL3_11627
jgi|Aspni_NRRL3_1|11628|NRRL3_11628	NRRL3_11628
jgi|Aspni_NRRL3_1|11629|NRRL3_11629	NRRL3_11629
jgi|Aspni_NRRL3_1|11630|NRRL3_11630	NRRL3_11630
jgi|Aspni_NRRL3_1|11631|NRRL3_11631	NRRL3_11631
jgi|Aspni_NRRL3_1|11632|NRRL3_11632	NRRL3_11632
jgi|Aspni_NRRL3_1|11633|NRRL3_11633	NRRL3_11633
jgi|Aspni_NRRL3_1|11634|NRRL3_11634	NRRL3_11634
jgi|Aspni_NRRL3_1|11635|NRRL3_11635	NRRL3_11635
jgi|Aspni_NRRL3_1|11636|NRRL3_11636	NRRL3_11636
jgi|Aspni_NRRL3_1|11637|NRRL3_11637	NRRL3_11637
jgi|Aspni_NRRL3_1|11638|NRRL3_11638	NRRL3_11638
jgi|Aspni_NRRL3_1|11639|NRRL3_11639	NRRL3_11639
jgi|Aspni_NRRL3_1|11640|NRRL3_11640	NRRL3_11640
jgi|Aspni_NRRL3_1|11641|NRRL3_11641	NRRL3_11641
jgi|Aspni_NRRL3_1|11642|NRRL3_11642	NRRL3_11642
jgi|Aspni_NRRL3_1|11643|NRRL3_11643	NRRL3_11643
jgi|Aspni_NRRL3_1|11644|NRRL3_11644	NRRL3_11644
jgi|Aspni_NRRL3_1|11645|NRRL3_11645	NRRL3_11645
jgi|Aspni_NRRL3_1|11646|NRRL3_11646	NRRL3_11646
jgi|Aspni_NRRL3_1|11647|NRRL3_11647	NRRL3_11647
jgi|Aspni_NRRL3_1|11648|NRRL3_11648	NRRL3_11648
jgi|Aspni_NRRL3_1|11649|NRRL3_11649	NRRL3_11649
jgi|Aspni_NRRL3_1|11650|NRRL3_11650	NRRL3_11650
jgi|Aspni_NRRL3_1|11651|NRRL3_11651	NRRL3_11651
jgi|Aspni_NRRL3_1|11652|NRRL3_11652	NRRL3_11652
jgi|Aspni_NRRL3_1|11653|NRRL3_11653	NRRL3_11653
jgi|Aspni_NRRL3_1|11654|NRRL3_11654	NRRL3_11654
jgi|Aspni_NRRL3_1|11655|NRRL3_11655	NRRL3_11655
jgi|Aspni_NRRL3_1|11656|NRRL3_11656	NRRL3_11656
jgi|Aspni_NRRL3_1|11657|NRRL3_11657	NRRL3_11657
jgi|Aspni_NRRL3_1|11658|NRRL3_11658	NRRL3_11658
jgi|Aspni_NRRL3_1|11659|NRRL3_11659	NRRL3_11659
jgi|Aspni_NRRL3_1|11660|NRRL3_11660	NRRL3_11660
jgi|Aspni_NRRL3_1|11661|NRRL3_11661	NRRL3_11661
jgi|Aspni_NRRL3_1|11662|NRRL3_11662	NRRL3_11662
jgi|Aspni_NRRL3_1|11663|NRRL3_11663	NRRL3_11663
jgi|Aspni_NRRL3_1|11664|NRRL3_11664	NRRL3_11664
jgi|Aspni_NRRL3_1|11665|NRRL3_11665	NRRL3_11665
jgi|Aspni_NRRL3_1|11666|NRRL3_11666	NRRL3_11666
jgi|Aspni_NRRL3_1|11667|NRRL3_11667	NRRL3_11667
jgi|Aspni_NRRL3_1|11668|NRRL3_11668	NRRL3_11668
jgi|Aspni_NRRL3_1|11669|NRRL3_11669	NRRL3_11669
jgi|Aspni_NRRL3_1|11670|NRRL3_11670	NRRL3_11670
jgi|Aspni_NRRL3_1|11671|NRRL3_11671	NRRL3_11671
jgi|Aspni_NRRL3_1|11672|NRRL3_11672	NRRL3_11672
jgi|Aspni_NRRL3_1|11673|NRRL3_11673	NRRL3_11673
jgi|Aspni_NRRL3_1|11674|NRRL3_11674	NRRL3_11674
jgi|Aspni_NRRL3_1|11675|NRRL3_11675	NRRL3_11675
jgi|Aspni_NRRL3_1|11676|NRRL3_11676	NRRL3_11676
jgi|Aspni_NRRL3_1|11677|NRRL3_11677	NRRL3_11677
jgi|Aspni_NRRL3_1|11678|NRRL3_11678	NRRL3_11678
jgi|Aspni_NRRL3_1|11679|NRRL3_11679	NRRL3_11679
jgi|Aspni_NRRL3_1|11680|NRRL3_11680	NRRL3_11680
jgi|Aspni_NRRL3_1|11681|NRRL3_11681	NRRL3_11681
jgi|Aspni_NRRL3_1|11682|NRRL3_11682	NRRL3_11682
jgi|Aspni_NRRL3_1|11683|NRRL3_11683	NRRL3_11683
jgi|Aspni_NRRL3_1|11684|NRRL3_11684	NRRL3_11684
jgi|Aspni_NRRL3_1|11685|NRRL3_11685	NRRL3_11685
jgi|Aspni_NRRL3_1|11686|NRRL3_11686	NRRL3_11686
jgi|Aspni_NRRL3_1|11687|NRRL3_11687	NRRL3_11687
jgi|Aspni_NRRL3_1|11688|NRRL3_11688	NRRL3_11688
jgi|Aspni_NRRL3_1|11689|NRRL3_11689	NRRL3_11689
jgi|Aspni_NRRL3_1|11690|NRRL3_11690	NRRL3_11690
jgi|Aspni_NRRL3_1|11691|NRRL3_11691	NRRL3_11691
jgi|Aspni_NRRL3_1|11692|NRRL3_11692	NRRL3_11692
jgi|Aspni_NRRL3_1|11693|NRRL3_11693	NRRL3_11693
jgi|Aspni_NRRL3_1|11694|NRRL3_11694	NRRL3_11694
jgi|Aspni_NRRL3_1|11695|NRRL3_11695	NRRL3_11695
jgi|Aspni_NRRL3_1|11696|NRRL3_11696	NRRL3_11696
jgi|Aspni_NRRL3_1|11697|NRRL3_11697	NRRL3_11697
jgi|Aspni_NRRL3_1|11698|NRRL3_11698	NRRL3_11698
jgi|Aspni_NRRL3_1|11699|NRRL3_11699	NRRL3_11699
jgi|Aspni_NRRL3_1|11700|NRRL3_11700	NRRL3_11700
jgi|Aspni_NRRL3_1|11701|NRRL3_11701	NRRL3_11701
jgi|Aspni_NRRL3_1|11702|NRRL3_11702	NRRL3_11702
jgi|Aspni_NRRL3_1|11703|NRRL3_11703	NRRL3_11703
jgi|Aspni_NRRL3_1|11704|NRRL3_11704	NRRL3_11704
jgi|Aspni_NRRL3_1|11705|NRRL3_11705	NRRL3_11705
jgi|Aspni_NRRL3_1|11706|NRRL3_11706	NRRL3_11706
jgi|Aspni_NRRL3_1|11707|NRRL3_11707	NRRL3_11707
jgi|Aspni_NRRL3_1|11708|NRRL3_11708	NRRL3_11708
jgi|Aspni_NRRL3_1|11709|NRRL3_11709	NRRL3_11709
jgi|Aspni_NRRL3_1|11710|NRRL3_11710	NRRL3_11710
jgi|Aspni_NRRL3_1|11711|NRRL3_11711	NRRL3_11711
jgi|Aspni_NRRL3_1|11712|NRRL3_11712	NRRL3_11712
jgi|Aspni_NRRL3_1|11713|NRRL3_11713	NRRL3_11713
jgi|Aspni_NRRL3_1|11714|NRRL3_11714	NRRL3_11714
jgi|Aspni_NRRL3_1|11715|NRRL3_11715	NRRL3_11715
jgi|Aspni_NRRL3_1|11716|NRRL3_11716	NRRL3_11716
jgi|Aspni_NRRL3_1|11717|NRRL3_11717	NRRL3_11717
jgi|Aspni_NRRL3_1|11718|NRRL3_11718	NRRL3_11718
jgi|Aspni_NRRL3_1|11719|NRRL3_11719	NRRL3_11719
jgi|Aspni_NRRL3_1|11720|NRRL3_11720	NRRL3_11720
jgi|Aspni_NRRL3_1|11721|NRRL3_11721	NRRL3_11721
jgi|Aspni_NRRL3_1|11722|NRRL3_11722	NRRL3_11722
jgi|Aspni_NRRL3_1|11723|NRRL3_11723	NRRL3_11723
jgi|Aspni_NRRL3_1|11724|NRRL3_11724	NRRL3_11724
jgi|Aspni_NRRL3_1|11725|NRRL3_11725	NRRL3_11725
jgi|Aspni_NRRL3_1|11726|NRRL3_11726	NRRL3_11726
jgi|Aspni_NRRL3_1|11727|NRRL3_11727	NRRL3_11727
jgi|Aspni_NRRL3_1|11728|NRRL3_11728	NRRL3_11728
jgi|Aspni_NRRL3_1|11729|NRRL3_11729	NRRL3_11729
jgi|Aspni_NRRL3_1|11730|NRRL3_11730	NRRL3_11730
jgi|Aspni_NRRL3_1|11731|NRRL3_11731	NRRL3_11731
jgi|Aspni_NRRL3_1|11732|NRRL3_11732	NRRL3_11732
jgi|Aspni_NRRL3_1|11733|NRRL3_11733	NRRL3_11733
jgi|Aspni_NRRL3_1|11734|NRRL3_11734	NRRL3_11734
jgi|Aspni_NRRL3_1|11735|NRRL3_11735	NRRL3_11735
jgi|Aspni_NRRL3_1|11736|NRRL3_11736	NRRL3_11736
jgi|Aspni_NRRL3_1|11737|NRRL3_11737	NRRL3_11737
jgi|Aspni_NRRL3_1|11738|NRRL3_11738	NRRL3_11738
jgi|Aspni_NRRL3_1|11739|NRRL3_11739	NRRL3_11739
jgi|Aspni_NRRL3_1|11740|NRRL3_11740	NRRL3_11740
jgi|Aspni_NRRL3_1|11741|NRRL3_11741	NRRL3_11741
jgi|Aspni_NRRL3_1|11742|NRRL3_11742	NRRL3_11742
jgi|Aspni_NRRL3_1|11743|NRRL3_11743	NRRL3_11743
jgi|Aspni_NRRL3_1|11744|NRRL3_11744	NRRL3_11744
jgi|Aspni_NRRL3_1|11745|NRRL3_11745	NRRL3_11745
jgi|Aspni_NRRL3_1|11746|NRRL3_11746	NRRL3_11746
jgi|Aspni_NRRL3_1|11747|NRRL3_11747	NRRL3_11747
jgi|Aspni_NRRL3_1|11748|NRRL3_11748	NRRL3_11748
jgi|Aspni_NRRL3_1|11749|NRRL3_11749	NRRL3_11749
jgi|Aspni_NRRL3_1|11750|NRRL3_11750	NRRL3_11750
jgi|Aspni_NRRL3_1|11751|NRRL3_11751	NRRL3_11751
jgi|Aspni_NRRL3_1|11752|NRRL3_11752	NRRL3_11752
jgi|Aspni_NRRL3_1|11753|NRRL3_11753	NRRL3_11753
jgi|Aspni_NRRL3_1|11754|NRRL3_11754	NRRL3_11754
jgi|Aspni_NRRL3_1|11755|NRRL3_11755	NRRL3_11755
jgi|Aspni_NRRL3_1|11756|NRRL3_11756	NRRL3_11756
jgi|Aspni_NRRL3_1|11757|NRRL3_11757	NRRL3_11757
jgi|Aspni_NRRL3_1|11758|NRRL3_11758	NRRL3_11758
jgi|Aspni_NRRL3_1|11759|NRRL3_11759	NRRL3_11759
jgi|Aspni_NRRL3_1|11760|NRRL3_11760	NRRL3_11760
jgi|Aspni_NRRL3_1|11761|NRRL3_11761	NRRL3_11761
jgi|Aspni_NRRL3_1|11762|NRRL3_11762	NRRL3_11762
jgi|Aspni_NRRL3_1|11763|NRRL3_11763	NRRL3_11763
jgi|Aspni_NRRL3_1|11764|NRRL3_11764	NRRL3_11764
jgi|Aspni_NRRL3_1|11765|NRRL3_11765	NRRL3_11765
jgi|Aspni_NRRL3_1|11766|NRRL3_11766	NRRL3_11766
jgi|Aspni_NRRL3_1|11767|NRRL3_11767	NRRL3_11767
jgi|Aspni_NRRL3_1|11768|NRRL3_11768	NRRL3_11768
jgi|Aspni_NRRL3_1|11769|NRRL3_11769	NRRL3_11769
jgi|Aspni_NRRL3_1|11770|NRRL3_11770	NRRL3_11770
jgi|Aspni_NRRL3_1|11771|NRRL3_11771	NRRL3_11771
jgi|Aspni_NRRL3_1|11772|NRRL3_11772	NRRL3_11772
jgi|Aspni_NRRL3_1|11773|NRRL3_11773	NRRL3_11773
jgi|Aspni_NRRL3_1|11774|NRRL3_11774	NRRL3_11774
jgi|Aspni_NRRL3_1|11775|NRRL3_11775	NRRL3_11775
jgi|Aspni_NRRL3_1|11776|NRRL3_11776	NRRL3_11776
jgi|Aspni_NRRL3_1|11777|NRRL3_11777	NRRL3_11777
jgi|Aspni_NRRL3_1|11778|NRRL3_11778	NRRL3_11778
jgi|Aspni_NRRL3_1|11779|NRRL3_11779	NRRL3_11779
jgi|Aspni_NRRL3_1|11780|NRRL3_11780	NRRL3_11780
jgi|Aspni_NRRL3_1|11781|NRRL3_11781	NRRL3_11781
jgi|Aspni_NRRL3_1|11782|NRRL3_11782	NRRL3_11782
jgi|Aspni_NRRL3_1|11783|NRRL3_11783	NRRL3_11783
jgi|Aspni_NRRL3_1|11784|NRRL3_11784	NRRL3_11784
jgi|Aspni_NRRL3_1|11785|NRRL3_11785	NRRL3_11785
jgi|Aspni_NRRL3_1|11786|NRRL3_11786	NRRL3_11786
jgi|Aspni_NRRL3_1|11787|NRRL3_11787	NRRL3_11787
jgi|Aspni_NRRL3_1|11788|NRRL3_11788	NRRL3_11788
jgi|Aspni_NRRL3_1|11789|NRRL3_11789	NRRL3_11789
jgi|Aspni_NRRL3_1|11790|NRRL3_11790	NRRL3_11790
jgi|Aspni_NRRL3_1|11791|NRRL3_11791	NRRL3_11791
jgi|Aspni_NRRL3_1|11792|NRRL3_11792	NRRL3_11792
jgi|Aspni_NRRL3_1|11793|NRRL3_11793	NRRL3_11793
jgi|Aspni_NRRL3_1|11794|NRRL3_11794	NRRL3_11794
jgi|Aspni_NRRL3_1|11795|NRRL3_11795	NRRL3_11795
jgi|Aspni_NRRL3_1|11796|NRRL3_11796	NRRL3_11796
jgi|Aspni_NRRL3_1|11797|NRRL3_11797	NRRL3_11797
jgi|Aspni_NRRL3_1|11798|NRRL3_11798	NRRL3_11798
jgi|Aspni_NRRL3_1|11799|NRRL3_11799	NRRL3_11799
jgi|Aspni_NRRL3_1|11800|NRRL3_11800	NRRL3_11800
jgi|Aspni_NRRL3_1|11801|NRRL3_11801	NRRL3_11801
jgi|Aspni_NRRL3_1|11802|NRRL3_11802	NRRL3_11802
jgi|Aspni_NRRL3_1|11803|NRRL3_11803	NRRL3_11803
jgi|Aspni_NRRL3_1|11804|NRRL3_11804	NRRL3_11804
jgi|Aspni_NRRL3_1|11805|NRRL3_11805	NRRL3_11805
jgi|Aspni_NRRL3_1|11806|NRRL3_11806	NRRL3_11806
jgi|Aspni_NRRL3_1|11807|NRRL3_11807	NRRL3_11807
jgi|Aspni_NRRL3_1|11808|NRRL3_11808	NRRL3_11808
jgi|Aspni_NRRL3_1|11809|NRRL3_11809	NRRL3_11809
jgi|Aspni_NRRL3_1|11810|NRRL3_11810	NRRL3_11810
jgi|Aspni_NRRL3_1|11811|NRRL3_11811	NRRL3_11811
jgi|Aspni_NRRL3_1|11812|NRRL3_11812	NRRL3_11812
jgi|Aspni_NRRL3_1|11813|NRRL3_11813	NRRL3_11813
jgi|Aspni_NRRL3_1|11814|NRRL3_11814	NRRL3_11814
jgi|Aspni_NRRL3_1|11815|NRRL3_11815	NRRL3_11815
jgi|Aspni_NRRL3_1|11816|NRRL3_11816	NRRL3_11816
jgi|Aspni_NRRL3_1|11817|NRRL3_11817	NRRL3_11817
jgi|Aspni_NRRL3_1|11818|NRRL3_11818	NRRL3_11818
jgi|Aspni_NRRL3_1|11819|NRRL3_11819	NRRL3_11819
jgi|Aspni_NRRL3_1|11820|NRRL3_11820	NRRL3_11820
jgi|Aspni_NRRL3_1|11821|NRRL3_11821	NRRL3_11821
jgi|Aspni_NRRL3_1|11822|NRRL3_11822	NRRL3_11822
jgi|Aspni_NRRL3_1|11823|NRRL3_11823	NRRL3_11823
jgi|Aspni_NRRL3_1|11824|NRRL3_11824	NRRL3_11824
jgi|Aspni_NRRL3_1|11825|NRRL3_11825	NRRL3_11825
jgi|Aspni_NRRL3_1|11826|NRRL3_11826	NRRL3_11826
jgi|Aspni_NRRL3_1|11827|NRRL3_11827	NRRL3_11827
jgi|Aspni_NRRL3_1|11828|NRRL3_11828	NRRL3_11828
jgi|Aspni_NRRL3_1|11829|NRRL3_11829	NRRL3_11829
jgi|Aspni_NRRL3_1|11830|NRRL3_11830	NRRL3_11830
jgi|Aspni_NRRL3_1|11831|NRRL3_11831	NRRL3_11831
jgi|Aspni_NRRL3_1|11832|NRRL3_11832	NRRL3_11832
jgi|Aspni_NRRL3_1|11833|NRRL3_11833	NRRL3_11833
jgi|Aspni_NRRL3_1|11834|NRRL3_11834	NRRL3_11834
jgi|Aspni_NRRL3_1|11835|NRRL3_11835	NRRL3_11835
jgi|Aspni_NRRL3_1|11836|NRRL3_11836	NRRL3_11836
jgi|Aspni_NRRL3_1|11837|NRRL3_11837	NRRL3_11837
jgi|Aspni_NRRL3_1|11838|NRRL3_11838	NRRL3_11838
jgi|Aspni_NRRL3_1|11839|NRRL3_11839	NRRL3_11839
jgi|Aspni_NRRL3_1|11840|NRRL3_11840	NRRL3_11840
jgi|Aspni_NRRL3_1|11841|NRRL3_11841	NRRL3_11841
jgi|Aspni_NRRL3_1|11842|NRRL3_11842	NRRL3_11842
jgi|Aspni_NRRL3_1|11843|NRRL3_11843	NRRL3_11843
jgi|Aspni_NRRL3_1|11844|NRRL3_11844	NRRL3_11844
jgi|Aspni_NRRL3_1|11845|NRRL3_11845	NRRL3_11845
jgi|Aspni_NRRL3_1|11846|NRRL3_11846	NRRL3_11846